        -1.2709964336        3.3087553773        0.2338541697
         2.6798868838       -2.8347645023       -0.7881663779
         1.5430359084        2.4790733550        2.7040941587
         1.9349527388       -1.3358858730        2.6625830854
        -0.6906572769        2.0483348851       -3.3415874156
         1.0689846760        0.5122520407       -0.4314534954
        -2.7787328026        0.0527647677       -0.9848602302
        -0.8176850557       -2.7883168490        0.5007694886
        -1.4791269290        0.3033767356        2.5326341754
        -0.1896617092       -1.7455899371       -3.0878675588
