        -0.5425800559        4.4987575204        8.0622624600
        8.4886104548       -5.5519002943        0.6380911573
       -7.6926343891        4.1265251351        2.6520096616
        0.7139081763       -6.0761495084       -5.4865091819
        7.2817365515        5.5042608674       -2.0748242901
       -4.7247872306        1.8093092708        3.1903810130
       -4.4796318325       -6.5571801975       -2.0152940590
       -6.7808123114       -3.1444894524        3.2179847586
        2.1905257900        3.3791021650        5.8281093263
        0.1537296250       -0.6657910002        1.9595538530
       -0.8044617206       -3.2085448286       -7.4886233853
       -8.1413688613        0.4817170471        3.6848037565
        1.1937515293        0.0457394578       -7.1264985877
       -1.1539237143       -5.0387265477       -2.5297961133
        6.4053739438        3.9730872714        1.1461337395
       -3.3197428189       -1.9325793145        2.5894194933
        1.0528115788       -2.4512111591       -4.2821501340
        4.2481202191       -5.7581843250       -4.2910049611
       -7.3473361247        2.6024195840       -3.3727152418
        1.1552261214        7.7073095827       -2.6055767333
        2.6564603347       -3.3482873696        2.4651628857
        2.3123995171       -5.7366446212        5.2485802813
       -4.3382521115        0.4711552164       -2.5004376977
       -2.1984023761        7.4274957260       -0.9530414648
       -2.3256470796        3.8294278482       -1.9653861481
        8.9265485258        2.1477207049       -1.4160272623
       -2.1031407620       -1.9773385811        7.8333113224
        3.0355439527       -3.3983182577       -7.1057395076
       -2.5758110413        8.2855446370        2.7148301266
        4.2708511799        0.4468170004        7.5282736991
       -0.3634956184       -3.1038638492        4.6646669818
       -5.1851070348       -0.7762679648        5.8187577866
        0.9700401798        8.4229147421        1.3547304312
        0.9804127946        4.2232496527       -3.6908326637
        0.6309463308        1.8245498679       -0.9227489780
       -1.6895397993        0.3922706217        5.0153621872
        2.7178506457       -1.0120626438       -0.4804946185
       -7.2252254586       -4.3356885017       -0.4409589257
        8.0218751687       -2.8732893168        3.1648420860
       -3.1166531806       -5.7609076851       -5.6223281790
        4.1559592205        7.0212621074       -0.4083451911
       -2.7610797874        4.7994035346        1.6923878017
       -0.8168085993       -1.4623346235       -1.4520031233
       -0.7192703852       -4.1970128214        1.0480662323
        6.1751498210        2.6224262456       -4.2085743100
        1.3402755743        6.6976553600       -6.4161844032
       -5.5606808931        3.2268478766       -0.2068143867
       -6.1104077471       -0.5052677178        0.6825163747
        7.5592123160       -4.4524766514       -2.7912659886
       -9.5942198748       -1.8383926701        1.0168725293
       -3.8202714262       -4.3695186986        5.3462377424
       -2.7772435256       -2.1831025689       -4.5475045078
       -2.5470805090        1.1289844376        0.5467249979
        6.6944889266       -3.4877934712       -6.2834074897
        4.9918156433       -0.1356999288       -6.5450629322
        5.1661257427       -0.6732816281        2.7291538106
       -4.6321498927       -3.0213916676       -7.6752592895
       -1.6483916744       -8.5709097403       -3.6365221067
        1.7295986391       -7.8649066614       -2.1980238095
        7.8799097004       -0.7025301705       -3.8831930293
       -0.9858000196        1.0380661839       -4.1942730444
       -2.7181813940        3.9300504756        5.2616231809
        5.5385574850        2.6143867319        4.5210478703
       -6.3476855546        2.9791584367        6.1480516264
        0.0168933882        6.2586165752        4.4794658751
        0.7208184467        5.1381346721        0.1529282191
        5.1314541576       -6.7853154394       -0.7363027858
       -2.6416684896        0.2232419053       -7.4257649961
        5.8411486372        0.5397934940       -0.8431725195
       -7.9272360940       -1.0547620963       -2.4037415393
        4.6150519345       -2.2423284648       -3.4266707726
       -4.1960404952       -5.5595815548        1.6932269729
        1.7636749022       -2.6350526709        7.6173671884
        3.1781899305        2.0638180380        1.7056682054
        4.2735176284        6.0817033714       -4.1880227167
        3.9018554956        3.5899514481       -1.4989551923
       -5.2940840128        5.8671013911       -2.8767661023
        2.2465268457       -4.4224865608       -1.3099161833
        0.4494498545        0.8648784562        8.0100038546
        3.1893496615        3.2920317348       -6.5668042301
       -6.0230994386       -0.2058244394       -5.6357538463
        2.0251578131       -6.9087319579        1.5517021278
       -1.1288495527       -6.6707101937        3.7728656519
        7.5354108676       -0.2444868193        5.7609784471
       -4.0303580745        3.0945088009       -5.2435187417
        2.1726559004       -0.1542203448        4.7547845649
       -5.6153702878        6.9417166478        0.7570230630
        0.0071457672        2.8717661828        2.9745221843
       -1.4165759226       -7.7160977431        0.0700986098
        8.8890159011       -1.7174401627       -0.3928363499
        5.4414306849       -5.7179456125        2.9642765111
       -3.9774304918       -2.9581307754       -1.0031741304
       -6.0368628277       -3.7893490653       -4.1175194283
        8.3407712061        0.9511025083        2.2086439852
        2.7760329293        0.8777360317       -3.7661354243
       -5.2859731072        6.2998341984        4.4309401752
       -0.6370736934        3.4791418692       -6.9802385223
       -9.0144806580        1.7227650573        0.0294296394
        5.6032670216       -3.2305379654        0.1335435764
       -1.9578129452        6.3406998813       -4.6524582367
       -3.2889543924        1.6772375218        8.1153549778
        3.3025253381        5.4913544751        2.8754320261
       -0.7974398463       -5.5165869050        7.4131808906
        4.9059203098       -2.9443977407        5.5886483335
       -8.5479451759        5.3212813811       -0.9448607902
