         3.6798375052        1.0427078694       -0.0724055928
        0.1140065660        0.3245590211        0.1824794394
       -0.9708486110       -2.7638528306       -1.5539441992
       -2.2868115528        3.0661023807        0.0565220711
       -3.4674872947       -0.5620907845        0.3339753100
       -1.6414523159        1.0140037365        3.3031979254
        1.0019265164        3.0838423909       -2.0297157160
        2.4207862998       -2.5589070887        0.2067406961
        1.7839043539       -0.5337639476       -2.9972879073
       -1.8552489372        0.7003363527       -2.9186528051
        2.0461396316       -0.2365230250        3.2235161417
       -0.8247521613       -2.5764140749        2.2655746367
