         1.5627842455       -7.0054490444       -8.4226061561
         3.2032387703        3.7347712154        2.1306319085
         2.0133551657        1.4907497954       -4.6866284033
        -1.3294570345       -4.7929951297        0.4860949832
         8.1202935874        2.3091966861        6.1177139928
        -9.0749483916       -0.8277105522        0.1117138331
        -4.4901031995        0.8508705519       -7.6137940657
        -1.5391511115        2.0726857936       -5.8404428587
        -2.7067418006       -7.8281915118       -3.3459557397
        -4.1013295061        3.4108106746        3.0948688928
        -9.4770355832       -0.6648376604       -3.6843030910
        -6.9109349486        5.7331147445        3.0212052167
         1.0109642528        4.2081753651        8.3321263319
        -2.5458369359        4.9257416700        9.2811970224
         1.3734282527        3.0975913229       -7.9698453519
        -1.0830613550        6.6442162348        6.1841743178
        -7.0219686856        1.9332422147       -5.0734745488
        -0.8494824976        0.3974174927       -2.6508210880
         2.2886903653        0.6201786082        8.7458737379
         4.2497578311       -7.3717405103       -5.7916340497
        -5.8358541603        0.2632397231        1.8807279756
         8.1955177704       -1.4575453981       -3.2096144065
        -4.9187728994        2.1750720136        8.3287656686
        -1.8113443560       -6.1484116632       -6.6457174009
         3.5896498511       -5.9416977862        3.5766104799
        -7.3092280388       -0.5641663569        7.4372679749
        -0.0800291394       -2.4825873542        9.0449826823
         1.1068282036        6.0869768308       -0.0025491814
        -0.4932163403       -1.3713899164        0.4443273334
         3.9519808960       -5.3682549970       -2.6724818213
         5.0987693436        1.2447714488        4.2389381371
         2.0901534844        0.1647714207        2.3793614841
         5.1330401072       -2.3757385806       -1.0954814215
         3.3714681412       -9.0140215688       -2.4032507456
        -7.0844268652       -3.2162820576       -2.3194220044
        -4.3746501007        0.2324476164        5.2023855690
         2.8286694845       -1.3832861983        5.7572961029
         0.5855911390       -3.0822414113        3.4581810693
         1.3622772930       -4.9611519199       -5.3448445135
         8.4201376582        1.9742018394       -1.4402106199
        -0.3958796708        4.6129937370        3.1564992616
         4.0557673034        7.3384763691        1.9338452568
        -1.3584520427        1.2079699085        9.3212589902
         1.7134583128       -8.1379960710        0.9365190420
         7.8228070680       -1.1796244815        4.3720570848
        -3.7391109939       -1.5955415338        8.2842127442
         0.3261118656        2.5041636916        0.1848261432
        -6.2742567001        0.3418452058       -1.8885068937
        -1.7382553245        8.5379412019       -0.2222595880
         8.2159557350       -1.3304730446        0.6436390293
        -3.9858430336       -5.8142718695        2.9408418671
        -4.6827393497       -5.7829700352       -0.9200105196
        -9.1833322195        2.6034737102       -1.9070610993
         2.7290949147       -0.4793923198       -7.8665561563
         0.5477370181        7.7757985966       -3.2705900719
        -2.5019499578        4.9285604991       -0.0140495972
         1.6200788670       -4.8231868617        6.5573864879
         5.3890072346        1.0894927856        0.5641925462
         6.1414906158        4.8603071170        4.0664106399
        -4.7559690429        5.4116161389        6.1872223671
         2.5257637490        0.0344843125       -1.2716729154
        -0.1236299454      -10.2487744325       -1.7934048016
         2.5723117340        5.8755955176        5.1940471820
         3.6513037672       -2.9301309721        9.1023344251
        -6.7216334757       -1.8455041323       -5.9237271994
        -0.2441903120        4.1439860489       -3.0152172071
         3.3481271286        3.5756644287       -1.7039515273
         7.8880986960       -4.6843455885       -1.2240819094
        -0.1315774960       -1.5416559889       -5.6029655455
        -6.5714978250       -3.3611584900        1.5111234186
         0.6668755409       -8.6704312175       -5.1405504853
         4.9686043615        2.4919511738       -6.6843125938
        -4.5110040276        4.5697980094       -6.3210159251
        -3.2755955736        7.0968572213        3.0289283314
        -2.2235070129        3.6001766129       -9.1434600261
         5.5544974373       -3.8055184940        5.9185656501
         4.6477326736       -2.2422994616        2.5393363101
        -1.3954479455        1.0128752327        3.0525856389
         4.0497047483       -4.0525860613       -7.7194297892
         2.8007132015        5.2114077754       -5.0436216114
        -3.8562037845        2.9390732327       -3.1491764185
         0.3305800887       -3.4934222288       -8.6745224649
         7.2675507099       -4.6139066647        2.5332671286
         5.2584572954       -6.9356625671        0.3289132693
        -2.1167343334       -4.0392930805       -3.4499769054
         6.3588437728        4.7550152368        0.2238398227
        -3.8353391342       -2.2085954300       -0.7846199378
        -8.8960204868        2.5238878020        1.9015539802
        -5.3778200524        7.2819906990       -0.2031303596
        -3.1417746858        6.6450441693       -3.3115477257
         5.8786446995       -0.3088675247        7.5943036604
         4.6002002322        3.3305329491        7.2723800803
        -3.1045383783        1.2802984137       -0.0652670770
         4.1619327147        7.1528843329       -1.9468361274
        -3.0887008723       -2.2714023606        2.8643689505
         3.6503867772       -2.0354806435       -4.5633742703
        -0.9414150278        0.0513303775       -8.8881828889
        -0.7503410520       -0.6774751193        6.0653219533
         1.0260674442       -2.9479736067       -2.3281233089
        -5.1417607474       -5.1639760017       -4.8895941668
         8.4604322549        1.7684159733       -5.2550996379
        -3.2166197111       -2.7443416406       -7.2922941786
         2.3845039101       -4.3854072997        0.5894387750
         5.4250564956        0.8856983939       -3.3325213377
         6.3943621062       -1.0539183070       -6.6932722823
        -7.1714786161        2.5682729369        5.2134110557
        -0.8418784855        5.7572843141       -6.2785540403
        -5.7546142358       -3.2307839148        5.2529333117
        -0.3027124059       -6.5925523491        3.6478977311
         6.3627152587        4.4949033828       -3.6420045192
        -1.9329328489        2.9877438076        6.1702169634
         8.3539207926        2.1576896073        2.3776113125
        -8.9350288383        5.8861796161       -0.1313978133
        -6.0100704756        3.6073295194       -0.0628857447
        -2.1002911614       -4.1496857363        5.9900084677
         0.4222896675        8.2248845381        2.9983866860
         0.4507856530       -6.5770379359       -2.0737573113
        -6.7585236248        5.3133190243       -3.2613398603
        -8.5111073845       -0.8649531443        3.9098331471
        -2.1590994319       -8.2658377826        0.5924774454
         1.9016507403        9.6768214441       -0.2146624135
        -3.7693561128       -0.7770348414       -4.2368537742
         6.6389506435       -4.4202316968       -4.9161567071
         1.5929541788        2.2121044723        5.3269995206
         6.8536835354       -7.7549822510       -3.0687661900
