        -4.7005769036        0.5906798359        9.6622439207
        -8.1789635413        7.3573286253        1.0925220150
        -7.1657371706       -1.7241500358       -1.9359952704
        -2.6716242714        2.5779950932       -4.7718905371
        -1.1043892759       -0.3095645289        9.1432274417
         2.0756459141       -1.6961088894       -6.7630600312
        -7.1225580475        5.2661675980        4.0354370307
        -2.8664044037       -6.1615351020        5.9703480727
         0.3794192783        2.3198159616        1.4236520397
        -3.2005382125       -6.4346102715       -4.5067511165
         5.4935745352       -0.4465040614       -7.5577716281
        -2.3342000667       -7.1930752548       -0.8350780869
         1.2479848632        8.4358936545       -2.5615370363
        -5.2812349908        5.9223460329       -4.7019663504
         6.2027006096       -2.0269154269        8.0103729112
         7.9529215143       -2.5468685406        1.6038139461
         1.3592741331        2.3986369917        7.7762793374
        -4.2789263288       -0.5431599287       -8.0480357371
        -1.2695748915       -7.6053608069        2.8464361481
        -4.6411567856        7.8119769066        2.4393787693
         3.8979879839       -1.5259218866        5.1410340811
        -3.8383178531       -2.8489288125        7.9144224305
         8.1169844727       -4.6622239712       -1.6455295370
        -3.5421124045        5.6651072533        5.4567307672
        -0.2153900151        2.1179361911       -2.2332706021
         1.1085210317       -4.1081160355        4.1816249951
         0.0837747699        5.9071061955        6.7375458192
        -1.0897407221       -4.2544549140        1.1663545069
         2.7155689790        1.9383908934        4.2682273207
        -2.1684616090        0.0741158071        2.7862317764
         6.0638682991       -6.3508511516       -4.4880256942
         1.9103990720       -6.4048062735        1.4986459188
         4.9286233021        6.6073515505        2.7652636058
         6.7776963436       -4.1577532839        4.9570626025
         0.1824094697       -0.6066875604        5.7262869779
        -3.0144385632        2.1502618074       -0.0414202813
        -5.6926112840       -1.0069374898        3.5047026128
        -5.0935044873        3.1088621260       -7.3562727400
         5.1194095230        0.0353768392        1.9652428473
        -7.4773770698       -3.6074550562        1.3907731468
         0.1612683439        5.2184164072       -4.2112809037
         0.5590011109        8.2257493275       -6.3420227532
         8.9141065562       -0.9163943358       -1.7889289562
        -2.1135451295        5.1090520365        1.9482673434
         2.4844377675        8.3966518124        5.0696029806
         1.4554501641       -1.0416101913        2.3985015607
        -3.4067978113        0.3437183987        6.2020119792
         3.6255044672        6.5059366188       -4.9214605637
        -4.8797000870       -3.0435169732       -4.8699348560
        -1.7003104828        8.2887686329       -0.0568304729
         1.8904534174        8.4805685247        1.2686459161
        -6.1017354285       -4.1850965521        5.1741362674
         4.7341556151       -4.2139809087       -7.3957658798
        -8.1952265416        5.4765925626       -2.1440581884
        -0.2795037859       -8.8279222984       -3.8939769458
         6.1662511138        1.6266503507       -1.3454379033
         1.4288256725        4.7603009458       -7.6763370516
        -6.9312933855       -0.7696197457        6.9823428809
         1.4181578812        5.3592159914        3.2544025890
         0.7939656686        5.3931692735       -0.5181242367
        -6.5076052820        0.3231369377       -5.1229583737
         3.2042686369        3.4922981030       -2.8222512779
        -9.5196197413       -0.3803965438        1.0157122457
        -1.0697887627        8.1410631980        3.7746255784
         5.0374284457        1.4741981844        7.1113458622
        -0.9512252462       -7.4505487495       -7.3425368627
        -0.0592571797       -4.4259676360       -5.2753191162
         1.0950080632        1.7054627622       -5.5540671165
         4.2462370994       -6.9388073872        4.2509536135
         0.9306198438       -6.0037312522       -2.1337151233
        -8.9696830221        1.6005454741       -2.2326082736
        -2.0815902985       -3.6672253164       -2.3850945113
         6.2925102953        3.1541784844        3.8308054127
        -2.2581097955        5.6911926802       -6.9245059867
        -5.2729754948        7.8910946945       -1.4015967316
        -6.2802009175        0.9509966749        0.4821739489
         4.3461258009        6.6801610617       -1.0938117157
        -1.4443227881        2.1908439487       -8.2362806745
        -0.2200279890       -3.7907408963        7.6202575621
         7.0804936033       -6.2866245259        1.7345456939
         6.6630678628        4.6843000270       -3.4425344052
         1.1421178074       -4.6676105826       -8.7598410071
         2.5203947049       -6.9463435038       -5.8836499837
         7.3199199348        4.7343840029        0.4161654276
         0.8105916919       -7.1599410706        6.0340729293
        -2.6852416617       -4.0747811974       -7.7340090484
         7.4805771085       -0.3912790341        4.7753463127
        -2.4872800161       -3.0469648158        4.3527801018
        -2.3427084172        3.2855235703        8.2753325817
        -4.6232407586        2.6640668415        3.4479741188
        -5.5952097301        4.7574692991        0.5496872545
         8.6166788344        1.2293001828        1.4381519791
         3.8547434727        3.5549262275        0.9702893649
        -0.9293292121       -0.9033573649       -0.3529320347
         7.6407212479        1.2054472350       -4.7901685779
        -4.1923320989       -2.2534833434        0.4772861936
         3.4738912781       -3.8229693115       -3.9351820548
         4.4589775819       -9.0169041705        0.9560838318
        -9.2163976175       -2.1078101910        4.3457599882
         3.4981886286       -4.6027677610        7.0976099430
         2.3042754928        1.2674935495       -8.9799945210
        -1.7174958054       -0.9392441895       -5.6430615986
         2.7031299338        0.4732637628       -0.7470356361
         4.2061488467       -0.0035378415       -4.1302169331
         5.4597419155       -2.0764019816       -1.1968561165
         4.4142332384       -3.6870548737        2.2313152413
         3.7829280729        4.9689275862        6.1273218038
        -5.4110028034       -5.0859554912       -1.5735969836
        -5.6141115835        2.9010992864       -2.6885322179
        -4.3745988913       -5.6362056270        2.1751006451
         9.6207416978        2.8084298793       -1.9228397622
        -0.9846152979        2.9150897381        4.8445406187
         4.5865913028        3.0525247886       -6.3273792998
        -8.2455515322        3.6244760667       -5.3856170195
        -8.2065507651        1.5697371238        4.1395643633
         2.5440802320       -1.1719182470        8.5763485608
        -2.3287014356        8.2224836069       -3.9107021461
        -5.9439491251        2.9843699919        6.9187716588
         0.8782852533       -1.3707059399       -3.3306575755
        -9.0087897911        3.5300881834        1.0499103908
         0.7017271525       -9.3636957717       -0.2083089946
        -3.7514469311       -0.3013140106       -2.6526394769
         2.0263539439       -3.1451613412       -0.4063001099
         4.6210506556       -5.7440973716       -0.9841069872
        -2.7184368793        5.1904490390       -1.9418690128
         3.4840473702       -8.7487359141       -2.7383138421
        -0.6326308449       -1.3001042431       -9.2173346166
         6.9559105852       -2.5840548041       -4.6854416802
         1.7604824159       -9.7098633264        3.4430874013
         7.1893473418       -8.3627265229       -1.5200624215
