        -0.2575042706        5.9411754184        1.7399938218
         0.6216293057       -7.0654043287       -5.3627439088
        -1.0890463513       -4.9515491956       -8.0943767944
         6.8523181055        6.6289231757        0.5708920403
        -3.9004981810        8.6538083143       -1.0585474678
        -4.0316961609        5.8289229150        1.3623775671
         0.5398050794        1.7564144804       -5.9173536487
         1.4275269866        3.9574551144        4.5488644756
         0.6925411768       -1.8978669592       -6.9285981948
         6.8906185903        0.2208341703       -6.6100989198
        -4.9512735804        3.4370336829       -1.4363650210
        -6.8523178321       -6.6289236579       -0.5708926036
         0.3771676016        5.3784795018       -4.7975718519
        -2.5672909736       -0.4621200153       -5.6202238057
         9.1449683378       -0.4019845392        2.7259442071
         1.6688513105       -8.4258061779        4.1765452612
         7.3702902188       -5.3218258482       -2.9291276216
         0.3333280515       -0.9134651484       -3.3348137682
        -3.6607053450       -6.0544221427        6.4160749784
         1.0890465305        4.9515505378        8.0943762428
        -0.1815350526       -2.5887237093        2.3091266047
        -2.7546756547        4.8927578618        7.7262851042
        -3.8816699197       -2.4029728411        7.6304489732
        -0.6925408085        1.8978680048        6.9285982235
        -6.5158804630       -5.5342249512       -4.2589266491
         4.6937690182        2.5041416265        3.1763593256
        -9.1449679891        0.4019837037       -2.7259435603
         2.5672910840        0.4621211209        5.6202236665
        -5.7703579125        3.3890991475        5.8551139518
        -7.3702908044        5.3218247749        2.9291278935
         2.7264374095       -3.2097271827        4.5448480560
        -3.9808296994        1.3315472160        8.5792059408
        -1.5227619018       -9.0003070015       -2.8104219708
        -2.3004146526        8.9418288223        2.4442976797
         2.3004139296       -8.9418290270       -2.4442982077
         4.4448639483       -6.8825502399       -4.9088167116
         0.0687958574       -8.8642114441        0.6974313466
         8.1358944278        3.1687475907        1.6827505325
        -6.7301272376       -3.9237166493        5.5256353862
         5.0273870365        3.5896649225       -0.4807661458
         3.1001994983        0.5626695696       -1.4624211874
         3.4407139521        3.3040581694       -3.9542552675
         5.6751747339       -3.7339676290        6.7136192234
        -1.8441775533        5.6555688594       -1.7334952204
         2.5585678629       -5.9592933241        7.0116586075
        -5.5146835352        0.0310871900       -7.7980833234
        -1.9673317848       -5.7138687044        1.3684890244
        -6.4411495731       -1.1690352452        3.0384098482
        -2.3839819670        3.8991550055        4.1838583593
        -3.1001991242       -0.5626698626        1.4624215415
         5.5146834800       -0.0310863121        7.7980833434
        -5.6751749325        3.7339679345       -6.7136188041
        -5.2848907517        2.3515097451        2.2207605593
        -3.5998598051        0.3677897591        5.0296310655
        -1.6688518283        8.4258063143       -4.1765452886
        -3.2220335653       -6.9998203181       -5.6430319821
         3.8816699433        2.4029724193       -7.6304486329
         4.9512734446       -3.4370336170        1.4363652316
        -9.4796067195       -0.6868630193        0.9423762157
        -8.1358939294       -3.1687483948       -1.6827505319
        -0.3333278867        0.9134657713        3.3348137684
        -4.4448645780        6.8825501086        4.9088166518
         8.3302101963        4.2117361196       -2.0227892403
         1.9673316758        5.7138690078       -1.3684889680
         2.4343320779       -2.3063646293        8.2352957908
         2.2384434171        1.4266755926        9.1747901480
        -3.7664004988       -8.7710794752        0.3243328418
         7.0338531767       -6.4165233989        0.7589063134
        -0.8949125911       -0.8106094804        9.4744311306
         2.1748708761        8.4845988501       -3.8084547198
         9.4796073099        0.6868613436       -0.9423757554
         3.7664007065        8.7710798370       -0.3243335170
        -0.7352793599       -4.4936971617        8.3957639221
         1.9405015518       -2.8055273779       -0.6557278651
         1.6948954681        2.8611339290        1.0038689478
        -5.3436515028       -6.4559454829        2.9717925332
         3.5214108360        5.9444539868        2.0856948627
         2.3839819303       -3.8991546954       -4.1838581213
         2.7546755855       -4.8927572176       -7.7262850256
        -2.2384432232       -1.4266743074       -9.1747901165
        -0.5398050437       -1.7564137941        5.9173535248
         8.5898906204       -1.7796516820       -3.7774890610
         4.0316955117       -5.8289232401       -1.3623774713
         4.8758543562       -6.2996298641        3.9504553609
         1.8441772466       -5.6555687615        1.7334951551
         3.5998603153       -0.3677899578       -5.0296307693
         0.1815351540        2.5887239477       -2.3091264373
        -6.8906179835       -0.2208352793        6.6100991438
        -2.5585682337        5.9592939421       -7.0116584527
        -2.4343323071        2.3063657857       -8.2352961998
        -4.8758551204        6.2996299581       -3.9504552514
        -1.4275268918       -3.9574540726       -4.5488649903
         3.9004973727       -8.6538087840        1.0585473924
         0.2575039282       -5.9411752317       -1.7399941378
        -5.0273867429       -3.5896655511        0.4807662885
        -8.5898900333        1.7796501323        3.7774892984
        -7.0338541528        6.4165228786       -0.7589060015
         6.1671514235        0.0943312724        0.5905928691
        -6.1671509236       -0.0943320968       -0.5905924066
        -3.4407139191       -3.3040588005        3.9542558894
        -1.6948952719       -2.8611336220       -1.0038690785
         6.5158804457        5.5342252591        4.2589260279
         4.4491476863        3.5454145914        6.8337770584
         3.9808298997       -1.3315468907       -8.5792060715
        -4.4491477792       -3.5454135677       -6.8337777544
        -7.6591334595       -2.0281921933       -5.3335646011
         0.7352792541        4.4936978917       -8.3957639268
        -2.7264373685        3.2097277111       -4.5448480171
        -0.6216296869        7.0654050759        5.3627434280
         5.7800338519       -0.9821019134        4.2087620845
         5.2848912005       -2.3515103979       -2.2207600853
        -7.9188146742        3.9631946921       -3.5788643664
         1.5227613364        9.0003074831        2.8104209585
        -2.1748708892       -8.4845989345        3.8084543735
        -3.5214108322       -5.9444533631       -2.0856953511
         5.3436514930        6.4559445283       -2.9717923631
        -8.3302097341       -4.2117375667        2.0227895206
         7.6591335943        2.0281925522        5.3335644351
         6.7301273490        3.9237152345       -5.5256348300
        -0.0687963105        8.8642116781       -0.6974319123
         7.9188142299       -3.9631952459        3.5788647785
        -4.6937687643       -2.5041414240       -3.1763597571
         8.3996139403       -2.9158245756       -0.0992401629
        -2.7819965330        0.4726970250       -2.0257254029
        -8.3996134526        2.9158232663        0.0992405748
         0.8949126821        0.8106103748       -9.4744313097
        -5.7800336245        0.9821020699       -4.2087617749
         6.4411502782        1.1690337117       -3.0384093612
        -1.9405015393        2.8055275411        0.6557279872
         2.7819965849       -0.4726967351        2.0257256260
        -0.3771678148       -5.3784792620        4.7975719352
         3.2220334962        6.9998215913        5.6430311365
         5.7703579438       -3.3890995875       -5.8551137346
         3.6607056634        6.0544212978       -6.4160745980
