         3.8762663385        1.7985479832       -3.4277771656
        3.2874810817        0.6773530124        0.1049964982
       -0.2808761044       -0.1303236357        0.2483783742
       -1.3783166665       -3.1962287282       -1.4473464467
       -2.6420746357        2.6808471410        0.2072361498
       -3.8557694463       -0.9562910116        0.4517365709
       -1.9909057006        0.6532957603        3.4051454532
        0.5946396894        2.7298626387       -1.8632275347
        2.0391704729       -2.9600197271        0.3256012036
        1.3884483726       -0.9617254118       -2.9025262466
       -2.2472582364        0.3071374890       -2.8073913391
        1.6449782371       -0.5867858189        3.3406848992
       -1.2113798995       -2.9718701744        2.3845466771
        0.7755964972        2.9162004831        1.9799429066
