         1.9161297972        1.3006923575        5.8068735100
        -3.4790221025       -1.7245676322        4.8995316486
        -3.2270655317       -0.9613489171        1.2801893005
        -9.1665950278        2.3446102315       -1.6702424414
        -1.9229518238        1.7215748213        5.6939954596
         2.8625409229       -1.6289594069        1.4592387134
         6.2117651404       -0.6810030511        0.1826412636
        -0.8179576766       -6.9699102576        1.8311088970
        -4.3159784968        7.7933968723       -0.3214861127
         0.4062729408        3.4619037451       -0.9094982905
         5.3951515595        3.0252592891        0.9073417469
         3.4258529122       -4.8662329581       -4.1454788010
         0.1835391777        0.7293036944       -3.5229894832
        -6.7923471290        3.9562777185        5.5249676363
         2.5628915244       -3.1635406326        8.7026968296
         1.7411657222        0.5659295562        9.4319359063
        -0.1835396441       -0.7293036243        3.5229894750
         2.7327423771       -2.4055703463        5.0821722397
        -0.3695232043       -1.4683199710        7.0928949161
        -0.4062733581       -3.4619037998        0.9094983783
        -3.7062239188       -4.5119839857        2.2336135533
        -2.5177744755       -5.5759761385       -1.2854689469
        -2.0619870845       -2.0044168390       -2.1696884080
        -5.3066079730        0.7539918798        7.1231649725
        -4.6556943000        4.1271451994        0.6118222106
         2.4703712878        6.5801799528        6.5507140124
         4.1514343295        4.0355268583        4.3682700578
         5.0233150673        0.3829893720        3.7017235518
         9.1665953170       -2.3446100630        1.6702422673
         8.0874875122       -3.2019356926       -1.9514718350
        -0.6016447883       -4.2752839545        4.5214042071
        -7.5293827239       -5.0860074067       -3.1231812678
        -8.7161915002       -4.0234844049        0.3910436712
        -5.3951513003       -3.0252599466       -0.9073423742
         2.5177745625        5.5759761971        1.2854691054
         4.6339887582        7.6526955771        3.5036758397
         8.3462703045       -0.5148917381       -4.7316010636
         5.4371629658       -6.8848477821        3.9178421718
         3.0629152174       -8.4965152442       -3.2773669711
        -0.3676206574       -4.5101345108       -4.3135453065
        -7.1552179692       -2.4271912022       -5.9350608957
        -2.8625410838        1.6289597783       -1.4592387511
        -6.2117649687        0.6810025359       -0.1826417767
        -2.5055406455        5.1929874165       -2.4162550700
         0.8179569954        6.9699104868       -1.8311081920
         5.9119079065        6.6721016416       -0.0207604648
         9.7996873196        2.9193476567       -3.8875743468
         7.6007813156       -5.8123320267        0.8708040173
         6.7923474841       -3.9562781409       -5.5249680914
        -1.9161304455       -1.3006918274       -5.8068741002
        -2.7327427966        2.4055703281       -5.0821725399
         0.6016437381        4.2752840355       -4.5214041881
         3.4790216613        1.7245679099       -4.8995316090
         1.9229514238       -1.7215748196       -5.6939947923
         0.5573572750        2.2146910428      -10.6983263628
        -0.5573571098       -2.2146909901       10.6983262610
        -0.7923748815       -5.0449621581        8.1384173751
        -7.0166884456       -5.5195183601        3.5516674106
        -3.6877696619       -2.4782741241        8.5189125663
         4.9212793146       -0.3673022619        7.4238897139
         2.0619872582        2.0044169002        2.1696876448
         7.9707033115       -1.2739556788        5.2113600476
        -1.0192637910       -7.8285310385        5.4761792568
         1.7015967964       -2.4170226837       -2.0590289334
        -6.7880639288       -2.7146477826        6.2342789304
         0.3676209935        4.5101345076        4.3135460659
         0.1835775681        3.8325407229        8.0464895200
         8.4615830228        1.3876429959        2.4380555346
        -2.1219552060        0.9894475540        9.3183509527
         5.7632025621       -3.2796122595        2.9379105001
         4.6556949757       -4.1271455922       -0.6118219820
         2.1073776737       -8.7519803475        3.3578478833
        -1.2337387564      -10.5128266877        2.7618911360
        -4.1432831305       -8.0667135168        3.1740624980
        -5.9119080639       -6.6721023029        0.0207604539
        -9.7996874023       -2.9193478770        3.8875737200
        -5.0275315129        1.4848746168        3.4062037982
        -5.1672673369        7.3398166329        6.2526916014
        -1.3634113498        7.0004814581        6.4379911848
        -1.7015962083        2.4170226360        2.0590296557
         6.2616750190        6.0868495479        6.5887309914
         7.1552180718        2.4271912622        5.9350607611
         2.5055405631       -5.1929870890        2.4162545256
         5.6657876242       -4.0799766826        6.6004530218
         5.1672670089       -7.3398169958       -6.2526913669
         0.9157291825       -9.5608858732       -0.2534695586
        -2.9473919950       -9.1373681891       -0.3670556177
        -3.9620267435       -5.3484989523        5.9299197354
        -6.4971054630       -1.9355009396        2.5774270305
        -9.5379184327       -0.2940140793        1.1202822889
        -6.4181811583        6.6150939342        2.7130877657
        -3.0629148021        8.4965152998        3.2773677267
        -3.4258524525        4.8662328075        4.1454792974
         2.9473923384        9.1373682333        0.3670559187
         0.7958200876        8.1831319535        3.4454420798
         7.5293826424        5.0860070269        3.1231809909
         4.0285766306        3.3506406176        8.0533927083
         8.6927295238       -4.9466910013        4.4312980519
         5.0275321541       -1.4848750529       -3.4062040775
         1.3213074595       -5.9968587819       -1.1725900550
        -0.7958196286       -8.1831321815       -3.4454416843
        -6.2616748525       -6.0868495742       -6.5887309768
        -8.4615830149       -1.3876431381       -2.4380558979
        -5.0233150740       -0.3829891140       -3.7017237773
        -5.7632024161        3.2796124384       -2.9379106790
        -8.0874867478        3.2019356172        1.9514713082
        -5.6657877005        4.0799768709       -6.6004533287
         1.2337385667       10.5128269455       -2.7618904989
        -0.9157288296        9.5608864180        0.2534705565
         3.7062231782        4.5119835005       -2.2336133768
         8.7161917544        4.0234841166       -0.3910441115
         6.4971055934        1.9355001405       -2.5774274319
        -0.0000001710       -0.0000001757       -0.0000000766
         1.3634113399       -7.0004812792       -6.4379906344
         6.4181819494       -6.6150940230       -2.7130879181
        -4.0285768342       -3.3506405075       -8.0533931226
        -4.6339882503       -7.6526953752       -3.5036757461
        -4.1514343181       -4.0355266284       -4.3682703061
        -7.9707032527        1.2739558037       -5.2113602722
        -7.6007803352        5.8123322348       -0.8708042281
        -8.6927294290        4.9466911386       -4.4312981807
        -2.1073780241        8.7519811740       -3.3578474972
        -1.3213073127        5.9968587843        1.1725906000
         4.1432824864        8.0667130883       -3.1740620202
         7.0166877381        5.5195176615       -3.5516673030
         3.2270650896        0.9613482963       -1.2801897327
         6.7880635970        2.7146477694       -6.2342790407
         9.5379187860        0.2940139574       -1.1202827292
         4.3159794481       -7.7933970123        0.3214863950
        -1.7411656686       -0.5659295894       -9.4319365847
        -2.4703710371       -6.5801794157       -6.5507136033
        -5.4371629783        6.8848482253       -3.9178423995
        -0.1835775934       -3.8325401931       -8.0464888515
        -2.3591556603        6.0414976835       -6.1157783177
         1.0192630441        7.8285311402       -5.4761786045
         3.6877695729        2.4782745391       -8.5189125621
         2.1219554765       -0.9894474625       -9.3183507193
         2.3591551112       -6.0414969891        6.1157778762
         5.3066075978       -0.7539916863       -7.1231644197
        -2.5628913360        3.1635405716       -8.7026968348
        -4.9212797666        0.3673024235       -7.4238906337
         0.7923745719        5.0449622923       -8.1384172268
         0.3695232816        1.4683197542       -7.0928950893
         3.6683269699       -4.1944602131       -7.8270842269
         3.9620259769        5.3484990119       -5.9299193772
        -3.6683271048        4.1944603592        7.8270849457
        -8.3462696334        0.5148913583        4.7316002503
