         1.2791076113        1.3171475450        5.9688716846
        -3.9095554014       -1.7522116772        4.4229398349
        -3.2895529794       -0.9796445041        0.8604976745
        -8.8947503610        2.2675180484       -2.7116985815
        -2.5099361224        1.7147214727        5.4268031080
         2.7536094312       -1.5650567361        1.7239846693
         6.2147896065       -0.5748575510        0.8601551757
        -0.8797994525       -6.9646800486        1.6051088694
        -4.2863288101        7.7786694043       -0.7935472999
         0.5175850590        3.5117655810       -0.8614491040
         5.2740575972        3.1131438008        1.5154158191
         4.0056909837       -4.7467599460       -3.8013694693
         0.6329744916        0.8001978310       -3.5073512749
        -7.3771844318        3.9057965869        4.6922699284
         1.6059127388       -3.1876442138        8.8700361713
         0.6984911095        0.5413406237        9.5461983305
        -0.5109813745       -0.7164408029        3.4351849368
         2.1973815739       -2.3876958373        5.3017772086
        -1.1133092532       -1.4773699183        6.9595337683
        -0.3952370873       -3.4363474484        0.7811457572
        -3.7906450176       -4.5465193038        1.6963015432
        -2.1999438840       -5.5698701400       -1.6813787947
        -1.7281166203       -1.9784009919       -2.4416324821
        -6.0063535006        0.8067828866        6.4736266565
        -4.6952994271        4.0979640043        0.0783275499
         1.6901967961        6.5970753295        6.8036239889
         3.6299440526        4.0830178185        4.8145790771
         4.6059891277        0.4425342695        4.2256007806
         8.9895854462       -2.2260278739        2.6733145586
         8.3532778666       -3.0562699475       -1.0566796264
        -1.0664816539       -4.2751077900        4.3346967967
        -6.9939528963       -5.0998642703       -4.0953023831
        -8.6346678060       -4.0780895951       -0.7412732221
        -5.1753295823       -3.0656934033       -1.5731126155
         2.3465642184        5.6346942696        1.5735309645
         4.1739624681        7.7125826250        4.0364031351
         8.9042824142       -0.3380031659       -3.7664869641
         5.0599676165       -6.8216636391        4.4366825237
         3.6006074182       -8.3937900693       -3.0110586200
         0.2534963771       -4.4316394954       -4.4155766295
        -6.3267167904       -2.4101024185       -6.7947018599
        -2.6492159100        1.6401721786       -1.7964116884
        -6.1136141773        0.6289702280       -0.9111984674
        -2.2217279592        5.2161415421       -2.6799061020
         0.9957776936        7.0315676190       -1.7048794608
         5.8563883103        6.7743292913        0.6797388998
        10.2069254529        3.1020543448       -2.7339102031
         7.5642139425       -5.6996581645        1.6698038125
         7.4995769860       -3.7850717304       -4.7645073304
        -1.1564898906       -1.2310406686       -6.0332735825
        -2.1043119739        2.4569512435       -5.3722775873
         1.1237417993        4.3608699302       -4.4200902011
         4.0581815153        1.8484686691       -4.4841639366
         2.6545244655       -1.6021468829       -5.4880568512
         1.8228320906        2.3691701077      -10.5774393374
        -1.7142990222       -2.2737052617       10.5072482302
        -1.6873799281       -5.0675907885        7.8776975683
        -7.1982026810       -5.6810154842        2.3371237011
        -4.5718580601       -2.5224751752        7.9945924089
         4.0808755137       -0.3528868653        7.9031670712
         1.8244529803        2.0537660481        2.3721885687
         7.3729030815       -1.2039930695        6.0565981679
        -1.5701616518       -7.8221348658        5.1898597724
         2.0113508539       -2.3381978545       -1.9134159394
        -7.3329759297       -2.5139418503        5.4275008772
        -8.5075621111       -5.9401378144        5.7165390406
        -0.1276751080        4.5256121983        4.3247588603
        -0.7111486764        3.8238189610        8.0174988601
         8.1597609688        1.4912351148        3.3806992699
        -3.1147475687        0.9548775677        9.0050381457
         5.4699211746       -3.2056262329        3.5237296345
         4.7963249962       -4.0302190112       -0.1388366285
         1.8410884557       -8.7141020545        3.4774115842
        -1.3635752822      -10.5154571067        2.4650854663
        -4.3334670562       -8.1244899975        2.5282406176
        -5.6849352132       -6.7463117330       -0.8965559727
        -9.9570661659       -3.2107275780        2.8561770031
        -5.3661305067        1.4179892941        2.8019894846
        -5.8744532221        7.2938947643        5.6287627330
        -2.1056789713        6.9941247116        6.2472164521
        -1.9148619324        2.4099770943        1.8404730341
         5.4530704146        6.1333546086        7.2787502597
         6.4461489419        2.4835041671        6.7069448589
         2.3146451768       -5.1433055175        2.6128996407
         4.9420259289       -4.0501198535        7.1411083363
         6.0194778116       -7.1768045782       -5.7090790752
         1.1265110834       -9.5168159621       -0.2683816152
        -2.6846476430       -9.1521565771       -0.8572356778
        -4.6728354395       -5.3994368002        5.3296538778
        -6.6652091772       -2.0178386671        1.7772430861
        -9.5422503348       -0.4362862371        0.0309704094
        -6.7087574896        6.5675749487        1.9655646288
        -3.4583128512        8.4761209419        2.9245565057
        -3.8852375933        4.8323034779        3.7327935033
         2.8393272282        9.2077568020        0.7358526774
         0.3629072629        8.2080893311        3.5341923911
         7.1183067553        5.1744998119        3.9780917692
         3.1003472381        3.3619581020        8.4600026095
         8.2173570017       -4.8608274372        5.3398267512
         5.4642901121       -1.3571809048       -2.8466517774
         1.5877986694       -5.9368667734       -1.1094734502
        -0.2025138026       -8.1287286617       -3.6455959751
        -5.3066281639       -6.0495786447       -7.3915740595
        -8.0500169677       -1.4218883001       -3.4509871662
        -4.5047718640       -0.3792951639       -4.2905066011
        -5.3805439289        3.2640651057       -3.5797210591
        -8.2437040875        3.1296179147        0.9902959997
        -4.8632390116        4.1109642617       -7.2024607877
         1.4730820506       10.5880402862       -2.5576041348
        -0.9945421314        9.5835161835        0.1800753265
         3.9405861543        4.6118741905       -1.7876793522
         8.7129710210        4.1576742641        0.6203193819
         6.7852724425        2.0696420706       -1.8250961144
         0.0501587863        0.0394588672       -0.0382507553
         2.2635832481       -6.8770866542       -6.3442365201
         6.8274355822       -6.4764528756       -2.0360304342
        -2.9584068802       -3.2713039381       -8.5383830039
        -3.9986415320       -7.6596237014       -4.1884816390
        -3.5089025609       -4.0112948390       -4.8966409223
        -7.2760864020        1.2646025449       -6.1191394589
        -7.4675948514        5.7649117944       -1.7278134237
        -8.1370109046        4.9092874486       -5.3859854915
        -1.7573109692        8.7897905456       -3.5456650492
        -1.4643948763        6.0045017941        1.0270470307
         4.4421920234        8.1791526057       -2.6458639000
         7.3713633902        5.6675081621       -2.7048636436
         3.3955226444        1.0487724999       -0.9267198747
         7.4895975666        2.8890911637       -5.4159961572
         9.6579724248        0.4458112932       -0.0356851004
         4.3938434529       -7.7074051619        0.7267518273
        -0.5676147252       -0.4489659929       -9.6094519755
        -1.5316109452       -6.4960539054       -6.9162728255
        -4.9812841416        6.8849390098       -4.4956628899
         0.8699666487       -3.7074355488       -8.0927762744
        -1.6555884117        6.1063100542       -6.3300567287
         1.6061230366        7.9276360251       -5.2947207823
         4.6777631884        2.6434019907       -8.0475561414
         3.2664031857       -0.8282160823       -9.0570807595
         1.7095599720       -6.0271159738        6.2512509393
         6.1694939063       -0.5834239425       -6.4998328196
        -1.5218946884        3.2576797623       -8.9438056705
        -3.9732950490        0.4226043824       -7.9714717614
         1.7234131523        5.1714038191       -7.9842057674
         1.2277454749        1.5804938389       -7.0239455325
         4.6737201466       -4.0313571553       -7.4231356525
         4.6129112024        5.4867077484       -5.4217040283
        -4.5028811267        4.1896378085        7.3738283437
        -8.8277986105        0.4603441950        3.6872541154
