         1.1587411368        2.8483408828        5.2753019827
        -3.6363799643       -1.1290726163        4.5853299085
        -3.0214192982       -1.1313786886        0.9409157031
        -8.8231020538        0.4858623649       -3.3953947053
        -2.6191978769        2.6825706469        4.6406781990
         3.0311713017       -0.8435359391        1.9187228207
         6.3950087221        0.2659477243        0.8125915721
        -0.0114726790       -6.4360407080        3.2139251979
        -4.8652003955        6.7651439354       -2.9321426093
         0.3536127263        3.1411049351       -1.8947297337
         5.0580267387        3.8775299241        0.5003461468
         4.7469945084       -5.1711548935       -2.6094702110
         0.8151360029       -0.1241226513       -3.7476789611
        -7.6960637449        4.0988111352        3.3646225103
         1.9168802721       -0.6780158463        9.2419257841
         0.5690376232        2.9550743645        8.9261660056
        -0.3549359756        0.0544759223        3.3597303070
         2.4956799211       -0.7672858070        5.5867542369
        -0.9430499375        0.1400572986        6.9579153221
         0.0985737794       -3.2118934808        1.5037918482
        -3.2075916600       -4.4081122854        2.6825135332
        -1.4145950951       -6.0658201804       -0.3147608164
        -1.2648518859       -2.7677760032       -2.0025539768
        -5.9730861321        1.5017042073        5.7617583341
        -4.9137836796        3.4116129492       -1.1594308243
         0.9817247175        8.1804788852        4.7316999538
         3.2351829958        5.4710033811        3.4449371094
         4.6111446374        1.9308246159        3.8060984379
         9.2899141614       -0.5520484867        2.9730505249
         5.3804434968       -3.4604925043        0.7376715691
        -0.4726260445       -3.1974369574        5.1645471546
        -6.1391509862       -6.7510249093       -2.7399004821
        -7.9172342479       -5.0791065860        0.2556136837
        -4.5978752969       -3.9372956613       -0.8828562266
         1.8807517758        5.9945566317       -0.0832654972
         3.4107505663        8.8174311638        1.7626669459
         9.1605571193       -0.4022697400       -3.7299209064
         5.8461383158       -4.9462355895        5.8642766337
         4.6954651294       -8.5123630555       -0.9126378401
         0.9972371223       -5.4254095595       -3.2650007690
        -5.6895654032       -4.7995267984       -6.0769018078
        -2.5802810389        0.7726298527       -2.3081954736
        -5.9439413109       -0.3380289564       -1.2119020746
        -2.4948843720        4.0291120837       -4.0944881327
         0.4857748641        6.3615650486       -3.6143497453
         5.2749055978        7.2433390072       -1.2473829649
        10.0730773874        3.3080764206       -3.6169042879
         8.8336822907       -2.3765055953       -0.4146409059
         8.1446843774       -4.1225582978       -3.8043843579
        -0.6899635451       -2.9161638171       -5.6657965671
        -2.0257805251        0.6966846952       -5.9798625875
         0.9614178902        3.1137135038       -5.5539258083
         4.1358510519        0.9958855030       -4.9691667437
         3.1179438583       -2.7290613313       -5.0417683735
         2.0202862087       -0.3124481444      -10.9877310938
        -1.5393431955        0.2368250743       10.6005550493
        -1.0649066671       -3.1231724215        8.8175130962
        -6.5185443591       -5.5730735528        3.8337921647
        -4.2642785413       -1.0125888866        8.2570557150
         4.0834264887        2.0611192376        7.5659628425
         1.7193851935        2.6996785402        1.6136333552
         7.4947055478        1.1238080773        5.9862652408
        -0.5922617425       -6.4591926523        6.9210608051
         2.4705656642       -2.5862339371       -1.3917771446
        -6.9549684706       -2.3072168589        5.8025120354
        -6.8692676087        3.6839030798        8.6659141132
        -0.5320182165        5.3663000668        2.8662299738
        -1.1592123196        5.5553217813        6.6171094128
         8.0521057628        3.1101349009        2.7086094103
        -3.2557543573        2.7561748918        8.3046486217
         5.8753172817       -1.6586403906        4.0615200060
         8.2693182908       -4.3021920859        2.8974075946
         2.8710335792       -7.3651243285        5.4322574706
        -0.1254824027       -9.6928432171        4.9402031544
        -3.3333506671       -7.6799758489        4.4186095357
        -4.8023553472       -7.3223315432        0.8453684422
        -9.6176459012       -3.3657521400        3.2387951146
        -5.3790620949        1.4677290776        2.0996212647
        -6.5764106469        7.7355223283        3.4243640994
        -2.8193405702        8.0010328769        4.0978064515
        -2.0130242313        2.5245547852        0.9963063218
         4.7615708039        8.2694843350        5.2974760737
         6.1568568618        4.7298707799        5.6751034656
         2.9700780033       -4.1015467402        3.6862620673
         5.3674249946       -1.5902492306        7.7764026076
         7.0435815476       -7.7832446206       -3.8386064942
         2.2910290794       -9.1530028516        2.0314477470
        -1.5410444842       -9.3442885309        1.4039625962
        -3.8328469275       -4.4329221584        6.4393588702
        -6.3084406689       -2.2292767689        2.1026936525
        -9.2780532374       -1.4683999752       -0.0944083782
        -7.2224701300        6.0410305048        0.0477595586
        -4.2199709696        8.4572394998        0.4998932255
        -4.2828501084        5.1141200726        2.1978671437
         2.0220375326        9.2687217407       -1.8095860714
        -0.4139315613        8.7561756678        1.1584934852
         6.6093170437        6.6876621877        2.3476113721
         2.6791706779        5.6527999640        7.1503982310
         8.7455999415       -2.4818283916        6.2263403723
         5.8237078378       -1.5144362332       -2.5670799507
         2.3938225534       -5.8768337208        0.3098598054
         0.8884885294       -8.8187353519       -1.5643922922
        -4.2957087337       -8.3370247511       -5.6927541703
        -7.5860075941       -3.1820397606       -3.1161337160
        -4.1477065951       -2.0004944842       -4.2039400752
        -5.4083840646        1.5916600108       -4.4672924586
        -8.3851486019        2.3417861276       -0.0438732308
        -4.8851336658        1.5207103910       -8.1824609103
         0.6177125987        9.6131940294       -5.3500439201
        -1.8074349792        9.0884522127       -2.4434222979
         3.6648435791        4.3285476130       -3.0754668084
         8.3905125998        5.0230678622       -0.6426164316
         6.7550788717        2.1816273292       -2.4636938537
         0.2235186484       -0.0352144973       -0.1933823711
         3.2888065056       -8.0586297931       -4.5073027427
         7.6985030282       -6.0806005331       -0.4789970469
        -2.2123730025       -5.7199098736       -7.5451259967
        -2.9392369933       -8.8902899637       -2.1633148949
        -2.7712459336       -5.5377970532       -3.8384454469
        -7.0217695971       -1.1923351312       -6.3960034698
        -7.7947557270        4.2563085232       -3.3331465621
        -8.2661030972        2.4161165305       -6.6476078226
        -2.3786995632        7.2914486892       -5.8478608053
        -1.9267599529        5.8159829124       -0.7131764671
         3.8172501144        7.5915342398       -4.8212124689
         6.9885811592        5.4768400527       -4.2395977894
         3.4681081168        1.0659601082       -1.3212446145
         7.4627248397        2.1229633270       -6.1463468223
         9.7351067634        1.3901222915       -0.3283375951
         5.3484910170       -6.8193696445        2.5085015734
         1.6230452955       -5.6152857247       -7.0075976327
        -0.5147429310       -8.2445752904       -5.1296298616
        -5.3581602419        4.8770634409       -6.2834405005
        -0.0940606844       -3.0278163476       -9.3210370165
        -1.9280861704        4.0050696267       -7.8504764773
         1.0969634373        6.3689493754       -7.3157444177
         4.7617229099        0.9087446622       -8.6189272802
         3.7368512434       -2.8398140176       -8.6922344696
         2.4241914328       -4.0821355005        7.4485181242
         6.5330330211       -1.6346864453       -6.2967996909
        -1.4353534979        0.6059319586       -9.6380766658
        -3.6086269567       -2.1303648986       -7.9637992931
         1.5674089084        3.0394820598       -9.2070533966
         1.4160498079       -0.2171941712       -7.3498610299
         5.4217216062       -5.3454858621       -6.2945597681
         4.3384778578        4.3108994518       -6.8146405992
        -9.5158829745        2.5314176440        6.2613679287
        -7.8529833214        0.0578686081        8.6307996085
        -4.9600562361        5.2965313339        5.8736531219
       -10.4748927514       -1.1186512533        6.1833356568
        -8.7608604320        0.3839755591        3.2258946996
