         9.1923874487        7.6352011891       -1.8854714759
        7.4899738234        8.6179945648        1.3455810511
        7.5775266120       -1.7127380472       -5.2133547647
        6.0576716172       -0.1597837395        6.8281171585
       -4.0766243520        8.9418277781       -4.6776175542
       -3.8557438700       -5.5854598370       -0.2762505021
        3.8818338367        3.2077651076        1.1025464043
       -3.1751148724        1.2451355475        5.2877255897
       -7.8250973938        4.4607067727       -1.5588494940
        2.5140008067        8.6693288337        4.8434719925
       -5.7457781245       -0.7438405851        3.1944173664
        2.0713726041        1.9304695106       -5.2852508525
        9.9406702725        5.6493214889        1.2164787626
       -6.9533889184       -0.5807174387       -3.3174892667
       -2.8471114349        5.8121472555       -3.1416503732
        0.7165031936       -3.3909153979        1.3845434779
        9.1511414903       -0.1029579699       -2.2025285548
        5.0114070487       -3.6960345678       -7.2767856526
       -3.0073469491       -2.7777323577        8.8493962354
        4.9955177739        6.2100936076        6.5079260512
        4.7035629244       -8.3274838569        1.2170327630
       -1.6781153771        2.9174789621       -5.3078505074
        6.2354679214       -6.9780815945       -2.0375983916
        6.5363290585        1.5998590669       -0.5249006442
       -0.8061817782        5.8832318383        0.0712961514
        5.5819830235       -1.9343842363       -0.2330777930
        1.9036501903       -6.4857553096        2.9005378190
        1.4340773215       -5.1335667063       -7.3772851169
        1.4016078577        5.6741561854        3.2270646427
       -7.0794484334       -0.4576779427       -7.0649121242
        8.2337149738        6.6238182852        4.5289187592
       -5.6548970672        7.6421480351       -1.4404716445
       -0.4260399414       -0.4800856241        3.4880644746
       -2.2024171544       -6.4501531149       -7.3118050503
        0.7438674214       -3.7993526367        8.8032723250
        4.1125176610       -3.5264861825        6.8267422964
       -8.2706140536        2.5488143209       -4.9057247906
       -9.2641503487        3.0067661830        1.7194282103
        8.8340462771       -1.7558453082        1.3370531644
        2.8251594181       -0.3422156740        5.2155016789
       -5.5468690634       -4.7543048166        6.7523677495
        4.0123300224       -3.2737780819        3.0223762563
       -0.6159936490       -8.7417847926        4.5354006913
       -0.4497084674       -0.7829427335       10.8461977880
       -4.6055264371       -3.5750848626       -3.4854465270
        7.7045870834       -5.5243910336       -5.2607760272
       -6.2911966503       -2.5891039094       -0.1520765322
        5.9722051447        0.1294901880        3.0206980684
       -3.7673186629       -0.3314034076       -5.4032731997
        3.9811892095        2.8883673563        8.1443241914
       -4.9501783722        2.6548049808       -3.2624261261
        0.3632560078        2.4818927493        9.0468506092
       -1.2838795890        7.5664115982        5.0398783958
        3.3633830944        7.0643549727       -4.7038988451
       -0.4188251508       -0.3196904951       -0.1024154365
        4.1724595351       -6.9556734639       -5.3321608329
       -4.3565122772       -7.7586286971        4.5897192312
       -2.9235884112        6.0341172093       -6.8940621705
        1.0764799980       -9.7277362272        1.1932408891
        1.4309110131       -5.1786813285       -3.5784553255
        7.2821766475       -3.0572019956        4.6124272398
        0.7526858376       -3.6001765014        5.0963929999
        7.3806001777        2.1412458610       -4.8839384905
        7.0706255908        5.9746834196       -4.4536699747
       -0.3797800694        8.0403152040       -4.8440706991
        2.0694464187        1.7828869978       -1.6402157108
       -6.2000192086        5.7827107589       -4.8157838706
        4.9584827835       -3.7682613413       -3.5190745054
       -1.3366736945       -3.3194821175       -5.5262257568
        9.2766123017        3.7711175920       -2.0993772193
       -1.8236621653       -5.8354019952        6.7823469017
        0.5797602586       -8.3239991490       -5.3499553946
        1.3644036014        5.6391562460        7.0350298950
       10.0175265550        1.7845184767        1.0718647259
        0.4217437734        2.5908219520        5.3270255970
       -3.8024791510       -0.1979292768       -9.1033009333
       -5.9256773347        2.9970646450        7.0383448116
      -10.2608456307       -0.7042474924       -4.9511993020
        3.1152346637       -9.6101574034        4.4321902154
       -8.0303268839       -6.6848898046        4.5958008914
       -2.3340705262        4.4450163661        7.1473303878
       -3.1428176104        1.3449383709        1.5767995279
        6.5454577372        5.4363135097       -0.3786772915
        4.5723760548        3.8828220137       -2.9708070756
       -8.8695244215       -4.7304868372        1.4251759832
       -4.3912021908        4.5058044178        0.0826650139
       -2.3008816591        4.4850143307        3.3471692896
       -6.4179135603       -7.7479391040        1.2997494790
       -2.9403183401       -2.4230363229        1.4376360854
       -1.2929039749       -3.3849643816       -1.8184160400
        3.9817987903        3.0887203517        4.6054760666
       -8.5122065731        0.9905952724        4.9378760415
       -9.1920824156       -0.8702781108        1.6024183530
        2.6696857281       -8.4465759906       -2.0886717598
       -0.9799293920       -9.7279825364       -2.0793498044
       -1.8053021162       -5.5921170760        2.9944931789
        5.2488618309       -6.4136344211        4.5694018935
        0.8585922382        4.9306994012       -3.2017395003
        2.2476417856       -2.0165840060       -1.7884016333
       -9.6175107372       -2.7249273408       -1.7763324815
       -5.0235997197        6.2645572657        5.0980736124
        2.8190062735        6.2064889186       -0.3714733412
       -0.4706030026       -0.2079510740       -3.6964759770
        2.8396073035       -0.5917584841        8.9354545974
        2.8036373004       -0.1856843112        1.5022441607
       -4.7009589062       -3.4990525586       -7.2825008190
        2.0798822322        2.0832827822       -8.9943712249
       -7.9207646365       -3.7183778578       -5.1327077896
        4.9140503272        6.3905308255        2.8552008913
       -5.8546301219        3.0747271587        3.2939879495
       -3.2171621845        1.1059030561        8.9934466185
        5.4558050110        8.5176215392       -1.9678248313
        3.7733293692        9.4871184157        1.2767533914
       -7.2667132744       -5.7994780548       -1.9352744299
        0.3766592560        2.7189927046        1.6152904219
        4.8986868486        0.2089292087       -7.1769263979
        2.2711182415       -1.8054226896       -9.1942442312
       -5.4898732142       -6.7063557746       -5.2561288592
        4.6248748516        4.0677649569       -6.7612788432
       -2.9861602592       -2.6112746410        5.1439057040
        7.4026789533        3.2975138283        6.3651245311
        0.1304589664        8.9477038462        1.7535395206
       -2.7024484442       -8.8576151822        1.2714639213
       -1.6173824026        2.7142354826       -1.6110837098
        1.6351450112        9.1787600990       -1.8971414877
       -4.7350086400       -8.7303569902       -2.0251809273
       -2.0835011463        9.0423284399       -1.4256839521
       -0.1227963704       -6.5742248704       -0.3306245440
       -3.0126286212       -9.6137349365       -5.3185903345
       -0.4950913137        0.0701326834      -11.0206211042
        8.3428643408       -3.7648186698       -1.9375851153
       -0.4420595733       -0.6364665342        7.1523807667
        2.2763189575       -1.9346694816       -5.4946210399
       -1.3578924049       -3.2005063501       -9.2262876087
       -0.4886261333       -0.0713959605       -7.3388128243
       -7.1451579053        6.2668314273        1.8187609066
       -2.1504321225       -6.4854283935       -3.5603277586
       -3.6728849424       -0.4588211456       -1.6978740579
        6.8889449825       -5.1275054791        1.3417144124
       -8.3235654491       -2.8723844847        4.7930286492
       -5.4749734241       -4.5447610859        3.0103810395
        4.8448012248        0.0422008978       -3.3883329684
        3.4875411098       -5.1822925435       -0.3103850564
       -9.8244135815        1.1518077265       -1.6308573752
       -3.5668086801        7.7503299290        1.8710024239
       -5.0566844103        2.8332313341       -7.0555394172
       -5.8289809513       -0.8914369756        6.9848679404
       -1.7000277274        3.0658494794       -9.0046899891
       -6.4942992495        1.2631534597       -0.0093812738
        1.9562266199       -6.7375870588        6.6447019816
       -8.5924583893        4.8219368702        5.0281677850
        0.8843726264        5.1290697639       -6.9902684391
        9.1839838262        0.3081804717        4.5918650937
        7.2736314083        3.4838770295        2.7380307372
       10.6522521555        3.7208983945        4.3629968682
