         0.5545675039        0.3592275988        0.7293374202
        -5.7293038265       -6.9704310510        1.6592966417
        -9.4710903235       -0.3553814064       -6.6802404400
        -0.2870035524        2.2574735289      -10.0265699698
         1.5497380017        4.7854236453       -7.7639413303
        -5.4131229145       -8.2415828121       -4.9797783789
         3.6505803579        1.3921649089        2.2945561699
        -1.6109605164       -7.6312418963       -8.4706201753
         7.4785214072       -7.6005310879        3.7017406282
         0.0530217889        1.6404995399       -6.3840125902
         1.8168451878        4.1276384204       -4.1267063158
        -3.1296776145        0.6285154879       -7.8101378840
         1.2080062800       -0.9193155894        7.8441613167
        -4.0172456442        5.6087831282       -1.2869696817
         1.6102010818       -8.5158885871        0.7650973547
        -8.0271624844       -3.8768060856       -7.1474822351
        -6.3114361047        8.3175560977       -2.2436500862
         0.7233138594        2.6395609888        6.5465611962
         0.2488614518       -1.3107616288       -8.7917116849
         0.2372511371        6.1421061679        5.1042659410
         7.1970526325        1.8170871966        7.5549360200
         9.7415965012       -0.6799870316       -5.2039871721
        -7.1151271314        6.0925216714        0.7779575316
        -8.7298227289        3.3346886657       -6.1592586343
        -8.7930637600        0.0876241199        3.3412454992
        -3.8472251883      -10.3234219510       -2.1823556382
         5.1460936862        7.5704867892        3.3395777830
         1.9241897078        6.3975000451        1.7011844522
        -2.5301014202        8.8259600484       -2.5312174925
        -0.9385936651       -2.7068100161        1.9092142693
         6.7819662144        2.4383168538        3.8812996412
        -4.7820829806        3.4137379106        1.7891771905
         5.2443417580        4.5187724520        1.0804588651
        -5.5237321315       -5.4835290399        5.2695696879
        -7.0518306710       -2.0019894620        6.1076393018
         6.6583730394       -0.3282075673       -3.2049625689
        -5.5262910776       -4.5052248385       -4.3819334147
        -2.6834046016       -2.9240785599       -6.5853693709
         3.1050141961       -5.2427001302       -0.4909303756
        -2.0685535588       -4.1432865891       -9.9454290263
         4.9671220521        3.8286188257       -6.2356023670
         3.5859283584        6.4941015259       -1.7281685641
        -3.9881426989       -2.3615051272        4.0300236273
         1.5378969005       -1.5736282242       11.4628862026
         6.4668231519        0.3165826942       -6.8993259161
         8.3185113119       -5.3538694265        0.7252549477
        -2.6463728254        3.6804810338        4.9992975941
         0.5617835465        5.5821636361        8.7990936057
        -0.5137839687        6.9343037614       -5.2297167334
         3.3407493801        7.2495771184       -5.3979621369
         9.0774882145       -3.0308488770       -2.2603349664
        -2.1410397051       -6.5016284672        6.8269985650
         1.0193747381       -5.3888998074       -3.6565421852
         3.6070942647        0.0252729917       -1.2128719263
        -2.4513370624       -5.7818755241        3.1327086851
        -2.3021048916       -8.8513673380        0.9755758402
         9.2108527396       -0.2189773779        4.9363726539
         8.3865717845       -3.9407641813        4.3378895470
         0.3262481122        0.9923678777       -2.7953917520
        -0.4034423265        9.2181689836        0.6985110278
        -3.7374521135       -3.0809360657        7.7485328749
        -0.3031905931       -4.0563737693        9.1969515422
        -5.7385452171       -0.2741150192        1.3267224617
        -2.3655003944        3.0632107348        8.7327949948
        -2.8200216559       -0.0040518123       -4.2043204433
        -5.2075205189        2.6614794976       -5.3615901400
        -2.3462948510       -3.4500130843       -2.8672563564
        -2.1515865558        0.0813298724        6.3958007360
         9.2626065116       -1.6452799244        1.3436274922
         5.1544880044       -4.9158414688        2.6989923119
        -4.2321852031       -3.7621240683        0.4977301884
         9.9354634600        3.4953179627        5.4881700826
        -2.1730574439      -10.0459080998       -5.5745078433
         3.5426856203        4.3401030046        4.5395822293
         1.1676819893       -8.3241319434       -5.9208115267
         3.4528225688        9.5367091249        0.4612338270
        -5.4499510232        1.1114881748        4.7955316148
        -6.0071509451       -1.0073765492       -5.7391301168
         5.9731333540       -2.6640111167       -0.2630963740
        -3.9472531993       -8.8798722610        4.4291073293
         1.7625577936        9.3609054839        3.9161485681
         3.9253637425        3.7493050110        8.2721614055
         0.5322907598       -1.9099969559       -5.1111506526
        -7.8517528905        3.8167670988        3.8499092326
        -2.1682852428       -6.3647999033       -5.0966683748
        -2.6258304363       -0.6113716941       -0.6453220704
         6.7024583239        5.4148420627        6.1589746609
        -4.3977147813        6.3924197109       -4.9391511229
        -0.1423722678       -8.5427473001        4.2079977319
         0.0725322108        9.0856590367        7.3269865244
        -8.1715196776        2.4389021344        0.2768639584
        -5.9509077463        4.9790872736       -8.1198673621
         9.9084173628        0.7194195230       -1.6564583923
         3.6491554763       -2.3055545949       -7.2349222154
         3.1076013249        1.3085709617       -8.5142385457
        -2.4199635289        0.7437520492        2.7742442358
         6.2755509342       -5.6890931989       -2.5426441880
        -1.9780026815        3.7225135760       -3.9038137090
        -8.3105747672        0.9909284589       -3.2613787673
         6.0386724090       -1.2593103579        3.3224071624
         2.0643692340        3.4082148784       -0.4888498449
        -7.5114799055       -4.8218097387       -1.0059838852
        -0.4641802019       -8.6940714150       -2.4524745548
        -5.3221522681       -2.2226963076       -9.2066866648
         6.8030133373        1.0664046000        0.3380684824
         8.2777173071        2.7868071768       -4.5176380304
         0.7346611604       -4.8445431371       -7.4205725547
         3.5491610859       -3.6351205463        8.9587239780
         2.8435375723       -2.2595748482        1.7103037299
        -1.8409855029       -0.5724589079       10.0197011609
         0.8040223704       -2.4830351959       -1.4469039941
        -0.6332097970       -3.3914152388        5.5534973221
        -2.2694925374        4.4380469395       -7.5478550104
         6.7932896669        7.6490138571       -0.1590489618
         5.1777486733        3.1217388519       -2.5080195896
        -2.0860540689        8.9124482373        4.1649315323
         4.0344547338        0.7628989890        5.9275696754
         1.3062361946        9.2795353247       -2.7682089661
        -3.9561603593        2.9246557285      -10.6072037044
        -6.7215475325        1.2760983424       -8.6727245849
        -5.7004980646        4.0748005831        7.0670273378
        -5.2029183244        0.4553293550        8.4714148521
         8.4538428111        4.2377911337       -0.9390571911
        -8.9878287419       -1.3126938097       -0.1987314374
         5.4296234334       -7.9452124687        0.4977533767
        -8.4931685301        1.4899107768        6.8490482720
         9.9753492011        2.1198888515        1.9292004848
         1.3728870201       -5.4119274833        2.9711285168
        -5.0478545814        6.4511321067        4.0500043720
         3.3960186068        7.2898835978        6.7764875233
         6.7247557022        6.2393528644       -3.7730199542
        -4.2232033386        8.6443486142        0.9502227452
         4.0915158288       -5.8485738502       -5.7372017499
         6.9616226325       -3.2826645009       -5.5027855144
         8.4113521987        5.5967119945        2.6798326709
         1.7131345562       -6.1781353616        6.6724160876
        -0.2149065374        6.1379259186       -1.5103188547
         0.8764735791       -0.2845687304        4.2580102121
         3.8756894359       -2.9063847473       -3.4875199643
         5.5412978693       -5.6551800249        6.3558239485
         1.0533470687        2.0064552588       10.1865007279
        -1.7188136623        2.9686297078       -0.2929075696
        -1.9167007519        5.9448945916        1.9309248348
         3.2109081819       -2.9622872655        5.3328664126
        -0.6827616193       -5.6992681689       -0.2480773523
        -7.3592618186       -3.4695858041        2.5694106075
        -2.8301068202        6.6225610951        7.2279684444
        -8.6391324650       -6.4071703325       -4.3320917114
        -7.3342934087        4.7045087591       -2.8706853645
        -5.8255116159       -1.6304031705       -2.1379717721
         3.3329923188       -8.1862412768       -2.7308182545
        -3.9243715070       -6.6723429049       -1.7399827928
        -5.0253044738        2.0071468303       -1.7407990080
         3.3852561715        0.6611019228       -4.8717369955
         6.4549946139       -1.9506590992        7.0338683356
        -7.1017871266       -8.5078917904       -1.5642305293
         5.1121825582        9.6125799310       -2.9771018263
         3.6982295029       -8.1201901579        3.9830415778
         0.3928094851        3.2336781181        2.8928986779
         4.3819840080        0.1178201348        9.5593128806
        -4.8328392221       -5.7820344205       -7.8256313528
        -2.5803313324       -0.5798900391      -11.2066083605
        -9.0573950893       -2.6968299263       -3.7413620360
