        -0.6595993384      -10.2998536033        2.5571118896
        11.0629086691       -2.9061995512        2.3312529006
        -0.6591769816       -5.1484100172        7.9446944745
         6.3256074787       -1.8586701123       -2.0328275422
        -6.5038271903       -8.3723501142       -1.4521654781
        -9.2845312257       -0.5428080312        5.3580879043
        -7.0807983456       -9.5799913646        2.0599998976
        -0.5423728508        0.2192019041        5.8286139365
        -1.1520532894       -3.3569862905        4.7735322858
         9.9789419430        3.6397302363       -1.4793588906
         3.6435236514        2.6503138202       -1.1079126576
        -4.8719784298        3.8710690120        1.7849020033
         4.4819675927        4.2806013924        5.0806200128
        -8.3120221586        5.4279319345        1.2875651145
        -3.8279710464       -2.3419228500       -1.1265644568
        -3.7081170830       -5.8288083086        5.8347974639
        -3.3323058298       -9.5611974759       -3.1964944479
         4.6016577177       -0.2337947525       -8.9272877896
        -2.0485960243       -6.9425061278       -5.6999536013
         3.7876403180       -0.8183124547        9.1337878772
         4.2654892811       -0.5152745846        0.7370467689
         2.5751920985        1.0390043685       -6.0951339696
         7.1408829218        1.5357365621       -0.3669200847
         3.2625581005        0.8230574246        5.8356034232
         2.1965525087        2.7430576630       -9.3577515721
         2.0186252086       -4.6749082243        3.1732060324
        -1.6356074603        2.1837581402       -9.0779782008
        -3.6572625410        6.8360738327        5.6468541313
         5.4676766666       -5.9983150397        4.0184015833
         8.5917744467        3.5333284105       -5.0918287847
        -5.1863715307        7.4398861055        2.1244482506
         9.0731804373        3.4423300820        2.2734913837
         8.3632964257        6.6819171468        0.3364523223
         1.1871136114        2.0660416203        8.6681443012
        -8.0753443393        1.8332718691        0.7095884436
         5.4311665399       -3.9284074183        7.3358444561
         0.1807236839        3.9969425214       -6.4299630456
        -6.5011081867       -1.4749602654       -6.7657145661
        -6.8377632053       -6.2657147069        3.7284209085
         7.3424469991        6.4344778216        4.0355723929
         0.5520607331        3.6938236968        5.1984320878
        -9.9354369511       -3.0949093088       -0.4721133718
         1.5590617171       -1.0559194067        3.2056263748
         7.9494793612        3.1629139105        5.9440108531
        -6.2403072079        6.6473023834       -1.5714651423
        -6.2528281038        4.8239033728       -4.9338788853
         6.4644043608        4.7515826846       -2.2453713065
        -5.2687688653        4.0941394485        8.0692148741
        -0.7363662373       -1.4672163664       -2.5402866133
         9.2911278035        6.8728233348       -3.3657123545
        -7.2664665234       -1.6824617363        2.1955505692
         2.9982514298        6.1412415699       -7.6699196141
        -3.3316074740       -2.4343175848        7.7076399475
         2.6116667627        2.4066356443        2.5185309462
         5.4607983282        3.1788109904       -7.3256313355
        -1.6271241981       -1.4580463862        1.7268388278
         0.7522387197       -0.8135903540       -8.8319624769
         3.3743965118        4.4157982185       -4.4034549307
        -4.6413597017        0.3773297393        1.1299171865
         5.0808949852        8.3129277250        1.5724957637
        -3.6450973704       -5.9793952264       -2.3857786491
        -3.8883664140       -9.1303837724        4.0934054153
         2.4235818938       -8.3259432641        3.2135194198
        -2.8288725508        3.5628030929       -4.2502692752
        -5.9761515859       -3.6394183961       -3.9001073744
        10.5686260752        0.3605048777        0.4330925002
         6.9455227385       -3.2113262317       -8.3623824139
         3.5042845294       -4.2680284264       -2.9390004055
        -0.4497649138        9.6378798465       -3.1248469954
         3.2008956193        6.3349560645       -1.0657543977
        -2.0673241498        9.3322793427        3.0090491486
        -2.5638642551       -3.1998896761       -5.0617277632
         1.8294858117       -6.3356045743       -5.9396606238
         4.9027322462       -2.2651120904        4.0358898088
         2.1785528295        6.0874360962        2.6604036779
        -6.0430846377        0.2618089043        7.5075628761
        -6.6571966174        1.6269738611        4.1234379713
         2.7367852416       10.0164490144       -0.9723048117
         6.1870200360        6.5389311473       -5.5485872485
        -5.8468014180       -7.2885397519       -5.0415928158
         0.3727727854        4.1454915291        0.0625081899
       -10.5068717766        0.5667544767       -1.7925089714
        -3.4147545918        9.1213365703       -0.7269943873
        -2.9089913660        5.3861264148       -0.8786628316
        -4.3116674926       -7.0564907143        1.1612935665
        -2.3715965451        1.6031225933       -1.2160744173
         9.5645671405        0.1269381104        4.1662632076
        -0.3352918025        7.7101527093       -6.4555102064
        -3.8636449569      -10.6516967296        0.4474830262
        -1.4338073552        4.8767422784        8.0079342807
         8.3735814079       -3.1644183858       -4.8208586651
        -9.7695706191       -3.8919058648        3.3607642621
        -0.5690273349       11.4683757551        0.2337340853
         2.4069089531        5.5430442727        7.8603621282
        -1.4841812819       -4.6392130904        0.2374927896
        -1.1002792104       -6.6062454814        3.0886047333
         2.8830065042       -0.6125523773       -2.7840733021
         6.0372486504        8.4732814185       -2.1802419746
         3.1785289249       -3.7717669424       -8.3701791986
        -9.0598030046        4.1033571340       -2.2307974789
        -3.0697391638       -1.3218775185       -8.3448568542
         1.5749118888       -2.9189476000       -0.0957495685
         1.1848307861       -2.5620318277       -5.4929046904
        -1.7276893906        5.6539737717        2.7823123696
         2.5823901322       -6.3974400738        6.4758911405
         4.9136503220       -4.1983322244        0.6991382898
        -3.3731331936        3.0695723045        5.2518959131
         0.1511073547        7.4851341113        5.5200565908
         0.0422626587        5.9652371113       -3.1938153020
        -0.7007721172       -4.3282284042       -8.1203681457
         1.9483025042       -6.4757442868       -0.1088934880
         2.1126730691      -10.0634057313       -0.2283433405
         6.7485045240       -0.3732602556        6.7391513738
        -0.0542370162       -5.2167425250       -3.0183561494
        -1.4297756920        2.0054516253        2.5081936123
        -3.2511141820        5.3668960313       -7.4286441505
        -2.6186324669        1.3097896749        8.5754363468
         3.9651040646       -7.8867311704       -2.9585839289
        -7.8132612117        1.3307892931       -4.5356221166
        -8.2621380814       -4.8456123584       -6.6090714828
        -0.0803742253        7.7993754975        0.1565572137
         8.2956252112       -5.4392457876        1.4848794918
        -0.5755180377       -8.4586560497        6.0288748079
         2.0223043654       -2.7268331732        6.4457691303
         9.2874664292        0.2311995271       -3.2040580611
        -7.1183165942       -0.8721175820       -1.5473930987
         9.7468139608       -3.0699580605       -1.2385556981
         5.0278938069        2.7305315586        8.4240980621
        -6.9192538274        5.1995411925        4.7701151299
         5.5142903848        4.5435124691        1.4500970564
         8.2859470863       -3.4574911811        4.8456487043
        -5.6705814582        2.8759309070       -1.8069041313
        -4.2572040918       -3.7576431175        2.7203139639
        -3.3932487288        7.3148846132       -4.1168123028
        -9.3969755421       -2.1597556716       -4.2003459486
        -0.0221349725       -1.4998839894        9.2081314560
        -1.1960375511        0.4255153916       -5.7737497443
        -8.7095757787        2.8268895983        7.1153767797
        -8.8062767509       -5.7811912447       -2.9397625560
         0.5911532266        2.2856814701       -3.2068152875
         1.7342974177        9.7797059992        2.7801564468
         0.7974625723        0.5635020337        0.0164710545
         2.8913766566        8.1823637208       -4.3843252120
        -3.8345624956       -0.5911276856        4.5979253197
         5.7537407496        1.4325751012       -3.9502426472
        -4.3312736086       -0.0615839540       -3.9460051256
         3.9986598786        7.9534369684        5.2739580978
         7.8018182636        0.1517009666       -6.7672284248
         0.4367819973       -8.9346288196       -3.5657703619
       -10.0588705968        2.9672273157        3.6348120903
         6.9673650532       -5.6156980788       -2.1306881868
         7.6521228460       -1.7225686051        1.5426924505
         5.5349284588       -5.6059864682       -5.7304132389
        -1.2068749614       -8.2218575788       -0.4209534089
         4.9058550295       -1.9133483226       -5.5764879945
        -4.8019061060        1.9090150572       -7.0093321612
        -6.5197356250       -3.0638111838        5.6487594933
         6.1142813496        1.2993677541        3.3544947786
         5.3027291586       -7.8705581699        0.6392640687
        -0.2089003818        5.6826916783       -9.6952413411
        -6.5256398642       -4.5010710592       -0.1712047897
        -4.5999374493       -4.7512340520       -7.5995664923
       -10.7754503826       -0.3843726785        1.9362409059
        -9.2029995415       -6.6922456435        0.7904608313
         2.5311650488       -4.3481972748        9.7463591104
