         2.3702080158       10.0984318828        3.4708493015
        10.0150744945       -0.5940203383        2.2048628274
         2.4772729127        9.6912516274       -2.8588301547
        -4.3481232288        1.3176772174       -1.6039490471
         8.7001882084       -1.2187744494        5.8288605509
        -9.2731824682       -2.9383666089       -3.1363168761
        -6.1690736311       -6.0902139886        7.4791786967
        -1.0707310574      -11.1066941327       -1.5185141422
         4.4782863925        3.9322855061        3.0708449314
        -2.3704157328        2.1626387448        5.4833137377
         4.8503365210        3.2221867700       -3.4876752321
        -7.2422101267       -5.2100708757        3.9322938886
         0.3951725613       -0.4178251346        0.7268388761
        -7.2566711847        3.3491966840       -0.1920896165
        -7.8982950588        0.6105268911       -2.5998500587
        -0.3274384363       -5.7547230837       -6.9804644712
        -6.8375037663        2.5923438258       -7.4984529424
        -5.3177344414        0.1132979881       -5.1348865645
         5.0988011626        7.5028472548        3.9681680371
         6.9665638698       -4.5305756667        6.7124369101
        -1.0896646663        8.4030603559        3.8119639750
        -8.6760043170        5.9012219154       -2.3370494020
         4.0163709298        2.1207790669        9.3337518133
         0.5912156347       -1.1949296148       -2.7898072459
        -5.8764705215       -2.3498885282       -2.0035735484
        -1.6703213219       -1.4787283154        6.5625272429
        -8.4591271587       -1.6969919334        3.4137512090
        -1.0044472944        2.4146212294       -0.9655178893
        -6.4046975855       -3.4713551439       -5.5954316541
         7.0318243213        1.2233995134        3.5230253151
         3.7237894701        0.3296047467        2.1729122204
        -0.0812640032       -3.9810531507        8.9679470364
        -9.3492253544        1.9427781398        2.4335478244
         2.8670619699       -5.9377830407       -1.2980203751
         6.7973206181        5.9043029833        0.8325436634
        -6.3751473457       -0.0421520298        0.9893437725
        -4.9471472655       -3.3322385985        1.5976131183
         0.4052499320        9.4518767406        0.3450173395
         9.4179293748        3.1425704234        1.3146555153
         6.0929904127        2.2477322631        0.0006396430
         1.2883638571        4.8210371485        8.8312648827
        -4.7848445597       -0.6188911531        4.3414627784
        -2.2710121315       -5.9448244550        2.2642402412
         9.0836283194        0.4350486365       -1.4137459925
         0.6899486392        1.2257272710        7.7953568524
        -7.5630452574        1.3374253380        5.6797291955
        -2.6898731166        1.1340964063        1.8901618092
        -2.5304412731       -0.4426236508       -7.6668073625
        -3.3070833047        3.1746591587       -6.5449993632
         0.3047090349        1.7913373437       -7.2365805533
         9.5994740654       -3.3134012537       -0.4729400921
         3.9874574242        7.8577116059       -5.9862649101
         8.3916338119       -3.9762971685        3.1445772427
        -3.6453497483       -6.2169234732       -4.9808430733
        -9.3564042546        3.1907267922       -4.8207400215
        -0.2716917337        5.9119940644       -0.3804728947
         1.8476998534        6.7323119224       -8.9842315844
         3.8921451524        1.2481857541        5.7373809732
         6.1866559034       -5.2314475341       -5.4377423168
         1.0301836088      -10.1066241161        1.5125456650
         4.5085685351       -8.5051050886        0.9666700722
         3.0900142650        4.3282378011       -6.4524905826
        -1.7357065345       -2.3016156988        2.9441323847
         4.9521175960       -4.7996793932        1.7427077060
        -3.8837462479       -3.3668988984        8.8805658951
         2.7817810378       -0.6070000478       -8.8363214097
         3.1161484332       -4.2157923705       -7.6686241370
        -0.0954890080       -4.8449927254       -3.4749764919
        -5.1770882762        4.0766577858        6.7662459296
         2.7916799961        1.3156669560       -1.2720789356
        -1.7089109581        4.7375771645        2.9148887208
       -10.7095937985        2.6476704518       -1.2831246441
         5.4548366638        1.9277048119       -7.7734827644
         3.3872220553        4.9228578004       -0.4925113792
        -3.1467939836        8.1057255709        0.6896355171
         2.2778000559       -1.2018257036       10.2004591381
         0.3709020604        8.8964857649       -6.0329892152
        -6.1041617839       -1.0647738122       -8.5812598025
        -8.2569604857       -4.1696257870        0.3699796286
        -0.0904847751       -3.0493271864       -9.6760554631
        -2.8088550985       -9.5452435300        1.5074625760
        -1.4391493854        8.4739810604       -2.7932927594
        -3.9353382966       -4.1886271571        5.2187968646
         6.6731522102       -1.4741111384        0.8428855728
        -1.7078982817        5.8315959388        6.5560214072
         5.6425907840       -0.5286872099       -2.7115220579
        -4.5075859195       -7.8568136967        4.5198479970
        -6.9255455991       -2.4226091584        6.7606681134
         3.2907024810       -2.3406751070       -0.4846253827
         4.0645217225        8.5240028033        0.3857020902
         9.1085732488       -6.0198955452       -3.1243314236
         3.5898198590       -5.3242436946        5.2474448283
         0.3818493693       -2.0786322117       -6.2361833577
        -1.8833280472        0.8469781100       -4.2171204124
        -4.7034077088        5.5219254196       -8.8780497403
        -0.4070983145        0.6176947199      -10.6632865917
         0.5315876164        0.3966095925        4.2259457368
         7.7770722199        4.8196348629        4.4320879095
         3.7472723220       -4.5121510177        8.8953350843
        -8.0629626221        5.0558483357        4.3007649113
        -2.5674046889       -1.5860103773       -0.8530885457
         3.3373483512       -3.2715850306       -4.1133573263
        -2.3127991117        4.8347041517       -3.3308138216
         3.1096843507        0.3893004985       -5.2230180879
       -10.1739397183        5.4128961192        1.1709944373
        -0.5533364347       -7.5369394040       -0.7149744584
        -3.9428409186       -8.6706928531       -2.0807946777
        -1.1402647246        4.2518671572       -9.8092142606
        -4.5467436148        6.6635377117        4.0476681579
         0.7743748011        2.0976328306       11.3938847541
         7.2308617021        2.1154874896        7.1480899158
         3.1260969494       -8.9943682820        4.5457153155
         6.1928759057       -4.1812822223       -1.8119090920
         6.5542964441       -7.2679044248        4.0027917033
         1.3874772527       -7.2765251231        7.5661510913
        -5.6686163698       -7.0020833818        0.9215315975
        -3.3224787476       -5.1096196992       -1.3866552654
        -4.6244597808        0.3821720082        7.9972944410
         5.1680337496       -7.7852198773        7.5271146846
         0.9719037090        2.9265209725       -3.8253018584
         1.5556671307       -6.5129229658        2.2848900431
         2.4820251729        3.0653344544       -9.9237505122
         7.8724223874       -6.6757362569        0.4291088727
         7.8100244668        1.3933069959       -4.9272828767
        -9.9650794185       -0.8679596588        0.0158790149
         8.5692698486       -2.3490731213       -4.0598634774
         2.1606550272       -2.0455879815        6.5926064552
         4.5940304303        4.8790748786        6.7274425391
         8.2362125125        4.1725749330       -2.3115094520
        -5.4011228841        3.0559682648        3.0780785788
         1.8300641885        7.4896953386        6.1680244135
        -3.8642112915        4.5901267122        0.0269420716
        -5.7874845744        3.6647422111       -3.7692738740
        -7.0643294624        6.1715239346       -5.9116183829
        -5.1448073717        7.1601387401       -2.4598012802
         5.7684231307       -7.8285672642       -2.6235660534
         0.0026944969       -3.9913900157        0.0607285751
        -8.8549591104       -0.4406531970       -6.0288225583
        -4.0766998896        1.8963511091      -10.0473085019
         2.0035209263       -2.8605659024        2.9952386645
         1.7005455969        6.3131931423       -3.4372649302
        -2.4109635284       -6.7098570514        7.5543203764
        -0.6854653010       -8.4810387262       -4.2767920000
         5.8266178934       -1.6419082904       -6.5679541067
        -6.7296155432        6.8037934347        1.0168912013
        -1.7270067473        7.8825849241       -9.0471923614
        -2.2010476176        3.0914127119        9.1338078863
         5.5562910523       -1.2110484915        8.1163078469
        -0.1893926589       -4.8072257200        5.2685416687
         6.7737948216        5.0794584620       -5.8890365931
        -3.4749137092        7.3793919906       -5.8056940550
         2.3488278937       -9.5159856827       -2.0837857503
         1.7900752098        6.5456949569        2.5540171431
         1.2245717744        3.9292285414        5.2626251614
        -1.5690947893       -0.6127822487       10.1659158861
         5.5143034352        6.9174337498       -2.7274598410
        -0.7075920803       -8.5194867102        4.5818074099
         2.7650170470       -6.9314208291       -4.9377677095
         1.2109188471        3.0103003189        1.7258035636
        10.3525749700        2.0838283135        4.8934030318
        -2.8787282145       -2.6679333896       -4.4348344163
        -3.3488547482       -1.7114017874      -11.0918080351
        -0.4284909964        5.3901955492       -6.4059231964
        -6.7139028199       -5.9272206077       -2.6549775395
        -3.4775081416       -3.9293032325       -8.0016134535
         5.3716309998       -2.0841773460        4.4366806146
