        -4.9257766952        1.2934373693       -1.3190222756
        0.7764407493        1.3080281730       -4.4962610220
        1.2591415531        2.4875494921        2.7355619457
       -0.8345208419       -3.3184988597        2.9865481301
        2.0276974458       -1.0071397659        3.9373134826
       -1.7958118634       -0.4392658422       -2.4006698766
        1.8881086675       -1.5449093593       -2.2812211640
        2.4440119554       -3.3760399211        1.0054349608
        1.2046273199        2.5824938301       -1.0299044174
       -1.5858267671        0.2648492595        3.9745128566
       -3.4211456027       -1.3029364917        0.9815976685
       -2.1285606887        2.4166240447        0.8859080422
       -0.9197119396       -3.7180879932       -0.7658925987
        0.1276057809       -0.4626126428        0.7404841358
        3.7138697967        0.2417190686        0.7170461490
        4.2034705687        1.3251509771       -2.8724378847
       -2.0336194386        3.2496386616       -2.7989981322
