         6.9385120413       -2.3704670238        8.4614457664
         6.5695413385       -5.4220751992       -3.6375879929
         8.9124851731       -4.2990967117       -0.7663855008
        -5.1666623290        6.6202856246        3.4397432067
        -4.0823155287       -5.1919021335       -4.6247275548
        -1.5336122555        6.5554027256       -7.8356430231
         3.1307703916        4.5556273195       -5.8969784837
         4.5512362617       -4.4728529348       -9.7613991521
         1.9873390764       -0.8149954042        4.9169560719
         0.9783369746        8.0996111155        4.7115750635
        -5.7028101302        1.1235990585       -5.1631866986
        -2.6268750751       -8.3933194948       -3.8481622276
        -5.1329695321       -1.1864768448        9.2144998238
        -6.3227914215       -6.9506855636        1.4407811180
        -3.7551013376        4.6866061118        0.6753072179
         2.3276473054        5.8831405993        1.9560746435
         1.6815408830        1.5121780505      -10.0444301959
        -1.5068758753        9.2112709228       -5.0028760384
         7.4879960755        6.3754482679        1.6902661787
        -0.1457468609        3.0938472963       -7.1133363416
         0.7471026270        1.3479536417        7.6254732864
         0.4663426606       -5.9682983737        8.4027547644
         5.5359939992       -1.7810357098        5.1063688441
         5.2848247133       -3.3536557692       -0.9399554936
         6.2127534258       -6.9542434083       -0.0821457398
        -3.2843424717       -8.6887222883       -0.1422485544
        -6.0469996522       -2.2470182894       -3.3595291953
         1.4713210918        9.3761113269        1.0784213115
        -7.8088986420        3.8457573872        3.9512354575
         2.0355380002       -7.1251571073        3.3388453991
         7.3108124340        5.3901573787       -2.0510252878
        -5.1074193249       -0.7582002976        3.8046891761
         6.2517708031       -3.0819224304       -6.5831936871
        -6.3095967695        1.8753248868        1.1612648904
        -4.1561656935       -5.0713444412       -0.9452456377
         4.4809975639       -1.1237165472       -3.7398199473
        -4.8142055507       10.1892965306       -3.3331442332
        -9.3941603323        1.3403342132       -5.3731818378
         2.9838503731        0.8553433914       -6.5455026947
        -5.6872391507        3.8947028305       -2.4337576680
        -6.2520709007       -6.0210701458        5.2639195390
        -2.0378110248       -3.6275676434       -9.4084027005
        -0.2845729663       -9.7138388629        2.0815555506
        -3.4645542909        4.2173659123       -5.5471025205
        -2.3284750841       -6.9935229837       -7.4744322898
         0.4541106069        6.6297104191        8.2568671686
        -9.4002342900        4.1219436678       -2.6314946225
        -9.5627528472       -1.3485857655        0.2505781270
         3.1195505195        3.9485116652        9.0409684563
         2.8562119976       -4.5922941751       -3.7553542057
        -2.4944227666       -3.9561667466        9.8791499173
        -1.2867712981        5.3682135751        3.3055009198
        -3.3554796214        6.8442250957       -2.8201222348
        -1.9517540294        3.5602840826       -2.2302887606
        -1.0474395544       -6.1505525171        1.1842594352
         4.3266505167        1.7133772725        6.2173925036
        -0.6228438508       -5.4113792159       -2.3837964631
         5.0351381516        2.6475387327       -3.3879961719
        -1.6770968787       -0.1384399713      -11.0608625263
         4.0253190295        7.0296877597        6.8801392264
        -2.8824804623        0.3882400291        6.7236504071
         5.7202384535        1.1401929598        9.5789100741
         8.0648722496       -1.8084928653       -3.4923711614
        -1.9357253284       -2.5877402720        0.4635035566
         6.5075771219        0.3024661093       -0.7441342775
         2.7388092927      -10.6262817753        4.2500429018
         3.3978430318       -9.4842466396        0.6741567717
         0.9247246523       -1.3084380031       -4.2686473327
         1.2186318098        2.3589136328       -3.7487299566
         3.8877354681       -8.0913531868       -2.9736591774
        -0.9326684916       -5.2830556726        4.9264390478
        -4.0803252765       -4.3450805612        2.8129284613
         4.8610993274       -4.6928541777        2.6374073970
         5.6220436954       -8.2015107806        3.5572234969
        -2.5810805105        7.5463539182        6.0355675431
         6.6736411988        4.2604000341        7.5312931569
        -2.4274803408       -2.3727674674       -3.0710877573
         1.6916406751        4.4721199968        5.5460847179
        -0.6509675921        0.3049612006       -1.4832758692
         5.1983809530        4.7835501215        4.1177691091
        -0.4952109126        3.5042823733       10.3410445319
        -4.2050674702        0.6363677639       -1.8108260076
        -1.8788843521        4.0498117220        6.9339656223
         4.0997056969       -4.9137101436        9.1881497968
        10.0823162189       -0.5359324708       -0.5179151098
        -6.5406383941        1.3577729856        6.6410574849
        -1.6009900265       -1.7471175931        4.0027875054
         8.8400390456        3.8784750193        4.3317637910
        -4.8704685741        7.5904472056       -6.1503703708
         2.9171393184        2.2503192943        2.8359118521
        -3.1640093455       -6.8841553030        7.4149374912
         0.6425240158       -0.2410083876        1.6687226075
         5.1021935874        6.8421908581       -8.0094312036
        11.1576869015       -3.0944603416        2.0942115292
         4.0865597019       -1.1961836913        1.7492082275
         3.3621617885       -1.3989574268        8.2464617470
         4.5647802053        8.4588968746        3.3323870108
        -7.1294240512        1.7073621105       -8.4863873935
        -0.1059467095        5.8120474325       -4.4034062677
         8.4286192273       -5.6655366779        2.8312008754
        -3.8188594805       -3.3270786822        6.4216596144
         2.5436392652        5.1156161392       -1.8489801569
        -7.2394402293        4.5325743832       -5.8331123418
        -0.6881712866       -4.1251708916       -5.9011717834
        -4.2066296444        3.0103081964        4.1573386426
         0.2092920106        3.2593950507        0.6021261443
         8.7035314287        1.9977616616       -3.1950818233
        10.0665583232        0.3979068601        3.2281081883
         2.5474390860       -6.0174364655       -0.2159132534
         1.1109399400       -5.7899605320       -8.7061365335
        -6.0710722717       -4.8756908927        8.8938158360
         1.6217246543       -2.5921719669       -1.0044847316
        -9.6971302377       -2.0971470895       -3.5737538833
         1.5965297643        8.6879047149       -2.7053682052
        -0.6043662719        1.9148866211        4.2380880900
         5.1373458809        3.7671272760        0.3674881612
        -5.4936949175        5.0608987566        6.9000307952
        -7.3909698125       -2.3831704216        6.2995798286
        -5.4860515299       -4.7943397008       -8.0617400612
        -2.0414964521        0.8938444844       -4.8505325742
        -7.8126417745        0.8202708413       -2.0306545350
         1.8198320609        8.0617372447       -6.5535566515
         4.2626791826       -6.4450528497       -6.5421182136
        -0.3332266288       -0.6944998298       -7.6986484673
         9.1074416741       -2.7463002203        5.3000803617
        -7.5510825089       -1.7608248924       -6.8050346018
         4.8019651402        7.2435321708       -4.1786263764
         4.7900709681       -0.7146735893       -9.3140076751
        -3.4321203964        1.4829670835       -8.2179119787
         0.3668808479       -8.8305645312       -1.5443687712
         1.4543777359       -2.3357527143      -10.4965736104
         8.8624228595        2.9634578005        0.5604799344
        -0.6295025314        6.6447057216       -0.3525291454
         2.6815965599       -2.8831608994       -7.0128666719
         6.4873247722        1.3376649766        3.0212810389
        -2.0827000686        8.8052591002        2.4183075659
         6.7140824073        0.6844519671       -6.2161444944
        -1.4866355383        3.7078812777      -10.4666573056
         6.3505379510       -5.3562174773        6.0800105379
        -3.3107745469       -7.9499934842        3.6745928676
        -8.6305231998        0.1079967211        3.6072656446
         7.0541582213        4.4829077485       -5.7819109937
         2.7091757298       -4.3092331340        5.8309046546
        -7.9459620240       -4.5363847519       -1.0775628552
        -6.1997100751       -7.6727366442       -2.4386002897
        -5.7136691860       -1.8201297054        0.3465425939
        -4.1375790409        2.5156132306        9.4584974187
         1.2946339045       -3.6640772561        2.4700749025
        -2.8069174048        1.0274083529        1.4555111687
        -1.6824970681       10.0107517833       -1.2123052400
        -3.7679791896       -1.9120892866       -6.4937108196
         1.1271295824       -2.9763545139       10.7564998189
        -4.9738908527        8.3156295013        0.0409795354
       -11.4919445858        0.9429184911       -2.1883688690
         7.6096431503       -2.1136132316        1.9153710441
         1.8349199115        5.3185791891       -9.3146743098
        -4.8565805540        4.8485749965       -8.8763903509
        -0.2474103148       -2.3796557336        7.3908538648
        -7.1342966613        7.2069493100       -3.0070467698
         4.9900600916        3.0853142379       -8.7542201468
        -9.8722820522        2.4986452729        0.8609106085
        -5.1645800510       -1.3746620939       -9.8374584851
         7.5500339586        7.3117766366        5.4049069422
        -7.8084236769       -3.6209708307        2.7436575549
        -0.2092040227       -8.7950942986        5.8488981075
        -7.4642812445        5.4606314340        0.4717808534
        -5.7053976019       -8.1190830560       -6.1659336367
        -1.5276788603       -0.2189434523       10.2343233466
         2.1274067047        0.7667311703       10.9955767767
         4.6464144199        7.7400667341       -0.4114714251
         0.8165165337       -7.4887228932       -5.2123863301
        -7.7827651829       -5.1490654973       -4.9219040560
         2.9491529086        1.0203062540       -0.9203808772
         3.4407424369       -7.8228295069        6.7502299547
         7.9917164130        0.7713585571        6.4752646924
