         9.2111823680       -2.8800512783        5.0962474216
         4.5209254837       -5.7238931132       -7.0346114792
         6.5872682788        0.3264974789       -0.8471903032
        -3.9440149419        4.8975897120        1.0314211928
        -3.8114041903       -5.0816790218       -5.0923006931
        -1.6925648438        7.0381777684       -7.3161576055
         3.0644809820        5.1653356455       -5.4963424460
         4.7671682656       -3.5690408540      -10.1690270935
         2.0314203839       -1.1723936458        4.8367572756
         3.7606690885        6.5715852279        7.3912363478
        -5.6830724273        1.2775801136       -5.0736845227
        -2.3164191942       -8.4447794264       -4.7486515253
        -5.1132294480       -2.1161593339        8.9895559307
        -6.0472336838       -7.3029049468        0.7633394739
        -5.6695845490        6.2707375423        3.9197257519
         2.3642935221        5.7928789711        2.2514459617
         1.6954565261        2.3136292244       -9.8843125272
        -1.7977072376        9.4884408558       -4.3203143849
         7.0065469610        6.2813404590        2.1338283147
        -0.1567466109        3.6035812278       -6.8309166269
         0.7329512782        0.7018674834        7.7272590916
         0.6658369561       -6.6461576028        7.9011945607
         5.6068398517       -2.0311643515        5.0177911716
         2.9439477001       -2.2611326999       -7.2458432254
         6.3592119193       -6.6508423816       -0.6263248675
        -2.8154343356       -8.5096435386       -0.9935748392
        -5.8949144369       -2.2943497160       -3.5809704532
         1.1239131807        9.2782541799        1.7706155343
        -7.9612980253        3.1934018520        4.1114558121
         2.3556378492       -7.2465933011        2.7733597884
         4.6887159429        7.9661917813       -3.7128992473
        -8.3848644728       -0.5620500247        3.2719904888
         6.6324225266       -2.3868522812       -7.0387445222
        -4.7585175952       -0.9627161496        3.5245994153
        -0.6464275680       -5.6339084802       -2.9062957838
         4.9893084652       -3.1453580803       -1.0985001012
        -7.3584843314        7.1379177391       -2.5425610001
        -9.3748524105        1.4003958186       -5.3560374845
         4.8729244714        0.1663268621       -9.3695741566
        -5.8202347596        3.7944282043       -2.1364562618
        -7.9268673605       -4.3252873974        2.2993853804
        -1.8333234326       -2.9686515059       -9.6826192172
        -2.9971074569       -8.2180697569        2.9234127809
        -3.5409812124        4.4881929912       -5.1951237967
        -2.0254183305       -6.4876556352       -8.0851596573
         0.2018135402        5.9553244417        8.7137194376
        -9.5119864879        3.9465705417       -2.4236464345
        -9.7908103872       -1.8357541395       -0.0074627891
         5.6867233265        0.5451472130        9.6796397220
         3.0579532556        1.4866929438       -6.4246476511
        -2.3778618421       -4.8400625157        9.4885135856
        -1.1498290468        4.8028173134        3.4064856053
        -3.6163521438        6.9346066658       -2.2615517043
        -2.1440160475        3.6244686152       -1.8765933088
        -0.9643295901       -5.8749635183        0.7403723123
         4.2779040908        1.3004284771        6.3834820645
        -4.1132523226       -4.9568950570       -1.3477648957
         4.9694436393        2.7993796608       -3.2824095543
        -3.3924606804        1.9578798578       -8.0773548346
         0.7024011250        7.5849146844        5.2001423020
        -2.8668307809       -0.3541635320        6.6997745470
         2.9824587284        3.3035911853        9.3399483677
         8.8180545211       -3.7698078233       -1.0633062447
        -2.3208632156       -2.2863730342        0.3439153298
         2.9956191211        0.5730559248       -1.1958735439
         3.0791805716      -10.8169396385        3.3271484115
         5.9189976701       -8.2828583902        2.8841543511
         2.8100846427       -4.3131792048       -4.0995136742
         1.1909220288        2.7759887931       -3.4829151001
         4.2209326037       -7.7051268590       -3.6467461820
        -0.6610930570       -5.7275877334        4.4709077770
        -4.1331126142       -4.5895403344        2.4637270063
         5.0811412129       -4.6994118259        2.3084105141
         3.7890662251       -9.4598805237       -0.1359058136
        -2.8176724292        6.6880470345        6.3585498137
         8.6941933594        3.8020613629        4.6250132857
        -2.1904677539       -2.3515232282       -3.3055937161
         2.7464805644        2.0608554053        3.0974445498
        -0.6662105159        0.3844574991       -1.5862602224
         4.9663479465        4.5330439437        4.5321479769
        -0.6380898402        2.6391530299       10.5707086753
        -4.2338148190        0.4554558736       -1.7670175169
        -1.9877496534        3.2734166181        7.1475169066
         4.2707169995       -5.5358806271        8.8003750974
        10.1751072362       -0.1402283149       -0.5590133019
        -6.4932018924        0.5801096761        6.5243604281
        -1.4013572255       -2.2345303575        3.7983640929
         6.4242931897        1.3094506859        3.2007837503
        -5.0729215734        7.8364790768       -5.6027794869
         4.8746615368        3.4538607209        0.5492445510
         0.0942706517       -9.2578755711        5.0713404482
        -3.3304790622        5.2905242310        9.9234932169
         0.6372642084       -0.3677993241        1.5172944795
         4.9210528018        7.6215991915       -7.5211422793
        11.2196156855       -2.8854968504        1.8307073121
         4.1361951536       -1.1089002895        1.7454455707
         2.0874252520       -0.0626369494       11.0440105597
         4.2609769831        8.3566206332        3.9844631104
        -7.0901023453        2.0821329797       -8.3818881086
        -0.2870708111        6.1312348545       -3.8939438558
         8.6277287004       -5.6002037136        2.3739024058
        -3.6012562274       -4.0067976454        6.0605307023
         2.7604901545        5.5049613730       -1.6372209494
        -7.3152532952        4.6758314786       -5.5272635618
        -0.4078878084       -3.7206086353       -6.2312153398
        -4.2612535547        2.7546028689        4.2976965537
         0.6653577821        3.1807974993        0.4149254584
         8.6529507272        2.5425825565       -3.0242230753
        10.0523585244        0.4685954888        3.2694355856
         2.5716487312       -6.0901887682       -0.7159897437
         1.3820333678       -5.0669088740       -9.1838828206
        -5.9132764977       -5.7638793881        8.3287607012
         1.1500231538       -2.8058125947       -1.2397531486
        -9.5848429676       -2.1789788811       -3.8658418545
        -2.0341978577        9.9150801040       -0.4907304197
        -0.6759288144        1.3651896527        4.3662199303
         1.5121710359        3.9949607222        5.9147996630
        -5.7801908551        4.2883010150        7.2155910720
        -7.0778640473       -3.1117663891        5.7724181209
        -5.2477374651       -4.3585176000       -8.4853307972
        -2.0130791997        1.1618018365       -4.7930950481
        -7.8658851281        0.6016082934       -2.0118375733
         1.5769028516        8.5873941790       -5.9440536941
         6.5915528751       -4.6664442996       -4.0129180051
        -0.2072787744       -0.1537438321       -7.7204458412
         7.0360712385       -2.8375038159        8.2929982002
        -7.4022463273       -1.5087320979       -6.9898199471
         6.8359541085        5.6563645757       -1.6134047286
         6.8386088298        1.3737171165       -6.2493414053
        -1.5888339840        0.6395221351      -11.0420803226
         0.7792234360       -8.9489225616       -2.4778654074
         1.6048971912       -1.4816428999      -10.6660801792
         8.6456342231        3.1159296715        0.7807654045
        -0.6193390632        6.5514748109       -0.0256580196
         4.7985201538       -1.0038627778       -4.0708679179
         7.9867074900        0.4977293816        6.5580681332
        -5.4613998190        8.3067979628        0.6326740373
         8.4171731373       -1.2104888741       -3.8100516303
        -1.5354817548        4.4154608422      -10.1492271133
         6.5549560674       -5.6515503121        5.6688705169
         0.1134049941       -9.5750802526        1.1854702582
        -9.8923546184        2.0078304931        0.8930149006
         6.8737000038        5.1366057130       -5.3902766354
         2.8832146157       -4.6887673223        5.5175227867
        -5.8410652163       -7.6575845707       -3.1513286463
        -7.8893727457       -4.7992011879       -1.5599038799
        -6.0496051498       -1.9866207103        0.2470870426
        -4.2611619198        1.5919804773        9.5533616729
         1.5726966103       -3.7635835548        2.1786328792
        -2.6204269436        1.4135622695        1.3665659772
         1.3622344611        9.0258130498       -2.0944769441
        -3.6227330074       -1.5912880099       -6.6344189905
         1.2122869070       -3.8209214779       10.5005971489
        -2.4199845339        8.1930359917        2.8889248615
       -11.5394819989        0.6994954889       -2.2856350610
         7.6507224365       -1.9686724214        1.8287678485
         1.7129404188        6.0552807292       -8.8845692714
        -4.9354548548        5.3070453102       -8.5051365500
        -0.1290115909       -2.9996648930        7.1920703012
        -5.1570168920       10.2597011943       -2.6489350109
         4.9351714647        3.9178028930       -8.4983767476
        -6.2327473458        1.7578344464        1.1700106539
        -5.0217776862       -0.8025523477       -9.9498071525
         6.5243315132        3.8505042828        7.8561382559
        -6.0718499989       -6.7229053889        4.6690592891
        -2.9272450578       -7.5885736739        6.7678337714
        -7.7401563115        5.2107410604        0.8037551311
        -5.4059980891       -7.8471295728       -6.9333064561
        -1.5420849218       -1.1115727785       10.1700426358
         3.4260016720       -1.9772447667        8.1572191672
         4.4315842015        8.1957829555        0.1438821154
         1.1207942997       -7.1706043706       -5.9189462219
        -7.5467996530       -5.0491327123       -5.4295033091
         1.1621828229       -0.9173809998       -4.3660743843
         3.7093217130       -8.2511165851        6.1051090217
         7.2582291823        7.0694615307        5.9074687881
