        -5.3286453201        9.8969208679       -2.6498217750
         5.1148533560        2.9916261031        9.2107349572
         1.6725295680       -3.4420257201       10.1843991691
         5.7958030244        8.5479219074        4.3641508268
        -2.2815558414       -1.8732800525      -10.0660766556
         4.8723872316        2.0223460027       -3.6857503985
        -3.6986805698       -4.8844976358       -8.1625174610
        -9.6611459131        5.7565217658        0.2843188809
        -7.0017751147       -0.1036889204       -1.1782369463
         7.5718089528       -3.0643381804       -1.2698293439
        -0.7156376565       -5.2149092219       -5.9435643299
        -0.0210788457      -11.6205530445        1.0466678468
         2.3032799266      -10.3352510523       -1.7859154940
         0.8761181946        6.6601741768       -4.0925980401
         6.1438710071       -7.8370270856        2.6487752360
         2.3193403421        3.4665563821       -9.6387460156
        -9.9056957617        1.9003462852        0.2763546021
        -3.3523204595        6.8081668167        6.5089049055
         4.1937524374        0.0022003731        7.0561691901
         3.0696109112        6.3370280590        5.4942065338
         5.1216931997       -3.3162830745        8.5410469990
        -7.2499131004       -6.7924320429       -3.2925245171
         4.5028703860       -1.1832139074        0.1210562533
        -0.4974686806       -5.2889965557        4.8228839071
         7.9106605547        0.3324553774       -5.0443166722
        -6.5813441914       -2.1208585531        2.1137542148
        -4.2324295897        1.6014978097       -2.7416805810
         1.9428254974       -3.0747003501        6.4296255129
         5.6365882014       -1.8855952117       -7.2601347774
        10.2719308202        2.4345745988        4.0648298724
       -10.1809720078        3.9599698495       -3.0385394817
         4.0134867033        9.3176099389        1.1239078618
        -7.2150838068        8.7604345327        0.4714687803
        -1.3347164824        4.4736807897       -9.7444836497
         2.9502028764       -4.0037783411       -5.3886027185
         0.3365305636       10.5593284077        1.0374973321
         0.1387314098       -2.2583325696       -4.0245839377
         0.5788041046       -2.3101769950       -7.8577979307
        -5.7238599802       -9.1123467818        3.5483841804
        -7.1271461870        1.7165373153        5.9923189400
        -7.8312489872        6.9876385194       -2.9041605657
        -1.9072170625        4.5011188921       -2.5079629819
        -2.6690225006        7.7123086334       -4.1259859700
        -1.5865112642        9.3423623556        4.1201291606
         2.3136920107       -2.6814419032        2.6710202128
        -7.1299624100       -2.1797918570        5.8750022122
         5.7857781496       -5.8350543767       -6.6245151113
         2.1966506252       10.0830106848        4.4162526855
        -5.3749760608        8.5310131272        3.8503284666
         8.4584612930       -4.7429173241        3.3667948137
        -3.2704398131       -3.9080192915        0.7907298016
         1.5654128104        3.4718326089       -2.5083227198
        -4.5491179272        6.6516455031       -1.0122631960
        -4.2581506859       -0.1907114337        4.5390557829
        -7.1760075362       -8.9114723860       -0.0421138544
         8.1390170425       -3.5097857963       -4.8959117020
         0.1448929512       -8.6345138129        6.5177838528
        -2.0808039831        1.5342732825       10.4247319337
        -9.0475591188       -1.1744090627       -6.5562146644
        -6.9565073938        3.6869830311       -1.2294118604
        -2.7436696412       -7.1807669714        2.4223692637
         8.4942483047        3.2121799652        7.3771403949
        -6.9835321350       -6.0163403812        5.5603520970
        -9.1658290856       -3.4372386405       -3.4223282698
         3.1359125697       -5.9034310324        4.0273284708
         6.2329881528        6.2828193011        7.5058792854
         7.2594258453        7.7735181052       -5.5469408783
        -7.1353173338       -4.5440751015       -6.4741726153
         4.4322739579        5.5925285145       -3.9859453378
        -0.2617981519       -5.3666671252       -9.7099254976
         5.7285261630        8.4839370810       -2.1889444414
        -1.1227933148        1.3159844575       -0.9557511982
        10.6630670588       -3.1532925469        0.7094579060
        -5.8739571757        8.0279790863       -6.0602485377
        -2.6934425476       -1.7808198099       -6.2568591239
         5.3311481840       -4.5423707322        1.2548132034
         0.8447538909      -10.0029052137       -5.2453260460
         0.0818459799        9.8405845610       -5.7118781562
        -2.6666356043        6.3758553342        2.3389119216
        -3.7395347208        3.3861982592        0.5673393727
         1.5999324261        2.7503010926       10.8351868865
         0.0515803480        4.2723804832        0.7440947395
         1.0401540716       -2.4696124056      -11.7010300493
         4.8228802332        5.6627385749       -7.6150821078
        -6.0585566723       -1.5036019611       -4.5502280889
        -7.4308808921        1.8696279896       -4.5570252127
        10.7143462416       -4.8897920698       -2.6129433490
        -6.2232030020       -3.6822362874       -1.3199629026
        -0.7633622262        7.5558469873       -0.7774886432
        -9.2579135166       -5.6610683338       -0.2395532180
        -9.4236939937       -4.0343445192        3.3359604239
         2.5273190528       -3.7820995242       -1.4264642494
         3.9287470494       -0.3499552615       10.7386543935
        -9.4633140773       -0.1679038534        3.5329157952
        -4.0733784263        1.5831219713       -6.3517783670
        -1.5859379685       -8.2922699081       -7.7205654654
        10.3435510263       -1.0879966905       -2.5848499004
        -1.7903908151        1.7479712397        6.7164267535
        -1.4450108420      -11.3721103715       -2.4837315767
        -4.6772958398       -0.3004819395        8.2519022195
        -0.4876228334        1.2143674879       -7.9584504125
         8.3967267293       -6.4074088903       -0.0846227514
         0.2516815395       -5.2324429762        1.2943163778
         1.0841348772        0.1670986524        5.0252367015
         4.4367381788        0.4056566683        3.3709431891
        -1.5777471304       10.8250856536       -2.3890836365
        -6.4098991295        5.4579206773        2.1027052586
        10.3925316634        0.7122818838        0.7466565746
         2.0795587881        9.6895547142       -2.2661246456
         3.0643782353       -0.1905567638       -9.5929940035
        -5.0558730345      -10.0097279000       -3.0402320267
        -5.0852252000       -7.8435791606       -6.2274039602
         3.6516540271      -10.5382261696        1.7741798158
        -3.1508165884       -1.7741445218       -2.4635459497
         6.5757637322        4.5677723609       -1.1821326154
         3.8904126977        9.2544048412        7.6480062265
         5.2834576460       -5.5752723103       -2.6910536994
         1.9206460651        3.0794901347        7.1360930527
        -3.6397988631      -10.3541521737        0.5159867166
         2.1706715067       -7.1569119338       -7.2768542816
        10.6241647641       -1.4165936666        4.0644909597
         7.5823873054       -1.3685915766        2.0310505995
         5.9147876580       -9.0413049085       -1.0882685233
         7.2034852451        0.7319721355       -1.2385441449
         0.2631098907        8.0290560244        7.1052529220
        -8.2785802310        5.0958936689       -6.2553191642
         7.3398034626       -0.1361374491        9.0081003812
        -0.1768817419        1.1159758100      -11.4756136250
         2.2380735421        3.4116326220        3.4146171214
         3.6647983730        8.7781548689       -5.6146250645
        -9.0885660623        7.5766997364        3.5615193236
         1.3980765558        0.5612684449        1.3924671284
        -1.7118665546       -2.1245930976        6.7216854890
        -0.9568417869        4.8280591060        8.8145856101
         5.3765818301       -2.8819095825        4.7409893488
         5.3565911981        3.3327937515        5.4292362467
        -4.1408149506       -4.8077190961       -4.3358933167
         7.1132616074        2.4695516038        2.0708173495
         0.8115263870       -8.4883017036        2.9289057859
        -4.5876443617       -4.1657461483        8.0249638797
         2.9088590573        6.3439795694       -0.7183147578
         1.1807582534        6.7145727595       -7.8063890284
         6.2262426147       -6.1843170435        6.1468273645
        -2.4444338403        7.7567495035       -7.8081196490
         5.3291094363        1.9664785584       -7.4336006060
        -4.0745919685       -4.0036141274        4.3887116762
         1.1441598725        7.1943897293        2.5191099662
         7.5507084459        0.2638556631        5.3346933244
         5.1148535637       -1.7433420661       -3.5731557143
        -7.3154723660        1.9066287850       -8.2438433256
        -6.5977918024        1.6924066354        2.1754388847
         8.1076211470       -7.3358070248       -3.8790502283
        -9.8372346949       -1.9652249310        0.1277577664
        -2.0696891551       -8.0615645504       -4.0336477616
         9.8663307408        2.7755141716       -2.5232971050
        -4.8618413546        4.8389592473       -8.1243639951
        -0.2995325822       -2.0436941969       -0.2760049210
         9.8117048940        4.5675723641        0.8125855288
        -0.8234899698        1.1954827956       -4.4534508698
       -10.6795035333        2.1795084552       -6.3444649316
         2.7461728762        6.0153566344        9.2394474418
         3.0780352335       -7.1783470157        0.1575522832
        -0.5953682490        4.9664839800        5.0173376745
         8.4667466667       -3.0615004357        6.7693609411
        -4.2246625195        3.6794078832        4.5072279089
         2.6171713125       -0.0713630081       -5.8824219994
        -0.9675822277       -5.4590101526        8.4231256485
         2.0179463477        3.4941454965       -6.0583014865
         3.8467732175       -9.1605121403        5.4269922894
        -6.2622997517       -5.8055371251        1.8974696261
         1.6552086539       -6.8736690951       -3.3744115255
         4.8859849424        5.5710722785        2.2338719822
        -9.3708712322        3.7331460575        3.6013421306
         0.7532532062       -0.1981827709        8.7055378337
         0.5074292651       -0.5275996158       12.3963705453
        -6.9552636067        5.6028284757        5.9531225764
        -1.5095632384        1.8663759967        2.9949515826
        -0.6074448968       -8.3281151671       -0.5659654198
         7.6016805517        4.1107322076       -5.1704687354
        -1.2015534140       -5.0320691991       -2.1268894916
        -5.0794158846        4.8166410228       -4.3890614766
        -9.2219946312       -7.7774904089        2.9630580533
         3.9312846644        2.6096276655        0.0754288123
         9.1544806708        6.6000713683       -2.4881849079
        -2.1973640784      -10.4525767350        4.0736335410
        -2.0870429076       -2.3187580593       10.3343326429
         2.1633884044        0.0072521359       -2.2365979651
        -1.5938026247        4.4849078476       -6.1208221572
         8.1231276641        5.5298577976        4.2009441920
         7.5724135222        7.6312798446        0.9667144627
        -3.7778206830        1.5709023386       -9.9538038231
       -10.2845233878        0.1226892134       -3.0927047874
        -4.5886463098        3.5779163113        8.2466333297
         3.4136789256       -4.1596273296       -9.2263189156
        -4.2038621294       -6.9660347163       -1.1075121417
        -3.4357137385       -7.3497977300        6.1168516787
        -3.4646382324        9.7725439873        0.7671261964
        -3.4817509819       10.9351661308       -5.7861412117
        -3.7549046520       -0.3128375959        0.8183296013
         4.5104034337       -8.7697015159       -4.6038592209
        -1.2191989450       -1.9290157839        3.1655012930
        -5.6779489653       -1.4933672859       -8.3652684063
         2.7858906866       -6.3145787505        7.8195300604
         1.3107327734      -11.7784919323        4.5870620210
