       -11.2585995898        0.9096884606       -0.6490637764
         4.2556738668        9.4561642226       -2.1624873169
        -5.4773719703        8.4781435049        3.3176454685
        -7.1757067441        0.1358314056        2.8780654666
        -6.7640169407       -1.8171281335       -2.9352485931
        -2.4146680469       10.0372993510        1.5922206531
        -2.7610136862       -9.7953810802        2.9675514210
        -4.6551826878       -6.7528769219        1.8751593254
        10.6100846983       -1.2040097349        2.7175518206
         0.8444765441        9.6679347775       -4.0315487852
         7.3311017865        2.0331103272        1.0525172137
        -3.2053162551       -3.5192104039        2.8905499605
         7.2246325057        4.8090821671        5.8584654924
         2.1064796074       -2.3533597974       -7.0724029016
         3.7752735259        1.6837302243        1.2317865388
         3.9618737667        8.5806672832       -5.9619493664
         4.8988652599        7.5176663079        7.3430760509
         5.2573095186       -5.8336018849       -2.7890947458
         0.4015973737       -5.4695704881       -8.4221837726
        -2.6473710682      -10.7598221054       -0.7121847469
        -8.8869275542        1.9010485883        5.6187670830
        -8.9984422825       -1.9881191963        0.3160913159
        -6.1188700834        4.8065105568       -8.6884076096
         3.2130417290        1.3180416881       -2.6085632596
        -1.2344788676       -7.4438673596        0.3597802772
         5.2512454523        4.8374849677        2.5849727406
         3.6838201750       -7.2948067318       -7.7002432174
        10.9416602948        2.2658574362        0.8766098639
        -8.4903375028       -5.9107852710        5.5207215441
        -9.6430595130        4.3107351402       -1.7131499497
        -4.5602772242       -1.5897453250       -6.1368138693
        -2.3072917510       10.5764400883       -2.0963818292
        -0.6175236548        1.3150740268       -1.6452878245
        -3.8481228621        6.6810276395        0.4592525512
         8.9043397883       -4.0487349863       -6.2404884403
         7.6200094330        1.5393715310        7.7664531289
        -6.5461508336       -3.8498336718        8.1322526911
         6.6424031854        7.4058117565        0.0880964683
        -0.6269686456        0.2156486852       10.5324721004
         0.1126730023       -3.8968442812       -2.1304024587
        -1.9269352686        3.7411776410        1.1413822651
         5.3235933013       -1.0138650901       -0.5711362540
        -8.3690040878       -1.7902383515       -6.1885569249
         8.4475972909       -1.5865668832        5.9072270953
         0.3776957167        1.7334285075      -10.4010997778
        -5.9998179525        7.7877037709       -6.2777330315
        -8.4446919745       -7.1404290370        1.8698272173
        -6.2032174623       -4.7357354147       -7.3618320574
         3.2813485274       -4.3211777810        8.4047530489
        -2.3970457483        0.2666500379        7.1386447675
        -0.1895824632       -3.6276702839       10.0252829622
         2.8465000997       -1.3174039315       10.7379593348
         1.0497033110       10.3861985549       -0.2329757171
         3.4999224713       -4.2503227287        0.0634886274
        -6.3349995934       -7.7004388672        8.0932538192
        -4.1010514357        1.3585743654       -1.0649324438
        -1.2765386734       -3.6595143483       -5.6036918152
         8.7521941332        4.5090888799       -1.4410426543
         2.1416211822        1.0616194472        4.9172164528
         1.3294098745        9.0686118899        7.1049525548
         0.6452105789      -10.4186625640        1.2478998487
        10.8764866185       -4.0514123579        0.1298414526
        -5.0509156782        7.1537960118        6.9536791246
         5.4048564339        4.2664785233        9.2991044586
        -4.3264922341        1.6153352111       -7.9340570961
        10.6738774370        1.4965917961       -2.8853674013
         6.2710987631       -1.8746639523        9.0863656200
         4.3947380603       10.1861328962        1.6441450531
        -1.6486543103        7.3753198750        8.8158883118
        -6.6640293704        0.0255128249        8.1327366190
         2.0472973248       -7.0794785962        2.4282130263
         0.3324657185        1.1059937134        1.8046278587
         0.3078238533        5.6349180709      -10.1891551905
         6.8110271831       -1.3690705138        2.6811224886
         0.2100030715       -6.5876775119        7.5751077063
         4.2925972643       10.6991507551        5.3679855287
        -0.5609632439        7.3312847424       -1.3447643265
         3.6706431176       -0.1914462605       -9.8083516698
        -3.1210443734       -4.5907225742       -0.7182911710
         2.4209788672        2.5352358032       11.0703518568
         0.9291993191       10.4061148324        3.5104544636
        -7.8069293983        7.5594741883       -2.8329351057
        -4.9664420994       -1.6903987134        5.4302363335
         8.8392847920       -4.5213637020        3.4300675708
        -4.0974462652        7.5525162283       -3.1153409650
        -5.6240191017        3.4132502559        1.6732688080
         4.9537460366       -0.3126967514       -5.5914939234
         0.7634895313        3.3735023534       -4.2503162521
        -2.9622278771        3.7002462183      -10.6614916744
        -2.8639701525        6.8037847181       -8.3352642396
         1.0871340865       -1.3168426569        7.4720922323
         4.6818769947        3.5275572828       -5.0064337086
         2.6177951416        6.3686773197       -3.2699307764
         7.0535893469       -8.9829892606       -2.1788085613
        -2.9250496341       -3.5063673584       -8.9691340295
        -5.3153409829       -1.7197462962        0.3450606308
         3.4307253966       -2.6849307599       -3.3696543313
         0.2321335858       -4.1263605516        1.5640540309
         3.7437820690       -8.9281174191       -4.2711490120
        -8.7698770792       -2.0102303518        5.6195037661
        -1.7167775552       -1.4450447371        0.3503510860
        -2.9397214957       -1.6031039273       -2.9550850194
        -7.9709922562        1.6364279008       -7.5901496703
         1.9121883931        5.8830420768        9.1925176292
         8.9905408851       -7.3269215631        0.7496137011
         1.9666909011       -7.1609306600       -1.3752247645
        12.6910759479       -0.7683793133       -0.4959310809
         3.5274139990        4.2778854398        6.1400336221
         8.4432039762        3.6973348232       -5.2238612037
         6.7575924604       -1.8370914485       -8.5177508636
        -0.9447844988        6.5404661659       -5.0552285734
        -1.0887570972        3.5513640978       -7.4733566469
         8.9897048302       -0.8478979506       -0.5376694101
        -4.0688919916        1.7905169173       10.1457411536
        -3.2734292976       -5.7979613007        9.1556177899
        -2.8729180074       -0.1797542897      -10.8561122367
        -3.4704311726        5.4796665377        4.0583408023
        -2.1036485933        8.8513749142        5.2529738719
         1.3203552509        4.0843333261       -0.6129842699
         7.1347344263       -2.5399963184       -3.3963435763
        -4.2322648409        4.6207892072       -5.5372774967
        -4.5853685107       -4.7732136514       -4.0556305007
        -2.6588228692        9.7008968847       -5.8107975974
         3.7835818952      -10.3973277111       -0.7603464138
        -9.3539111734        3.1502556366        1.9497689402
        -2.3441376516        4.3920333468       -2.3772975348
         0.4552503423      -10.1858296379       -2.6889392535
         6.4227480095        1.9593386507       -8.0090594700
        -2.9234713800       -6.7869673559       -6.8556588236
        -6.1501119419       -7.9451409424       -5.1553868347
        -1.3243626906       -6.4319303586        4.0619778885
        -5.9743571343        4.4561223586       -1.9841944199
        -6.1931286506       -8.8927177201        4.4969373141
         8.8928027769        5.2068636202        2.3613978859
        -2.4448753623        1.4686652502       -4.7567875453
         5.0197715768        4.2726148437       -1.1776931954
        -5.1563423898        2.1904318293        5.3673524868
        -9.6330991715        1.3266815517       -4.1270156057
         3.6097632204        3.6836439015       -9.7821176847
         0.5874282617       -0.6805296455       -4.3000008892
         0.5841262699       -9.4395356404        4.9613604098
         6.0719641280        5.7521805259       -7.5039529601
        -2.8943202179       -8.6569557223        6.6092128430
         5.6769963069        1.5645480477        4.5441192492
         0.3607534785       -8.6945907143       -6.2255744839
         0.4401799212       -2.1775382110      -10.4263553011
         3.8036368466       -4.0567644988       -9.7722723842
        -7.6236247739        6.4679884148        0.8301116583
        -6.9138980095       -3.8178889502        2.9140047855
         6.9593011068       -7.7713683256        4.0312660274
         5.2953893178       -7.4107672671        0.7195539721
        -3.6689880390       -2.0078653279        9.6611573900
         2.8808834811        7.1177476417        0.4588241041
         4.6355666673       -1.8480634301        5.8618597668
       -10.6043876902       -4.0849757813        2.8996463931
         1.9152012985       -5.6309036777       -4.9041472078
        -6.0161277396        1.4515304565       -4.3801251666
        -8.2106984776       -8.1791164309       -1.8564496193
        -1.0743464245        4.0940242622       10.8084413147
         1.6188000042       -4.2082410242        5.0466929828
         0.5517890763        2.5834942038        7.8755031241
         0.0156362117        5.8303164230        5.8945340124
         2.1893772144        5.4527803756       -6.9184879200
        -7.6649758167        1.2367381671       -0.8594219881
       -10.8572847029       -0.2063976549        3.0055903792
        -1.3447527637       -6.8991000054       -3.4032092626
        -0.4502143102        7.0755607575        2.2998398312
         3.5567617919        7.5357553016       -9.6571138580
         7.0026603930       -7.3810096801       -5.6640186257
        -7.9717564280        4.6282712566       -5.2405935348
        -6.7858922442       -4.9439360860       -0.7548814606
        10.8491882441       -2.3838527222       -3.3933241780
         6.6581390023       -4.9066831156        6.6495896799
         0.4792499670        8.6711697846       -7.7492545350
        -6.1996189341       -1.3690610062       -9.3517045951
         5.1739871240       -4.2180638628       -6.2348306358
         9.0609252962       -5.7715474111       -2.8029532778
         5.0153564700       -4.6965848832        3.3595994015
         1.7324281756       -1.1693229363       -0.5781209819
         2.9996259570        7.4594912781        4.1240686443
        -3.4664506287        0.5293455879        2.6937210822
        -4.7232718109       -5.6082443009        5.4998208352
         8.7739661166       -0.1473059107       -5.7668864021
        -1.1263561679       -0.4048363981       -7.6026981419
        -1.2853423496        2.6134075906        4.6565379943
        -8.3989292102       -5.0624818149       -4.1374792101
        -0.6315111565       -1.3505414919        4.1557869026
        -5.7038020902        9.6635166994       -0.3995480291
       -10.4480556235       -5.2470470816       -0.8015984833
       -10.5168873084       -2.1133679528       -3.0090020056
         9.2822994074        1.9101998531        4.3214827388
         6.6675715355        8.0378377539        3.8883169497
         2.9907371488       -1.6356583912        2.6920647005
        -6.6910365425        3.8932206206        8.1627591267
        -6.0641989302       -9.9787688324        0.8293327403
         2.1368017620        1.5318688907       -7.0137642031
         1.6608096401        4.2437479094        2.9604029809
         6.4242860783        6.6392990035       -3.7240872669
         3.6422186221       -7.2595994716        5.8633321606
        -4.5316379860       -7.8227990349       -1.8077264800
        -2.9479254565        4.1450703962        7.5765643075
         6.9421640897        1.4004190830       -2.7914438182
         3.9937956539      -10.0447203965        3.1269943314
        -7.2709298334        5.2228110958        4.5129755122
         4.0140767533        1.0175718390        8.0949431910
         7.1808735278       -4.1684097859        0.0897390797
        -2.9327927937       -9.9460269597       -4.5235753400
        -1.8917748353       -3.5620403894        6.6651156257
