         7.2079518993      -10.4527317238        0.6777712159
       -11.3176473670        0.8131217646       -0.8975414396
         4.0743753596        9.6848710137       -1.5187208632
        -5.7629983116        8.2173469852        3.6669301835
        -7.2953228418       -0.1153237302        2.6585660189
        -6.7449128677       -1.6851178209       -3.2563785821
        -2.6937629952        9.9386233513        2.1193388511
        -2.7221462382       -9.9554168416        2.2213229530
        -4.6398294358       -6.8793784832        1.2820615221
        10.5048707031       -1.1691084909        2.8127841442
         0.6997704388        9.9558015433       -3.4464965293
         7.2037557437        2.1223105583        1.2956792670
        -3.2642971428       -3.6971384017        2.5301167240
         6.9487929833        4.5693627878        6.2601953326
         2.2303474499       -1.8118702550       -7.2181501601
         3.6478505382        1.7130859717        1.3692948983
         3.8769904883        9.0540132969       -5.3721089371
         4.5471546620        7.1706366962        7.8482139091
         5.3637947150       -5.4976290155       -3.1093383703
         0.6106509440       -4.8622911910       -8.7951266447
        -2.5078912792      -10.6841909765       -1.5082339301
        -9.0922127311        1.4452700579        5.4708947556
        -9.0316645916       -2.1021438991       -0.0722940008
        -6.0791693553        5.2938370330       -8.5586642015
         3.1855065744        1.5781000187       -2.5154446276
        -1.1712409115       -7.4242368230       -0.1940655959
         5.0418203730        4.7916382912        2.9531524147
         3.9080936953       -6.6735811815       -8.1160336154
        10.8131738985        2.4204176252        1.2171613162
        -8.5624560728       -6.3301606904        4.8897821456
        -9.7439674498        4.3005105423       -1.7085453512
        -4.4732698537       -1.2220650635       -6.3831948709
        -2.5072603499       10.6825746379       -1.5286963350
        -0.6703545832        1.4503448593       -1.6318497162
        -4.0339410247        6.6336200034        0.7396520824
         9.0464238611       -3.4356700324       -6.3498011577
         7.3543503728        1.1779392809        8.0031133359
        -6.7059946305       -4.4094331845        7.6718845362
         6.4495798096        7.5302691227        0.6537765166
        -0.8946249113       -0.4163062192       10.4430923888
         0.1689644614       -3.6893834585       -2.4275246104
        -2.0752993234        3.6916675002        1.2733855180
         5.2958851894       -0.8297551147       -0.5679527883
        -8.2764709910       -1.4889736415       -6.5402010235
         8.2921780865       -1.7984789151        5.9244650847
         0.5052611197        2.4463493734      -10.3177665006
        -6.0654640017        8.1173777539       -5.9634041787
        -8.4213838214       -7.3286830996        1.1693123015
        -6.0271159768       -4.3119936627       -7.8451339178
         3.1160598266       -4.7674360750        8.1267019317
        -2.6021736495       -0.1779882670        7.0243160832
        -0.3864434846       -4.2085280349        9.7178672227
         2.6287403099       -1.8965756567       10.6447453372
         0.8084584899       10.4277905691        0.3953270153
         3.5135227568       -4.1249016094       -0.1915459958
        -6.4362175624       -8.2441560719        7.3943760027
        -4.1617494248        1.4074492043       -1.1172883779
        -1.1634387826       -3.2639600084       -5.9058143670
         8.6415482272        4.7748320764       -1.0066793823
         1.9444942018        0.8349455436        4.9565255313
         0.9559614560        8.6781041160        7.6331206965
         0.7330158262      -10.4251024713        0.5395479674
        10.8863483273       -3.8194043345        0.0463617395
        -5.3885547319        6.6739703866        7.2219207249
         5.0792203964        3.8286634974        9.6227038852
        -4.2439118767        2.0916002467       -7.9717665740
        10.6502188378        1.9042103316       -2.6027379611
         6.0909872698       -2.4112231898        9.0222285548
         4.1185567007       10.1701671057        2.3262468048
        -2.0292847980        6.8321882567        9.1674525710
        -6.8908820052       -0.5481768795        7.9128758522
         2.0595757123       -7.1529060860        1.9638230447
         0.2014820319        1.0451765103        1.8197433777
         0.3630317872        6.3250256049       -9.8585203729
         6.7154753224       -1.3917497377        2.6867264945
         0.0967479813       -7.0056025664        7.0931051498
         3.9304025082       10.4600280779        6.0688566659
        -0.7199482324        7.4247546296       -0.9518156574
         3.8199264393        0.5449039004       -9.7737041816
        -3.0834350146       -4.5409381846       -1.1389003282
         2.0725643570        1.9356984034       11.2174338619
         0.6071006657       10.2389300660        4.1287298706
        -7.9447744805        7.6444609431       -2.5810129233
        -5.1070484381       -2.0620900114        5.1444711965
         8.7737854226       -4.5611235271        3.2622134169
        -4.2302625490        7.7099793969       -2.7802288534
        -5.7741575051        3.2614259332        1.7085319894
         5.0196110903        0.1778685123       -5.5608079200
         0.7307813539        3.6954188518       -4.0671676852
        -2.8616114127        4.3717756406      -10.5285199474
        -2.8690446957        7.3211173825       -8.0090065901
         0.8979833945       -1.7346473233        7.3373457060
         4.6671462826        3.9609606121       -4.7307118500
         2.5193798730        6.6465499581       -2.8600798585
         7.2149324433       -8.6724897446       -2.6833682951
        -2.7365328012       -2.9249601521       -9.2950084709
        -5.3523729854       -1.7785879442        0.0514806684
         3.4931063620       -2.3460329995       -3.5129522902
         0.2185226247       -4.1726505952        1.2458612413
         3.9276956636       -8.5201331484       -4.7921917624
        -8.9068888168       -2.4529633944        5.2278869773
        -1.7564206119       -1.4526995321        0.1592827902
        -2.9247170121       -1.4084779091       -3.1715240841
        -7.8915267197        2.0288926180       -7.6965699408
         1.5473874022        5.3802785373        9.5249763542
         9.0692116874       -7.1625746178        0.3987533330
         2.0579626004       -6.9682490632       -1.8408674346
        12.6547575418       -0.4768815155       -0.3174248516
         3.2529344855        3.9962787750        6.4145481028
         8.4299557142        4.2127672317       -4.8470367122
         6.9144618387       -1.1237966215       -8.5340342535
        -1.0158297779        6.8760021526       -4.7094694658
        -1.0546581509        4.0499860908       -7.3143164315
         8.9561956360       -0.6110195344       -0.4491470828
        -4.3605731517        1.1240377647       10.0803534069
        -3.4256335285       -6.3674252264        8.6435415423
        -2.7006759441        0.5137993267      -10.9717648532
        -3.7140605648        5.2158981790        4.2612494088
        -2.4357990144        8.5243721414        5.6982802251
         1.2021159271        4.1743375566       -0.3861867477
         7.1922470273       -2.1421493731       -3.4514042976
        -4.2562593638        4.9391230783       -5.3865456301
        -4.4843493345       -4.5304917279       -4.5097842084
        -2.7679816182       10.0491436317       -5.2985599789
         3.9479358766      -10.2318781349       -1.3678450580
        -9.5067200807        2.9180627159        1.8810667393
        -2.4373033613        4.5375912664       -2.2073822804
         0.6377290546       -9.9349622305       -3.3619369975
         6.5048031106        2.6258873768       -7.7896438032
        -2.7217706607       -6.3330198142       -7.3903609128
        -5.9634323021       -7.6538958042       -5.8429472508
        -1.3616283295       -6.6445222964        3.5600190108
        -6.0732580842        4.5255716484       -1.8820984691
        -6.1987398056       -9.2039153506        3.7312574156
         8.6832936586        5.2217048666        2.8399624605
        -2.4279890762        1.7729822700       -4.7698137917
         4.9100805187        4.4580813180       -0.8491169731
        -5.3648043211        1.8089552132        5.3195232924
        -9.6210690755        1.4704764969       -4.3015481645
         3.6889471256        4.4062666955       -9.5002234873
         0.6254139570       -0.3495356211       -4.3783966785
         0.5500122400       -9.6808908406        4.3192859689
         6.0682092322        6.3681385142       -7.0440388482
        -2.9566381254       -9.0527616977        5.9281380711
         5.4851106669        1.4004209494        4.7037639564
         0.5857370066       -8.2183599395       -6.8006585731
         0.6377488990       -1.4519372365      -10.5935034499
         4.0181019166       -3.3109945376       -9.9813954380
        -7.8147793315        6.3273485597        1.0103847150
        -6.9678623514       -4.0544846312        2.4521088906
         6.9396038527       -7.9115452231        3.5815376833
         5.3350591406       -7.2806132580        0.2824982987
        -3.8873458638       -2.6255407630        9.3745496824
         2.6879512350        7.1567983743        0.9111099776
         4.4904588549       -2.1138442922        5.7871983507
       -10.6527826384       -4.3808043026        2.3417755465
         2.0583900865       -5.2137474135       -5.2620519040
        -6.0018197537        1.6787921804       -4.4622153076
        -8.0900322920       -8.1285136029       -2.6104802620
        -1.4407514654        3.4402661871       10.9582946297
         1.5279977511       -4.4536341355        4.7461642880
         0.2687017326        2.1475632319        7.9722359947
        -0.2781589210        5.5018875589        6.1913743102
         2.1783450062        5.9658242161       -6.5638588688
        -7.7257846595        1.2150861781       -1.0016507968
       -10.9720012884       -0.5231797877        2.6879258886
        -1.2100731427       -6.6338706491       -3.9146375666
        -0.6844018778        6.9744528275        2.6739374509
         3.5658174593        8.2418296361       -9.1349545520
         7.1894821474       -6.8285206799       -6.0404828881
        -7.9995580815        4.8665459326       -5.1675020741
        -6.7445659626       -4.9467926259       -1.2784866279
        10.9033370133       -1.9277688196       -3.3576454653
         6.5456991145       -5.2135820053        6.3845945556
         0.4288574107        9.2001963838       -7.2274565347
        -6.0382187489       -0.8242404379       -9.6167820817
         5.3191272320       -3.6650450019       -6.4371686588
         9.1631810706       -5.3736368016       -3.0369646010
         4.9599141785       -4.7839265908        3.1052731136
         1.7084093343       -1.0443723647       -0.6605664430
         2.7130996927        7.2872488581        4.5930985038
        -3.5917336196        0.3445041926        2.5813811985
        -4.8029053412       -5.9675593527        4.9719717630
         8.8403952199        0.4204771345       -5.6312455827
        -1.0223341091        0.1073538686       -7.6988191101
        -1.5007806058        2.3472078787        4.7218232380
        -8.2872552357       -4.8800103543       -4.6964010270
        -0.7525850358       -1.5791670833        3.9874791358
        -5.9294553496        9.6260614323        0.0249111994
       -10.4002370278       -5.3074593777       -1.4217925544
       -10.4848062959       -2.0451965159       -3.4313099508
         9.0852455522        1.8054095297        4.6007043004
         6.3803658994        7.9193436786        4.4862483784
         2.9076809667       -1.7064838917        2.6027910045
        -6.9872916514        3.3082489360        8.1834393425
        -5.9704744913      -10.0552851456        0.0053270868
         2.1917870409        2.0585719792       -6.9108883523
         1.4499955149        4.1292908982        3.2004031393
         6.3254544646        7.0102296131       -3.2050236233
         3.5747744929       -7.5238906038        5.4169400708
        -4.4193643439       -7.7152172369       -2.4588803236
        -3.2449947762        3.6667553710        7.6952661544
         6.9180911834        1.7380893425       -2.6043609629
         3.9783459424      -10.1645320626        2.5781846203
        -7.5161252374        4.8594585218        4.6158227687
         3.7472994148        0.6188165319        8.1446018509
         7.1973059902       -3.9890526678       -0.0841321791
        -2.7170971805       -9.6302606475       -5.2614755308
        -2.0272093642       -3.9605203441        6.3286996575
         5.5796019370        0.4883259495       11.3607437063
