        -0.4617787182       -0.0157795812        8.0128194989
        -2.8409104393       -8.1053603175       -1.1108613849
        -2.4996259841        3.4283814579        0.4818298227
         5.0554769856       -3.9594685001        8.3795007123
         1.9721520311        5.7397951007       -4.9003966973
        -7.5916937751       -2.1309603998        7.9200093632
        -3.8869312487       -8.8371991735       -4.9668210120
        -5.3788506206        3.9383065175        9.4538621106
        -7.7072233030        1.7601573675        7.4961703141
         2.7531944054        2.1767055206        8.3439795685
        12.9593613894        1.2545343548       -0.9484203588
         3.5656629225       -4.5029233427        4.9954781175
         5.7891938852       -4.8487717859        1.8380260171
         7.1213368137        8.0696815151        3.5261176413
         0.4180055703       10.4388095933       -2.9726178281
         6.3634402241       -5.6031425017       -7.5369205325
         0.9845811189        4.5564283318       10.6703852038
         4.2567412973        2.9527072572       11.6499113057
        11.0700737456        4.4706813584       -0.2992522220
        -7.0465166111       -6.6500036363       -6.2092226801
         9.1189231914        6.0851678861       -3.2109783900
        -4.4406990898      -10.0607718549        1.9524214681
         1.9776309044       -6.2252354791        8.0579699588
         0.9437731628        7.2151198324        7.7867311725
         5.2321274801        4.3179349475       -6.4978527842
         4.1816228984       -6.7092298701       -4.3855257274
        -2.7372195451       -6.9606602027        2.5975948545
        -4.9210812601       -5.0733990082        0.4201884851
         5.9768463968       -4.2995153476       -1.9485756931
        -6.3604060478        3.5781111498        0.5460249213
        10.9741929709        2.7724286119       -3.8011378326
         7.8382290603       -6.7836046222       -4.1322858391
         1.8183880900        1.2423849939       -0.6563238249
         3.5696152063        1.4653098720        2.4196199044
        -6.5450146153       -6.8866205039        3.2632749052
        -1.2821374776        7.0760227215       -3.2835843601
         9.4602417677       -4.7813775874        2.0475686826
       -10.4100537412        0.1170722962       -4.5030380526
        -3.7923918679        1.5625716843        7.0651031577
         0.5754165189       -6.7677661998        4.6267432549
        -5.0813031306       -3.9127891788       10.3151864754
        -9.8890409781        3.4548161155        4.7965174617
         2.0952824659      -11.0805241613        2.4729064615
        -7.0841293217       -2.8779210947       -2.1435516106
        -6.7788900354       -0.0770944190       -4.5950348842
         5.2891983457       -7.3621548538        6.5438170285
        -1.1326494163      -10.0303333862        4.0448388479
        -1.3737642234        1.0153968294       -7.6323592800
         0.2472919853        1.4963958172       -4.2936883644
        -6.6179437073        3.4193959632       -3.1034380818
        -4.5304160129        6.2228903166       -4.8431190319
         6.6510894765       -1.8121766166       -8.3407164112
        -2.3262787757        8.8256127881        6.7364892283
         6.9289586958        5.2914481926        6.1805409367
        -0.7068241805        6.3890486621        4.4531999652
         9.2371826515        1.2454458174       -0.8194381450
         5.5097146543        1.2717246847       -0.7459211320
         3.6034365489        4.4420007586       -0.1976602407
        -9.0316737193       -6.1339098260       -2.8884023696
        -6.7032346370       -1.8990383015        1.3162474528
       -10.2297551358        3.5795721152       -2.9718564012
        -6.3112980325        2.1048417061       -9.6643751037
        -0.5325247495        0.6535364107        2.0095638411
        -1.9922547217       -5.5656960443       -4.2545762553
       -10.4474249771       -1.7641101508        1.5915283967
        -6.0777160778        9.0122549147       -2.8267336100
        -2.5394457098        9.3704513146        2.9150538001
        -3.0179580485        3.3209978021       -3.1281464860
         5.0682007316        0.5662901709       -6.0324738537
         7.3364459486        1.5874798369        2.4245515354
         0.2727466609        4.2104373872       -1.8337543402
         8.9340459309        4.3109052176       -6.6360128257
         8.9696090514        2.0705336946        5.6723927452
        -5.1257568431       -3.4404127818       -5.4607392887
        -0.2161612923       -2.1965372641       -3.6143388101
         7.4531169286       -7.7835446438        3.4011052389
         5.3145572279        6.0388839779       -3.0932960786
        -2.1564936883        2.3110211674       10.4762655944
        -4.7547005012       -0.7449754087       -7.9283140694
        -0.4570935385       -8.1190885809       -6.4294948830
         3.8156801421        4.1104586462      -10.0112710495
         7.0574638151        9.2809527415       -2.5844918926
         4.0964401456       -1.8775845400        0.3157745360
        -1.1807963994       -5.0634213226       -0.5491769013
         2.0609325220        7.5088876830       -1.4864208979
       -10.6734461419       -2.7165372231       -2.0113458161
         6.9768244409        7.5849137882       -6.0119521986
         0.8732702158        9.7076582355        4.7426461274
        -0.9788223588        6.8372679370        0.6185131284
        -8.3570888592       -3.6144314130        4.2549070977
       -12.1874726228        1.2837967977        2.7706285180
        10.8408830911       -1.0328266833       -3.2101423768
         3.6438022710        7.3341136711       -7.8739108658
         6.8623745400        2.0224932356       -8.9427465723
        -8.3048996030        1.1193811429        2.4580243272
         1.1157617693        1.4368251143        5.1178041574
       -12.1146300005        0.7621678926       -0.9883327152
        -2.1279349258       -0.8495583746        4.7112928712
         6.6963625930        2.5033648527        8.8059338196
        -6.1544447845        9.0414197297       -6.6373618060
         9.1461773927        4.8973271030        3.0235275681
        11.3273215181       -1.7469709896        0.6020802530
        -3.8543569491        5.4654814768        6.4217381564
        -1.9778394419       -1.5759366468       10.9045646628
        -6.0905387442       -0.5787904936        5.0451801406
        -4.2028538377       -7.4299844347        9.1888718918
        -2.5896931224       -5.6019317230        6.1511263914
        -7.3582851692       -9.4521397124       -3.7298630973
         7.6951093296       -1.8311608988        0.5084783818
         0.4537999835        5.7547452708       -8.9922343949
         3.2997555568       -3.5981399981       -8.8520188720
        -2.8739201906        7.4381373620       -7.8803258927
         0.3469704648        8.6358046502       -6.3678236481
        -2.9328635686        3.9706776867       -9.4643100468
        -2.7585026381        9.7190090893       -0.9592465223
        -5.3816505461       -6.1774840207       -2.9783604064
         5.1900047188        1.9503982350        5.5630388740
         7.0419287235       -0.9869398294       -3.1216963427
         2.6035158120        4.7099612848        5.4274809981
        -8.4705087112       -0.5321846396       -7.8809412589
        -6.2188923407       -5.4232994710        6.8176851663
         3.2138570373       -0.9085515085       -3.1055406185
        -2.1730639204        3.0423893968        4.1954383078
         9.1021477283        7.6867184404        0.2804736685
         5.3724196911        7.6960174660        0.3140613596
        -8.8523021720       -3.3270772692       -5.4239527159
        -4.1086119711        5.8985882413        2.6523619723
        -8.2165328776        6.3696256727       -4.8285608956
         2.5216270980       -9.9497356164       -4.9822988556
         1.1761842875        0.6972308971       11.3346353143
        -3.2236989556       -3.2887673166      -10.2222426373
       -10.1978258243        3.7384622059        0.7787099249
         0.7269858011       -7.4982098071       -2.7439576615
        -1.2847318515        4.5113622924       -6.0612186402
         5.9673758306       -9.2039989735       -6.4811279187
         0.2322821774       -3.2768624666        6.4974792917
         4.1165996664       10.3674772067        2.7026027067
        -8.1649465063        6.3749007861       -1.0439281605
        -1.7063951891       -2.7793719417       -6.9078059266
        -6.7045269062       -3.8414195518       -8.7234345889
         4.1342004149        7.9813214537        5.7596375741
         0.4526097130       -8.0739084138        1.0085580683
         3.7212229723        9.1255610311       -4.5304009170
         1.3362916849       -4.7799623033       -5.7694123247
         5.3186582018        4.8172809686        2.9606648650
        -3.0027002839       -1.9538084325        1.0353193708
        -6.0894572600        3.2750479269        4.4986009422
         9.5978561981       -4.2612867153       -1.7581713128
        -9.9420672907       -0.4088578628        5.3417507817
         3.2861348355       -1.1342280579        6.7656052870
        -2.9458882300        9.8842863131       -4.8418338525
        -3.6513722640       -2.3323419829        7.5053339099
        -2.9716942563        0.4766477802      -10.9379172055
         2.2744005759       -9.6667054609        6.0441502920
        -0.1223228283       -5.3328880290       -9.1288151091
        -7.5740245327        5.6682764081        6.8143782901
         7.1101769673       -0.9652851751        7.1059736777
        -4.3216224642        6.2157710691       -1.1431451125
        -5.0916813047        0.4644652578       -1.2783567712
        -6.8222565065       -8.2396152918       -0.2724939795
        -3.1675330698       -0.1269975713       -4.6482421838
         1.9816291104        2.7369209177       -7.1969176273
         2.2865548548      -10.6107805209       -1.2457868930
        -5.6653899335        8.3720277377        4.8885368577
        -7.9533762124        6.0831569676        2.8604124690
        -3.5755456369       -6.0712433381       -7.6329553919
         4.2136261333        5.5142418236        8.7669602260
        -6.2549753745        5.5782707286       -8.1317247527
        -0.9857047988      -10.6200292543       -3.3881428825
         2.3771002859       -4.3410876744       -2.2006591628
        -4.4327489944        0.9771197145        2.2735980664
         1.6626611927       -2.7533202520        9.8557258441
        -5.2899098710        0.0292568030       10.0041063581
        -2.2819123066        6.2120295568        9.6664499185
         5.7365979254       -9.7280869943       -2.7525247863
        -3.5030656234       -2.8532004932       -2.2983711088
         0.5479085500       -2.0777880976       -0.0721979696
        -0.9450001793       -3.8929988388        3.0789070541
         2.9674101055       -7.3353340661       -7.9020926238
        -4.3348557300       -8.7654443878        5.6212654394
         5.5956741979       -1.4817259600        3.7301638324
        -4.6342577367       -3.6801962449        3.8904031564
         0.1827665661       -1.5536340210       -9.9932428247
         7.3717116215       -4.4041403097        5.2904008165
         0.8783231134        3.9352505023        2.1119196648
         3.5735501286        0.2374832242       -9.5809563666
        -1.3696771706       -5.0178116570        9.5322485449
         3.7623100545       -7.8217426872        3.1440733168
        -1.2238350025      -11.2333673869        0.3450208321
         0.4380545570        2.2757645856      -10.5866064931
         1.8800698683       -1.6813971569        3.3833698438
         0.6519420654       10.1889513880        0.9097119404
         3.5383261212        2.7763509707       -3.5421190145
         7.2596119925        2.7937484589       -3.6882588349
        -0.5887528807        3.8023489646        7.4156797194
         3.9435191923       -7.3093531589       -0.6121756265
         4.7273485431       -0.5057804969       10.1210841652
         2.1457306897       -4.9222780025        1.5182862616
        -8.5989450728        0.5646981784       -1.1827181430
        -5.8962426542        8.7579291060        1.0424578229
         9.3270507995       -1.3745064945        3.9133773772
        -0.9856724714       -8.5552716592        7.6134609528
        -4.6949709159        2.7219375480       -6.3861501579
         8.6125911980       -3.3293227261       -5.3999191319
         7.3415404260        4.4788565681       -0.2444056201
         8.8947769709        0.4608601530       -6.1347550662
        -8.4378815928        2.9093769809       -6.3871928366
         7.6926905188       -7.3191446139       -0.3599984432
        -4.5446865647      -11.1166531793       -1.8024085719
         2.4108671296        7.1772909961        2.4349560560
         5.5479439818      -10.2333047353        1.0056809374
        11.0800899906        1.6638004340        2.3952620523
        -8.6962978321       -4.9990779198        0.6573443951
        -1.6154448220        0.4709245609       -1.4196865520
         4.7856103531       -3.1872682721       -5.3581023545
         1.7275376353       -1.0664147764       -6.6013650622
         3.8154714556       10.7680388244       -1.1079100061
