         2.1044944359       -4.2685676632        0.1044143281
       -4.9155067611        1.3555772050       -1.9097723243
        3.8391742530       -1.0770491604       -1.2954146491
       -0.2380353138        2.5153882958        2.1499888306
        1.8383655982        4.7949071064       -0.0515912233
       -4.9768975492       -1.4383766361        0.8894177637
       -1.9693795389        0.1065068238       -0.3266546593
        1.6168773973        0.1215696563        4.4756449214
        4.4497786016        2.5992828054       -2.1141461929
        3.5294983985        1.7110401285        1.4806674675
       -3.5524421486       -2.2118745725       -2.6051303448
        1.0318300846       -0.9395702647        1.0587362877
       -1.6971403634       -3.5220574498        0.5621975183
        2.3416139784        0.2640358213       -4.5629498938
        0.7095233723       -3.5016373896        3.5959312658
        0.2810898229       -2.1584235404       -2.5036947243
       -1.6143610647        0.8607698617       -3.9452237041
       -4.0414850939        2.1910993787        1.7788817497
        4.1561813098       -2.0095202671        2.4818399358
       -1.9345523273        3.7435306508       -1.0748778111
       -2.0046513995       -0.7534596364        3.3188720180
        1.0460243078        1.6168288465       -1.5071365594
