         4.5019177068        9.9197187319        7.0429699027
        -0.1156047334        1.7955333373      -12.8461884844
        -3.8571215707       -8.1495808663       -9.0214060117
        -4.4047952524       -2.3507837323       -5.7440981195
        -4.7574481051       -3.2341185088        8.9867815790
        -6.4494661067        6.4172004500        6.9568608296
        -1.7896593564       -5.4664025263        9.5590339155
         1.8417898907       -4.8369070481        2.1944665449
        -1.9836795365       -1.0448707743        7.5183597622
         8.3317845013        1.9857493463       -7.4343478760
        -3.8903184650       -8.9947647663       -2.4411506264
        -0.0527036416        5.3146325738        8.5862065926
        -4.9705171466       -1.9633474584        1.8609798000
        -6.7774605018       -2.2695267590       -2.9459099679
        -4.5110830414       -6.5862113641        7.0198407894
         4.1524362277       -2.7846970771        6.3228938241
         8.6675750906        5.7762296706       -7.1013321001
        -7.9717681393       -4.9302434645       -5.0984403355
         8.5482007429        7.8070815234       -3.9015807803
         6.3310913454       -1.8500677790       -2.7214007910
        -1.9535289623       12.4646313379       -1.8666972955
        -9.0710827715       -6.8420820453        1.2139910396
         2.9812068888        1.5547988264       -3.8468998711
        -8.1990395554        2.1905073666        1.0868334869
        10.5325891498       -0.5334176709        2.1193134105
         1.0112642397       -1.4039877223        1.3541863900
         4.1816694005       -3.7054382605        9.9771736614
         5.1256746397       -5.3117200586        3.6365427737
         3.4458715144        3.8797293339       -1.0634310916
         2.7049293359       -2.2503526326       -3.9585941452
         5.3727872796      -10.3317107773        1.1367318606
        -5.7976309853       -4.9217508526       -8.1630011365
         0.2424989736       -0.6503492664       -2.0849451576
         7.4892736501       -5.7453638453       -7.7542380781
         9.6349180706        5.7449149588       -0.7797946318
         7.8327425162        1.4763245896        3.6359136670
         6.4590932515        1.8754264148       -2.3806189072
         4.2138978718       -1.7719495362        2.6738504947
        -5.6089500386       -8.4511972303        1.0240123508
         7.9573568692       -1.8776828941       -7.7171579612
         9.9131093435        1.7114085823       -0.9514874415
         0.8732803828       -3.2200178906        8.4158423852
        -5.6836609647        5.0398831457        1.4425114795
        -9.6849627389       -4.4025533949       -1.6730873925
        -9.1702346029        5.6487102166       -0.0058179292
        -4.8826679678       -2.5313299370        5.4329938726
        -4.5344013274       -5.3761253822       -3.4774243544
        -3.0920714212        3.2364606161       -0.7206945175
        -2.9539003570        0.2731518410       -3.3987258406
        -3.6745200351       -9.1909506047        4.3079763447
         9.0260706340       -7.4272162946       -4.7232912967
         1.9011370999        8.6467274841       -5.4463040791
        -0.2555255022      -10.2670205171       -2.5766981444
        -1.5812832882       10.0139853062       -4.7507718151
         2.3499081993        5.9403199578       -8.2275528407
        -3.4842875937       10.5388919501        1.1112503684
        -3.9562189172        4.8677348957        4.8119154318
         8.3724621447       -5.6934396071        5.2112307892
         2.5422123720        5.1255993692       -4.5601156261
        -2.0106155624       -9.8588543562        0.8638864274
         7.3345799805        8.7088067328       -0.2432983437
        -2.5618101151       -5.6457024268       -6.5976707737
         5.5261797686       -0.0830396395       -5.7686568262
       -11.7913471229       -1.1811835232       -1.0208391684
        -5.5656306321        0.4669268381       -0.9129068646
         1.2519074904       -4.7964805126       -6.3566248476
         2.6190656640       -1.4822063178       -7.6586317974
       -10.5500719176       -6.0239294962        4.6883901511
         5.8112493618        3.6944348079       -5.4123788170
         9.2093400763        3.8753843642       -3.9807344741
        -1.2278696572       -2.3157392710       -7.9314659349
        -9.4975009646        1.5917755023       -6.2015546429
        -0.9072396077       -7.0404427456        3.2016887799
        -3.9611473779        6.5653492909       -1.6668792404
         3.8309384708       10.2740449730        0.4200295140
        -3.8460010224        4.6247192052       -8.1117334516
         5.0983055773       -3.9347956770       -5.8975953723
         9.1198239064        0.0396565925       -4.3489986766
         1.1205165204        8.0792271382        1.8014754765
        -0.1836214489        5.4158341555       -0.4311108378
        -8.3049368264        6.8328422466        3.5281945461
         5.0709504911       -0.1459761047        9.0729175832
         1.2515906245       -4.1196675414      -10.0924843325
        -3.3223603531       -2.7599426510       -1.3750114813
       -12.3793827082        1.2965905695       -3.8276156779
        -7.6612928518       -1.6548460810       -7.1819295881
         1.5467345975       11.0409198381       -2.5447772648
       -11.1815864149       -3.6435952300        1.8171187261
        -0.6370529552        4.5956846542      -10.2453641794
         5.7450539729        4.4080421334       -8.9965628748
        -3.6162948400        3.8198452178       -4.4455040235
        -0.3528239865        6.0805477683        4.8514988885
         0.9564740909       -4.2488531318       11.9875209838
         3.4889249322       -9.5510155045       -2.2659014380
        -7.4250419977       -7.4964510641       -2.2787870971
         1.6334784322      -11.1045943054        0.7248189631
        -1.7355154353       -3.5293904825        2.2092540813
         5.9766084324       -8.8423107001        4.6548924865
         2.7315673643        2.8992219713        9.8100091964
         2.8223197900        3.0748213046      -10.9296845582
         3.6999729663       -6.5921530156       -8.3246267401
         8.3235481913        6.5284808286        2.8124898179
        -7.7484450570       -4.0208217079        3.2627759903
         2.6908314801       -8.3266983836        3.0408826706
        10.5510912685        3.4976748738        2.2627493089
         9.0932224335        4.1449353671        5.7921600563
         0.2307259592       11.5933326180        1.0739094236
        -1.1340398410        8.9038660406       -1.1792357202
         9.7972456967       -2.1457853492       -1.2297114415
         5.4579056475        0.5550515548       -9.4698243729
         8.9566516083       -3.7347675817       -4.6390857156
         0.9033182481       -2.3060624901        4.8391764660
         1.8461541545       -0.6797000542       11.0217067046
        -1.8044565684       -1.8612245603       11.0357389308
         2.4650186959        7.4734335428       -1.7491121868
         7.1975471364       -8.8549777911       -1.7867095577
        -7.7012155861       -4.6272020029        6.8822714421
        -7.5232891249       -0.8840493469        7.6549884252
         2.3840477021       10.7498279558        4.0545723241
        -4.7210290293        1.2429232184        6.1611686820
        -7.2024974238       -7.6918124419        4.4887073695
        -0.9515246074       -8.0523608014        6.8804041250
         4.7642749332        0.7336942643        5.5055209090
        -1.1795880883       -3.1041704957       -4.3046194312
         1.6081787016        0.2775862308        7.4482131186
        -6.5567403898        3.7994253634       -2.0931720304
        -1.1382333886        7.3490183273       -7.5367131956
         1.6355127110       -8.6193626765       -5.5765313228
        -2.1784029372        0.0306118886        0.4931060388
         1.2912025689        1.1920368832        3.8693540711
         6.0229120514        5.8464359915       -2.4116622315
        -0.9562891321       -6.7359322469       -3.4443659780
         0.8655692369        8.7839976810        7.1282273930
       -11.0838064582        0.1521061897        2.5111810403
        -3.2721033583        1.8109347118      -10.7115399944
        -2.5607835133        6.9283821879        1.8277570071
         2.0436220682        4.5964544931        2.5097628232
         3.3019846532        7.2050375678        4.7963935162
        -6.5276048637        8.4293241886        0.4737573289
        -7.5838538702       -0.2779691205        3.9502495606
        -0.8907971190        6.4606453242       -3.9503971482
        -7.4050325518        7.2270333300       -3.0783902122
         5.9530387162        3.4486139527        7.8224898117
        -2.5659156036       -4.8424036075      -10.2756242983
         0.1409227846        0.1844741498       -5.6167665393
        -5.6862488736       -7.9607323093       -5.7277040339
        10.1737432562       -4.2464488692        2.2071815468
         5.3496593481        7.2268331043       -6.1620413511
        -0.4363152698        3.7971162294       -6.6343524717
        -9.9867465419        4.3125986296       -3.5003289568
        -3.1220224258        1.0194512864       -7.0608038095
         7.1045828987       -0.2990542197        0.5963998223
         6.9355758826       -3.9074939298        0.6816481714
         1.8225186183       -5.7874651976        5.7411009097
       -10.1576001695        1.4429071405        6.0289290267
        -0.1025453949       -7.4123948589       -8.7070753253
        -0.0755941307      -10.5611114439        4.1453205341
         5.1735354668       -6.2945486980        7.3489698079
        -1.7950605913       -4.4586505036        5.9003831345
        -4.5881047547        0.5360595842        9.7559358069
        -4.7190525053        9.9898476679       -2.5425730000
        -8.9622601379        0.9028062067       -2.3916883580
        -0.2627625353        2.9106045469       -3.0852385609
         2.4600282697       -0.7524534784      -11.3557214234
        -6.4257270240        1.7485954617       -8.4964246348
         4.7367295292        6.6229064964        1.1944987150
        -1.3275357122        9.7014897312        4.1464045849
         7.0386875821        3.7235317936        0.6698247060
         6.2924167838       -5.4443334106       -2.7393320990
        -4.9780391906        8.4751184888        4.0462936800
        -4.3328324636        7.3660201103       -5.3820676641
         7.4125261544       -3.1373198156        7.8519518704
       -10.3573567915       -2.3017742320        5.3754217689
       -11.5944684878        2.6525726358       -0.3845483023
       -10.2340211414       -1.8452347132       -4.4656222544
        -4.5684369940       -1.5558602220       -9.4762016068
         4.5376638300       -6.9145569327        0.1818689985
         0.0445417268        1.0385825731       -9.2051375611
         5.9519835303        9.3979890552        3.4413197375
       -10.7862277134        3.9348724485        3.1072442735
        -1.5507439339        3.3411113931        2.6026213290
        -7.3395673578        2.8916011705        8.2666482498
         7.3913954842       -2.1647017229        4.1155615876
        -7.3478320970        3.4488843700        4.5794433566
        -4.4408990613       -5.6412411492        3.3120997130
         3.6889575101       -0.0513320711       -0.8353740647
        11.4015533754        1.2525806630        5.2339844114
         3.6294930222        6.4451798780        8.4724538795
         0.8628872549       -7.6054205557       -0.2130545396
        -8.3968731530       -1.5798301795        0.4409816724
        -2.0673944729       -0.3589160419        4.0174669251
        -0.9465438244        1.7540504237        9.9001146960
         7.8912466763       -7.3800711685        1.7481861170
         2.4701671196        3.7678233544        6.1907475997
        -4.7708199538        1.7084608817        2.5193910133
         3.6333875230       -3.5322918210       -0.6626419461
        -2.8083899393        7.6189805692        7.1122412805
         0.1045865093       -4.1196607910       -1.0415759702
        10.5668227780       -2.4251680557        5.6286741517
         0.8121292852        2.0247576180        0.2618606678
         5.0829929439        9.5085244172       -3.1963598443
         2.6982012121       -9.2812298763        6.6529567407
        -3.7332051257        4.1289728649        8.5400021354
        -6.2232616374       -4.8017475564       -0.1029700941
         2.6962754081       -5.9973653593       -3.2114879670
         6.8027576480        7.0512084923        6.3958889837
         8.2621798795        0.4382544831        7.0987718663
         4.3189986668        1.8266669401        2.0328482693
        -6.9918197007        4.5458584985       -5.8640198653
        -2.0964035278       -9.3097023756       -5.8563875533
         2.9550790721        2.3451598924       -7.3607278962
         5.0344873939       -3.2987243687       -9.6668463627
        -1.3217873758       -1.5202950776      -11.5595780044
         5.6063224897        4.3893164904        4.2118435758
         1.8460766131       -6.7445941459        9.3122256702
        -6.1926976997        0.9729688728       -4.8190742024
        -2.7701666169       -6.3046582610       -0.1015531300
        -1.2047915835        2.5881641548        6.2666121419
         5.3533925627       -7.9254634839       -5.2323928921
         9.6180636636       -5.8732794965       -1.2843458452
        -9.9652884933        5.1785554145        6.5919842972
         3.5173238799      -11.8235745155        4.0128660069
