         1.8848210421       -6.2170496562        8.2598891787
         1.4153534160       -1.0578698852        9.6927996147
         1.6894515769        1.7382457879       12.1515957368
         7.2060381631       -7.0458078349       -4.3291477754
        -8.2001958808        3.8156898896        7.6104968990
         0.9699208817        5.3547123698       11.1569453376
         4.3650415366       -6.5740019217       -1.8234204406
        -0.2618105963        0.2169810863       -6.1208286726
        -2.1253331944        0.0068458905        8.8649911371
        -6.7608683445       -4.4316653141       -7.3504929282
         5.2801545671        8.1936787311       -6.0450917109
         7.4481961278        6.0471716259        3.5081311253
        -0.2845034096        1.9924751772       -0.5192178898
        10.5384819415       -0.2542626853       -3.3331469012
         2.3009939074        2.0972146271       -3.6506839372
        -7.4354714800       -7.0302396712        5.0905883902
         0.2902007944       11.1027670315       -3.4804786255
         2.7669649512       -9.8485261873       -0.7788826645
         0.3578127845        4.4847420823        1.8643002514
        -1.1657332553       -0.8754738009       12.3373403311
        11.0551781591       -2.0411884723        3.1936789848
        -2.6845473275        6.3961478152       10.2742060870
        -1.9327606895        2.8067123134       11.4344706887
        -3.6955468173       -0.1094627369       -7.3206807526
         0.1851574197       -4.2879698427       11.0695039545
        -4.1670835136       -2.2790267825        6.6174825634
         9.4552968517        3.4102365615        5.5699725083
        -1.7193842160       -4.0751343607       -2.1238498041
         7.4801797793        1.3680964865       -8.9859039321
         0.7133799222        2.5695503815        8.7014006801
        -7.3182606116        0.6080985215       -1.9125878069
         2.2325580826       -3.7328144010       -2.1859114581
        -1.3745502762       -2.5250646856        3.9777976700
        -1.9804553797       -6.7858013818       -4.4039339276
         5.0387671586       -4.1671514258       -4.7746476696
        -3.3486367672       -3.7895567115       -6.2829111237
        -4.1523729756       -8.7156937410        6.3233135139
        -3.5698844266        5.6848714724       -4.1488217822
         1.6943635419        0.8005554747      -12.1936442093
        10.4157240940       -2.9677150280       -0.4854519344
         2.5231176770       -1.8469863454        3.8198502628
        -2.1727085107       -9.4099705874       -6.8643971917
        -9.6120419714       -2.3101395348       -5.8876335383
        -5.6874974305        1.0889707920        7.9521293025
        -5.7954766030       -3.9310240118        3.7938575589
         7.6311927550       -2.7898012724        2.0421144528
        -3.8953102267       -6.5279321613       -8.8113088849
        -8.4770862855       -3.4545110214        6.1889235419
        -3.3784911600       10.8357070325       -2.4926027602
        -0.5211665966       10.7691342696        0.2533133239
        -5.6091363092        3.4312093257        4.9848882942
        -9.6285324158        3.4611574312       -2.4641909217
         6.1393125582        9.0043494032       -2.3762554661
         5.7571822561       -1.6760055543       -7.7248925559
        -2.8767414962       -0.9524374375       -3.7522557072
         4.2184545695       -3.5270850233        0.8280319899
         3.9303192546       11.3381552240       -4.4795631086
        -8.3608700037        7.0823178670       -2.0343777666
         1.1333666283        5.0189907782       -1.8665257001
         2.7406552653        1.8437810645        3.5706214214
        -0.4510529260       -6.0918704983       -7.6561751143
       -10.1004856726        1.1879877081        0.6502694204
         3.9546951779       -3.7717760939       10.5586006855
         1.9468348662       -0.7381722588        0.5480895298
         6.5042496723        5.4220707531        7.1907935050
         2.4014535010       -0.2246103353       -8.7048755494
        -6.8322924150       -0.3120555645        4.7679431788
         1.6342279469       -9.1471171726       -7.3123176225
        -5.4957081087       -5.4296934975        7.8390390135
        -5.3901265534        6.3624848138        7.4609887379
         6.7908957537       -2.1634121530        8.4497632376
        -2.5157709872        4.8138868251       -0.7813360053
         6.0367463657        2.7080883584        4.6231395845
        -2.8730291903        3.6170670072        7.8349683319
         0.6621932373        4.2511786631      -10.8092418045
       -11.8078363442       -3.8916235610       -3.2704807501
        -4.9721265121       -2.1781156469       -1.0717284313
         3.7341588271        0.8796815968        7.1504355339
        -0.2780641460       -8.4355122816        5.8643857365
         0.2837782352       -9.7533705758       -3.8058486909
         4.4254424226       -0.7574736448       -1.9220874088
        -0.2316449594        3.3430144413        5.2065863002
         3.5569613678       -8.0309079411        5.2817488365
         8.2437109557        6.5390257788       -0.2529162713
         6.8476969129       -3.6981215616       -1.6303723832
        -5.3053509071        5.7134777496        1.9618095019
         1.7240193849        7.6977424187        0.5267059095
         7.4429027529        5.7250575776       -3.9429621384
        -4.6284624572       -7.5072868477        2.7491521916
        -1.1144741672        7.9405866518       -2.1517447256
        -7.1307141873       -0.7470252950       -8.4347319542
        -8.4654187197        1.3876531862       -5.5118625185
        -3.2427073998        4.4136553014      -10.4792949469
        -6.5162818572       -5.2596620401        0.2653963439
        -3.8271081772        1.3472902349       -0.9570800626
         2.2894778133       10.3777885979        2.9625250055
         3.2728965491        2.5824326420       -0.0678548260
         9.4742540529       -1.2205846677       -6.9642587653
        -9.3347629169        0.1594393959        7.3183990452
        -3.1241062659       -4.3917660436        1.4281371999
         5.2007748048       -9.7117860359        2.2237008612
         3.3771361244        7.2539719428        8.7173912754
        -6.5613052485        2.0006116155        1.5920800532
         7.9156944198       -0.1014241400       -0.7559978308
        11.3708042194        0.6270828106        0.3530251127
        -5.8353408036        8.5988417623       -4.5390238880
        -3.5288287103      -10.0004046043       -3.2518720857
        -9.9404154416       -6.1205356538       -0.8538725545
        -7.5222839518        8.5205385166        1.4295669842
        -6.8543418596       -2.1223904043        9.2597709262
         2.6489956767       -3.9142718666       -7.7230598559
        -7.2097542219        5.0406136556       -5.0743474238
         8.6940998274        0.8019087247        2.9102510183
        -4.4710835959        0.7807875918      -10.8736987431
       -11.1430640264       -2.5061461534        0.2257680604
        -1.5127969359       -1.4183049949      -12.1787886549
        -5.0259750431        8.6673981110        4.3817425255
         3.0646607928       -1.2012871364       -5.1992964633
         4.1171575708        2.8623620218       -9.9426121942
         6.7725048109        3.3200447585        0.8788648180
        10.2626714596        4.0153537386        1.8577344096
         5.2691996371        0.0283638815        1.7359621608
        -1.6573512881       -1.3708455307        0.0990362368
         4.7327880054        5.7808260866       -1.2008736418
        -9.3542768500       -4.7985046954        2.6942615327
        -1.3554437246        2.6960218725       -3.7836896895
         2.8482921943       -6.8931444427        1.6974065485
        -2.4558935257        8.8067997385        7.2771762776
         7.1132320575        1.7556150181        8.1559570267
        -8.0297382826       -8.3689522732        1.5537587706
        -1.2428605440       -5.0907017640      -11.1628473202
         0.4429317226       -0.1863224883        6.2099896254
        -7.9807755769        6.2143254114        4.5510674303
         3.2800353365       -2.8893661304        7.1300233056
        -1.9652045872       -6.6032232711        8.7869457489
         4.7559511523       -6.9874509177       -7.3373246590
         2.1811807610       -6.6285322101      -10.2061656999
         8.9456543960       -9.1509368314        1.5788998205
         4.1407178346        3.6618652011        9.7425721988
         8.4711663088       -3.9811401249        5.5101175075
         0.1642252134        8.8989868455       10.1039282530
         1.1801366439       -5.1845477528        4.7101380823
        -2.6922407358        5.9231544508        4.7991191209
        -6.8174891022       -8.1781619910       -2.0909658537
        -2.3241113997        3.5771039645       -7.0918143063
        -4.2506989080       -2.9026357269       -9.8890546589
         0.5596322231       -4.0439826406        1.1468697279
         7.0018266574       -0.9520254168       -4.3578729174
        -1.6889694943        2.2464657342      -13.1145603807
         1.4451335649        3.1702618626       -7.2396506466
        -0.8933758485        6.8150194054       -8.5651525816
         6.4601468018        4.8302385933       -7.5558498064
         0.8640950734        7.1163756475        4.2052267667
        -9.2439668235        2.5356409995        4.1770464495
         1.3953140439      -10.1230507391        2.8147704388
        -0.9054415680       -7.2570872125        2.2562804917
         5.6660060850       -5.7395827279        7.6519309337
        -7.6792707208       -1.6704837421        1.3144544877
         4.9582660289       -4.6594352991        4.2111825015
       -10.8031694377       -0.2063129796       -2.8828065780
        -5.4736136588       -7.7348353789       -5.6618761051
         7.7811986879       -4.6948505767       -7.3126288144
         3.8212069891        5.0873747303       -4.8778476558
        -3.0109058896        3.0044913310        2.3074773489
         2.5793885804        8.1345300581       -3.1961564406
        -5.5256858423        3.8418146709       10.4145116915
         9.4847923580       -3.8610246422       -4.1062122474
         5.9330419246        2.5082728201       -2.7802462456
        10.0019185043       -5.6143894032        2.4016953077
         3.0887205825        4.5373094974        6.1666098853
         0.4625646020       -0.7334755329       -2.6721718618
        -4.8653662358      -10.3391293244        0.3734749308
        -0.4579339574        0.6397095826        2.7621212339
         3.1555738562       10.8952101218       -0.7703403677
         5.3075091930       -4.4147855253      -10.2256844871
         3.9176721040        5.2663320574        2.5298598773
        -5.2266013588       -4.9464805951       -3.3647142572
         1.9420742473       -2.9416134518      -11.3340612691
        -6.1136236802        4.2029538389       -1.5038804594
         4.1309803886       -9.3755587020       -4.3424320908
         5.0817938601       -0.6795052343      -11.2244530918
         9.4942230251        3.1962492711       -1.8145062559
         4.4382127105        7.9631507657        5.0967566729
         8.5722625926        2.3022264255       -5.4595780592
       -10.3551203085       -1.1419100324        3.7785131640
        -0.7416310313       -2.4194973746       -8.6776621363
        -8.7104860094       -5.8694123955       -4.4893160696
        -3.0291580044        0.8792396549        5.3551883518
         4.7698693636        0.0309317004       10.6692723390
         2.9703098937        6.2389431183       -8.4258762065
        -1.9690331532        7.4834453203        1.5709900025
         6.5364512179       -6.3699608712        1.1605256560
        -1.0646380352      -10.1814300040       -0.2141117305
        -0.6144980612       -3.4104471191        7.5499616344
        -6.2076122753       -1.5900422388       -4.8712409774
         6.5947012123       -9.3930938603       -1.3498373692
         4.8913962560        1.7359016415       -6.3452305147
         1.9505759098       -6.4501165455       -4.7667717139
        -4.7376755514        0.1922845976       11.4543820206
        -3.3625135456       -3.2584172982       10.2247314634
        -5.9217729387        2.9256647928       -8.0446897040
         1.5138460790        9.1546479524       -6.5666254485
         5.3415665168        8.5400534840        1.3739134636
         1.3096288875        9.7463079781        6.6371174980
         6.0321889994       -1.0638549071        5.0776153887
        -3.3408864936       -7.2023567532       -0.8700194185
         0.0013727750        6.1316212290        7.6310553337
        -2.1882294909        8.9276209375       -5.6182606965
        -8.8972409929        4.8770917639        1.0650233061
        -1.4259608450       10.1661630016        3.9489852408
        -4.6041704259        6.5372428374       -7.5646622914
        -4.2205405529       -0.7538538638        2.4023885439
         0.1219517976        5.9141890183       -5.2093144510
        -4.8031077336        7.7067108479       -1.1006783247
         9.3005865408       -6.5463167273       -1.2623692500
        -1.0123726880        1.2438751620       -9.5990166505
        -2.7002326489       -5.5856561913        5.2398382436
        -4.9340070519        2.1087889431       -4.5073567241
         0.4765535813       -6.9386439836       -1.3103990299
         0.0328326368       -3.3767667174       -5.1607287356
        -2.4106407112      -10.4397860308        3.3667014472
         7.3243883816       -7.5096666715        4.6193426047
        -4.1766720617       10.4857095386        1.2373495547
         9.5052808425       -0.4132898920        6.2945034716
        -8.3739174740       -2.9901419695       -2.2223696932
