         5.3004676752        6.2184298148        9.3521356713
       -3.8328560870       -4.3441911042      -10.5940132696
        5.9939283581       -3.7504330513       -2.5287967490
        1.0179982564        7.4602233296        4.6757610800
        8.9207518824       -6.9068613011        3.5225033166
        4.1564066223        2.8700013145       10.9385849628
      -10.8312165405       -1.5484211893       -4.6964581842
       -6.6464964913        1.0722893130        4.5630699953
       -3.9637847533        3.2817027531        6.2744409360
        0.9804579866       11.7331039400       -1.3248131853
        1.7762398006        9.1343235902        1.2759539754
       -2.8356694262        6.5202162739        4.6122555251
        5.3817258799       -6.1580803425        3.3387715173
       -3.7098982820       -2.5453739867        2.0055810764
       -4.8312499228        6.5745562210        7.7561237255
       -7.9690656296        8.8263501817        1.0472364583
       -8.8830663266       -0.3663737064       -1.6138959848
       -2.2932466673        1.5936867357       -1.3768604067
        0.2361947583       -5.3641071455        6.4611445208
       -2.1775725587      -11.1302135939       -3.5329241357
       -5.3806925176       10.0055762192       -5.0377778866
       -5.3614954934       -0.7252057584       -7.2712123163
        4.0100755464       -4.5794292393        6.5023054500
       -2.1862214811       -2.8792384110       -7.6029473862
        6.0314342864       -0.5463952596        1.9890759036
       -5.9446351588        3.2670176708        9.4076956691
       -0.4896641137       -2.6809254219        4.0314309915
        2.6880271824       -4.7264140367       -9.0748132021
       -6.7610375253       -7.6215446368       -0.4260370068
       -1.7255065144        0.9029919903       -7.3718400867
       -0.5831922072       -1.4559267705       -4.5966815050
       -0.1321820268        2.3091599713       -4.2868410965
        6.2227727360       -3.1711814190       -9.0800696386
        2.8235805491        5.7952990930        0.0232279000
       -5.0474526279       -5.4467846296        7.6537060081
       -5.0348784012       -0.0266836776        7.8439672823
        5.5804442138       -6.4430462318       -7.1362946529
        0.0455944000       10.7858741371        6.0230880216
       10.7066063973        4.9163685837        0.8881205725
       -7.9064024971       -3.9990182108       -1.0383038435
       -2.2694531807        7.0848335240       -9.5269036333
        2.0447076925        5.3697805481       -4.9597496616
       -7.8618275520        7.5589167121       -6.6906790200
       -3.0806481069       -0.0058821510        4.7466582887
       -5.8725480940        2.3955117284       -1.7382860073
        5.0416521633       -0.9666105221        7.1474594402
       -4.8347072667        3.0251462497       -6.8745311875
        6.6118802203      -10.2264219476       -1.7073294563
        3.6079235893        5.1930752235        6.3234002807
       11.3258444462       -4.8658677123        1.2425247647
        6.8347901753        0.1592348780       10.2342964036
       -2.4076506787       -2.7241713441        7.2045027339
       -0.3145486176        5.3237925183       -2.0779288074
        5.4629200696       -6.8847003477       -0.4473563759
       -2.8028998607        3.2938952624      -10.0723680198
       -6.1655143115       -6.0110326477       -3.8434174393
       -9.0680756215        0.0463383461       -7.7890733658
       -4.6088949125        1.1139490547        1.4664444014
        3.6957068739      -10.6428225977        7.9811352418
       10.2288813435       -0.9951036732       -4.1556686026
       -4.4500565455       -7.6510654837       -8.6646664074
       -5.6982165552      -10.8396634401       -1.9035590244
        8.3939428153        2.1466396815        1.4734375559
       -3.7070843817       -8.0002202506        1.5923886491
       -6.3913170001        1.7672679517       -9.9352037116
        4.2194167532        1.5082405554        4.6130148034
       -1.0965660661        7.6017063589        7.8421654830
        4.0709686510        5.4373102943       -8.1260554821
       -0.2650366990       -2.8773545065      -10.7910491655
        9.0458892782       -7.5871030556       -0.2596233568
       -2.3708345322       12.1840878268        0.3582833688
        0.3701003710      -10.7204905987        6.0826826121
       -5.5666881926        4.4191157089        2.9658931721
       -6.2539077851       -5.1959878139        2.3689971836
       -8.6317821998        1.0483998086        7.6932207702
        0.4220816408        1.8941974893       11.0314770907
      -10.4504559988        5.8384643083       -4.5229315973
        6.5696222003        4.2155854359        4.1651415557
       -2.9583911836      -10.7327816241        4.0643072641
        2.0377153589       -8.0139370255       -7.1193118967
        6.5656058085       -0.4619497999       -4.4555314417
        0.4871389423      -11.5271149650        2.3580518262
        7.0666133211        3.0314797065       -8.4979807615
      -10.1953898805        2.1421404121        4.3382860539
        3.8148013229      -11.3087622909        4.2872655738
        2.9911112510       -9.4269348130       -1.9298777434
        1.0145569783        7.7803724952       -7.6436312534
       -6.8595681458        4.9942510158       -4.2022472745
        4.2564454790        8.3508942276       -5.5789232984
        5.2060545228        8.6428554513       -0.3738530750
        6.9888820698        5.5732452932        0.5829097592
        2.0057126317        4.0722591028        3.3502345390
        7.4566937300       11.5887732501       -0.7649350544
       -4.2086008584        6.7736632104       -6.3322235277
       -5.6875442853       -2.6405965732        5.1385336856
       -2.2327279571       11.2090394241       -3.4011658104
      -12.3309660429        0.6762648244       -1.8660917088
        0.7778159460        4.7793807383      -10.0787456367
        6.5535309688       -9.5558712434        2.0477778327
        1.8406800773        2.4175643047       -7.4196036733
       -0.5752125321        6.2826469581        1.6315134701
       -5.1919288879       11.0034208806        2.7061794163
        6.0952398263        8.0916467640        6.0488715527
       -7.3202582706       -1.5357514600        1.8153042149
        8.0061340322       -3.7711216791       -5.7053860483
       -1.3820484208       -5.3512155502        1.1306316224
        1.9396449816       -6.0778899101       -0.6394328828
        8.5500087537       -0.4420709791       -7.5874254103
        4.4580724838        6.9802603445        3.0124685132
       -3.3223788693       -7.9663667587       -2.1736874463
       -0.4856945607       -8.0552339005        3.6071393778
       -9.1551540031        5.5205169382        2.7409215169
       -5.3599896587       10.5553951961       -1.1629495541
       -8.8055789719       -7.8520615539        2.6819461863
        3.2107725195       -2.1181812792        4.0591997095
       -0.6377513367       -1.8025028901       10.4679472870
       -6.4717891342        7.7518215657        4.4400054693
       -0.3732644105       -8.8069998777       -0.1728510550
        7.6877387331       -5.5426934489        6.9487125591
        3.5954648207       -6.3863325353       -3.9911001889
        9.1965949014        8.3575061710        0.0090833412
        4.1321158911      -12.7919055978       -3.0762162607
        7.8495926660        3.8194273734       10.7013002017
       11.4308213952       -0.1152562119        5.3864565564
        0.2525427509        0.9629929358      -10.5686968801
        0.9218134213       -2.7678875671        0.6115705716
       -0.8868308422       -6.2202925545       -8.9343922945
        4.3341789375       -3.4915148195        0.7910920854
       -9.1732636744       -3.6885594219       -7.5246126517
        3.4604382708       10.3888065952        4.4005720318
        8.1792841523       -0.9959912564       -1.0518440061
        2.0318033332        8.2641947561       -2.5031347029
        4.3647001490       11.1687425008       -2.9642449581
        7.2658144956        5.9440052338       -5.9697885731
        9.6887672410       -4.3310212987       -2.2504946358
       -4.3794293019       -2.7528471599       10.3428246339
        6.8975039244       -3.0199480435        4.4689488595
       10.5271423806        1.9600951231       -1.6626590048
       -9.3564174457       -1.5911289805        4.9696266349
       -7.9422702830       -7.2788101274       -6.8455635296
       -8.5582765943       -8.8064551361       -3.4329434722
       -5.4287602551       -1.1759390784       -1.3873984764
        0.7394065745       12.4423922232        2.5755326598
        4.2452877808       -3.1879730590       -5.9443536916
       -6.2068876750      -10.5854012286        1.9113571416
        0.9949009374       -8.0906813873        8.8636244143
        2.0597453390       -4.4994677117        9.7443666178
        9.6133525711        1.8427794211        8.0382203881
       -5.8401569940        5.5697796968       -9.4443257810
       -3.3147973290        0.9194193702       11.0471105637
       -3.7995517413       -3.1685549522       -4.2249438881
        1.1678898207       10.6870001146       -5.1029586267
       -4.3677733254        7.7846604381        1.2923515210
        0.5975215514        0.8959602498        4.7488114196
        3.2966023155       -1.3860793615      -10.9120905830
        8.7191980338       -1.8861025656        7.6191697588
       -4.3611134416       -4.7804736694       -0.8384077680
       -2.3561876976       -8.1390466962        6.9191625738
        3.1175545809       -0.8252203187       10.4293010789
       -0.2291416594        4.2638943332        6.3357725269
        8.8610172749        2.5111998239       -5.1170988239
        6.8246514115        9.9140747030        2.6667931441
      -10.3654324771       -6.7526271434       -0.6620593847
       -9.5049421526        3.2307273549       -2.0773486746
        0.4824995502        2.9807421032        0.3911153861
        0.6850311983      -12.2335541052       -1.3873760666
       -2.7159938518       -6.3336799592       -5.6079966028
        6.8119775157        0.1091360061      -10.9441244608
       10.5667660299       -3.8397720960        4.9123375717
        2.8015518726       -7.9389037281        5.5814891509
        2.8994549314       -8.6817016999        1.8293778981
       -1.1384114162        7.7305693912       -4.5465564515
       -1.1523029443        0.0134352025        1.6867385288
       -7.5073951377        1.2548115933       -4.7444582353
       -6.9155959264       -2.0450656686      -10.2411223951
        0.9638273400        0.0429803458       -1.6743497788
        4.8387162509        0.0855272629       -7.8197991517
       -1.1705941087        4.6899233793       -6.9085581221
        4.8912970760       -9.6747107795       -5.1465840477
        2.4666138813        0.2815537451        1.6176395088
       -7.3665517393       -5.7672958307      -10.2437613788
       -1.5225260471       -9.5184768129       -6.9539191388
       -7.6072008618        4.4255671272        6.1183712382
        6.3641309512       -8.8557576280        5.7927143970
       -2.0800433480       10.0861014675       -7.1055946346
       -7.3123506604       -2.3941878987       -4.4923679067
        9.6561541814       -1.3824900622        2.3408981768
        9.0588459840        5.4373017778       -2.5699092087
        1.3685445012      -11.2732261264       -5.0987332498
      -10.9181116745       -0.4878846676        1.5769005830
        5.2398166322        5.8574288198       -2.8488677306
        0.7177911960       -4.7302838935       -5.8727144770
        6.8143069893        2.4949183444       -1.9625864768
        4.7088423099        2.9070919764        1.0779448986
       -5.6454823543       -8.0733367351        4.8430893193
       -9.8398169437       -5.2238699464       -4.0966461322
       -7.6664649673       -2.6724815146        8.2718950402
        4.7620516017       -7.1680252977        8.9144516942
        7.8205630662        0.6723798648        5.0054867103
       -8.1469928723        2.1507807971        1.2297287955
        3.0398295726        2.9518825781       -2.2762702270
       -5.3106678570        9.2998901134       -8.8414535703
        8.4532836065        5.4165471597        7.2131256660
      -11.6770107951        3.2161547056        0.9518270076
        1.5327175418        5.2746718776        9.4875259601
       -8.0062819183        8.3157690652       -2.8463239051
        5.8102614320       -3.5320905967        9.6485936464
       -5.0803603381       -9.3056683589       -5.2993630125
        7.7876774871       -4.2482780470        1.0080858664
        1.3230791483       -1.7865100637        7.2652807145
        4.5447903410       -0.4220229988       -1.3531486289
      -11.1105708763        2.1323828739       -5.2207206195
        4.1030545562       11.9996456897        0.8892766382
       -3.7977426743        0.4384943263       -4.3113595266
        5.0818428916        3.0043916773       -5.3657926183
       -4.3244897838        7.3655299963       -2.5386385834
        2.6775544539        8.5512350819        7.7625310153
       -9.9462797060       -4.2019369895        2.1720451723
      -11.4616805970       -3.0729839871       -1.2386009889
       -1.9491502767        3.2392042052        3.1634043364
       11.8387243340       -1.5498637652       -0.6956177770
       -5.5774075500       -4.3958227584       -7.2752637410
        2.8868374459        0.0633983865       -4.7281688143
       -1.6385804988        9.6291017401        2.9258761384
        1.8733283156       -5.3327435682        3.0798908018
       -7.0067903365       -0.0521037607       10.9695833544
       12.0557809416        1.4044859745        1.8187635773
        2.3075443874       -3.1394239306       -2.7896897486
        1.3229765969       -1.4103188662       -7.7727574957
      -10.5572152762        6.5129148367       -0.6897764291
       -3.3394391458        4.6474763903       -0.0251087539
        2.3465162603        1.8837912734        7.8487063987
       -2.0219653537       -1.9617734561       -1.2336992515
        7.4186809501        8.8161612599       -3.3949939179
        8.8971732581        6.9351154778        3.6145666000
       -2.7680739747      -11.4856276756        0.3080352736
       -3.2530382776        4.1709720175       -3.8265335566
       13.2965360737       -2.0801618826        2.7901627910
       -6.9774487585        5.5838826348       -0.3830796636
       -1.3429997326        0.9374790015        7.9081295239
       -8.2682424016       -5.2849977345        5.4977876438
        3.8186911226        2.4481097522      -10.5554429481
       -3.6794650054        9.8247341852        6.0419241396
       -0.9287705302       -5.0090773327       -2.5440834566
       -1.7027007397       -5.4420205557        9.6323279166
       -1.4012574215        8.7759225665       -0.8410341434
        7.3520989863       -7.0461162090       -3.7382924156
       10.2975827794        3.4611462305        4.5073843804
       -2.2249309598        4.2929645718        9.5178475222
        3.9752254798      -12.0162256077        0.5934779683
       -3.3286758519       -0.5341664689      -10.4433502270
        0.1507264076       -8.1188099076       -3.8555597629
       -8.5232517385        3.8445989677       -7.3740294639
        5.9858667969        2.7196290467        7.6672784838
       -3.0608847640       -5.3767922946        4.4694932131
