        -4.4341532392      -11.3269475902        0.4393964489
         2.3618780005       -0.3055906988        8.1334900315
        -0.8062884699       -2.6914084894       -0.9720156175
         5.6929408930       -6.7682137431       -2.3796472908
         9.5943065756        8.6517758963       -3.8087604439
         0.4954129733       -9.4597366056        8.4736064314
        -3.1309436247      -11.7849932111       -3.0580350650
        -3.1829653267       -1.7509062861      -11.7136359675
         8.1884961117       -8.3515760439        2.0806423291
        -6.9252822627       -5.8292053530        6.4226899774
        -4.4422571868       11.7461556803       -0.0665128617
        -3.3138081176       -5.3055790046       -6.2194669474
         8.9243942586        9.7950224672       -0.2925024443
        -1.1818039690       -7.3770369165       -8.5938329258
         4.3759610917        2.5879107468        9.6512672970
        -7.8485168761       -9.6882520076        1.1797995065
        -4.4062623067       -4.0289710426        4.3666706706
         6.8998103661        8.2097766408        5.3214356031
         4.0114624742        4.5587600545      -10.5224872851
         3.2513758261       -6.9039611355        7.8475274890
        -5.3411391322       -2.1211249876       -5.5216352874
        -1.0490408946        5.7714645804       10.7015671729
         1.9450643209       -1.4512428562       -5.1200796337
         4.2483959829       -0.8876572918        1.9214146383
        -0.9937598940        0.9081085318        6.7375037789
         6.5992311500       -1.6213549698       -9.6328909247
        -7.4619335674        4.1108004085       -2.2072083131
         7.7135089790       -1.5446484551        2.8359414547
         0.5311741662        6.0947993112       -9.6911577013
         0.5927999328      -10.9620755843       -3.5875134184
         2.1930694481       -7.9232170686       -1.9221144679
        -5.2245470229       -7.7891201588       -0.7543989313
        -0.3029944731       -9.1973123578        4.8667350467
        -8.7226069183       -0.1211458603        9.3278385246
        10.6870227669        6.4111787367       -0.7558555682
         1.9629576120       11.9663532866        1.8897474111
        -0.4138131355       -7.5320736915       -4.8367031905
        -5.5229410363        5.3811007565        7.6533758704
         0.8472952162        3.0291665684      -12.0425898459
        -7.7344572986       -8.1880073024       -5.2995781214
        -7.6814342981        0.2772278947        4.1130123835
        -9.4317743178       -7.6642945072        8.4606491404
        -4.9079864495        5.1110629336       11.3050028690
         0.8392866620       -0.1643135757        1.0358412532
        -3.5261771647        3.3165963455        5.3375469168
         7.1823305374        1.8920907164        7.0652744419
        10.4544763886       -6.1718445970       -5.1586517734
       -10.2857484323       -1.5726518528        6.0831456982
         0.0867035375       -5.8503752406        0.2709349241
        -9.8026014002       -6.4132131669        1.9494636915
         6.4561095900        1.9418909541        3.3986474216
        11.2238304751       -2.3516960615        3.6830312889
         2.5140372988       -6.4677347807       -9.1821194965
        13.6452253960       -3.0525135234        0.8847194543
        -8.3398225411        4.6121977476       -5.8974420803
         2.9171578355        2.5256449557        2.3865357580
        -5.5798466528        1.3130558324       11.1182536957
         4.4852262404       -7.7015391814        1.2278767024
         5.3200435912       -8.6961085572       -7.6367652773
         1.3251951256        5.7359232430        1.4341450252
       -12.5454341629       -0.6975366399       -0.1395323063
        -2.4588523913       -2.1092980656       -8.1057075541
        -2.8324522158       -7.8620767377        9.3278053705
         6.1734476511       -5.4753137877       -9.6830613765
        10.2876133482        7.5177402053       -7.3218323418
        -4.1072830854       -0.4282537948        5.0039317864
         7.7883248955        5.6686027356       -5.2893852017
         9.9881987601        1.2173928903        4.3862525897
         4.0567164242       -3.4340107616       -7.4261189114
         3.2100521341       -3.6333989209        9.9044458405
        -8.0684322043       -2.0973568467       -2.8264173065
        -9.8875185657        1.1777236687       -2.0401532205
        -5.4425912700       -1.6147223947        1.6878603163
        -3.2330358456       10.3428010927       -6.0782839867
        -6.0985224876       -1.7426173280       -9.1888878777
        -8.0127188397       -3.5030896819        3.6395155364
        -1.6893528530        6.0039698237        6.8971511683
        -7.1150706052        9.0275001418        0.0401301520
         9.7325860889       -0.0631188314       -7.9777879862
         2.0927464967        6.4760066460        6.0263508756
         0.5193679156       -6.2460658414       10.6458794980
       -10.6686003839        4.6205717967        3.5618942451
        -7.9679813037        1.5825688756       -8.3401147757
        12.8560086042        0.5220848894        1.7379656626
         4.6214248344        4.9607998241        0.2306109768
        -0.6365844701      -12.0643930795       -0.0902100149
         7.1047082505        6.8327826034       -1.7815609474
        -9.6810054223        6.1389344540        0.1547320125
         5.4621608478       11.3362287749        0.6643067638
         3.0359569202        8.4667408571        2.9754769839
         1.4929459776        3.2741949537       11.9964715018
         1.5834700943        2.6528501204       -8.4377425532
         4.7099395510        4.1771892308       -6.9056803573
        -5.5357328270        4.5779804578       -8.5656902142
         3.2427332188       -6.6334023840       -5.4287126500
         3.3578541038       -3.1641968060      -11.0594218978
         8.8216659734       -0.2410520684       -2.7570066119
        11.3530836855        5.2756626262       -4.3386729206
         0.4058020231       -2.8320574398       12.5728599475
         8.2781691391       10.9784464357        3.1987950176
        -8.9279645288       -1.7035673089       -6.5444887592
         8.0415515421        4.5761194071        1.2385906221
        -2.2883310996        2.7115433183       12.6832108521
         1.6035209190       -0.2091731086        4.5596508367
        -2.8615903967       -4.6530197576       11.4294017421
        -1.9905583141      -10.4751642054       -6.4894504384
        -2.8081481607        0.3067533856       -0.1982062410
        -2.4800923492        4.8718050746        2.1220584948
         6.4166126529        7.9711771390        1.7154991299
        12.2308491397        2.9488312768       -1.2717687355
        -2.0816332404      -12.0398416509        3.3695599853
        -5.1477482024        1.5404215414      -10.9590601183
        -0.1378809583        0.4069971363       -2.6903448694
         7.1682565574        6.0704882701       -8.9555609861
        -9.7184157712       -4.9287457215       -4.5723750447
         2.7483738777       -1.5290518489       -1.5448366404
         4.7475625773       11.2535115914        4.4513767748
       -11.5763773177       -3.0466799819        2.7318073004
         5.5949972616        5.4589201968        7.4966277635
        -1.1371951298        3.6679480387       -3.8270264737
         1.2434892259       -1.1763900396       -8.7362336995
        12.4800214197       -0.7361144529       -1.9207736683
         1.9006346583        5.3016556650       -2.3370063001
         4.8995282629        5.3420262241        3.8613832442
        -4.4795301336       -2.4869849527       -1.8376293071
        -2.6434514475        4.4854384018      -11.1106739464
        -6.9619432668       -4.9977238308       -7.2917978565
         0.1654003879        8.6928553002        8.4812990904
        -1.9283427598       -2.2350664879        2.3245326454
        -5.9660857911       10.3775344803       -3.3729033764
        -9.1581084158       -3.9342814029        8.9235991162
        -4.7399556355        4.1323805744       -4.9210866357
         0.2937203749        3.8593166893        4.4977083387
         3.0874042643      -11.2620779295       -0.5516800174
        -6.1297360280        1.6282946086        7.3543021802
        -0.7200951973        7.7052634176        3.7211261495
       -11.2738682566        0.7970791200        3.1936676824
         7.2651837863       -1.8500722793       -5.8827469563
        -7.1785045141       -4.4940853919        0.0286381499
         0.5169982725       -0.8340499044      -12.3477409969
         5.0301789336       -4.2144401629        3.4197035572
        -6.4692202600        8.8689932939        6.7442626311
        11.4563920524        4.0629549248        2.3135399743
        -1.1110473157       -2.5518830026        5.6966820661
         2.3515382218       -6.7085126939        4.1265397654
        -1.4067199062        6.3635627698       -1.2952144346
       -11.0211665135        4.5822172560       -3.1414893502
         3.7450568422        0.7041325026      -10.9402107441
        -1.8909763934        4.0987399550       -7.4823535065
        -1.7129253638       -2.4192095474       -4.5115771610
         1.2255067564       -4.5926317882       -3.1962484158
        -2.7254434457        9.7619147832        6.0544643585
        -5.8249259989        7.5392901671       -6.0276067245
         9.8933923151        7.5555454423        2.7888581674
        -6.6358609410       -2.1449019016        6.9610340985
         5.1582563377        0.1916667447       -3.6089469591
       -13.4398579271        1.6409281331       -2.9904386082
        -3.6851609612       -4.3970813909        7.9047604506
         4.2599546799      -10.0431059563       -4.1227244612
        -4.9571878025        6.9852874079       -2.3393514947
        10.9771150494       -2.3228901409       -5.0766473644
        -4.0404921754       -4.9973658683       -9.8406466764
        -8.1543128153        3.6923941715        9.6729249999
        -6.1182265721       -9.2912859352        7.7127106105
         8.6067302427       -1.6818610610        6.4552794742
         2.8091499763        2.0322257728       -1.2055260358
        -3.6343200446        8.1199800584        9.2857202207
       -12.1205790473        3.1462520975        0.2747080879
        -0.7671887230       12.6097387518       -0.7601667522
        -2.7791295892      -10.9166118620        6.9757295945
         6.8088959073       -5.6271317079       -5.9810270913
         1.2718335400        5.6784024984       -6.0374996130
         6.9331301451        2.2478554303       -9.3901154478
         3.5472772046       -4.6055347801       -0.1258996511
        -8.8673792488       -7.3546922245       -1.7075026409
         7.6013370478        1.9508599010       -5.6668654428
        -3.4567333616        8.3305078304        1.0003461244
         2.2663191897        2.2894041248       -4.8201263702
        -7.1024314856        4.0503557627        4.4701742844
        -4.5009638861        6.8853631978        4.3735003325
        -0.3401954545       -4.1445340972      -10.5516974880
       -11.6301271645       -1.6420316854       -3.7986725093
        -7.1977878816        1.1683555413       -4.7287833417
        -6.8342483696      -10.5906717336       -2.4437512099
        -9.1174561813        6.0487072901        6.8134954077
         1.6847636436      -12.2029227951        3.0015423446
         0.3877479760       -4.4246965885       -6.8818875239
         0.2733469603        9.1719800423        0.2774687509
         6.1537569195       10.2689796257       -2.9442725212
         2.7404546333        6.2343597211        9.8250421130
         9.4006620755       -7.3926687591       -1.5314988091
        -1.5836135638        1.2658866464        3.0986375850
         3.6646760598        8.3186281301       -0.8096951540
        -2.3044739815        1.4979445148      -13.4922422846
         6.3364649312       -2.0075787849       -0.7388923309
         7.2975607580       -5.1422836401        0.6823821293
         2.6706332442       11.6532437212       -1.9452126834
         6.5973742028       -9.9844960587       -0.9783014177
        -5.4732192882       10.3499949099        3.3511308596
        -4.8718832458       -8.2129588925       -7.9096909075
         0.9556167349        8.6041213037       -3.4896727093
         8.4001619303       -4.0712124670       -2.9321258408
        -1.5683518935        1.1165994571       -9.8812711971
        10.0564225523        3.7698038219       -7.7023647591
        -6.1565812787       -5.3159444549       -3.5494653382
        -4.4133876490        1.1443109276       -7.3506298966
        -8.9991186719       -1.1624300770        0.8056140239
        -2.1666814330        6.9922758991       -4.9949152443
         1.6769258960       -9.6027765253       -7.0591590263
       -10.5541407055       -5.3829126831        5.6080195040
         1.5224748527       -3.3713937415        2.6153961237
        -3.5527986836       -5.0137514799        0.8156915590
         5.2846683356        3.8441083797       -3.2407351724
        -2.4087618311        9.7687524884       -2.4548686512
        -3.4929357605       -0.8107602551        8.7419444079
        10.9667461276       -5.6988342600        1.5086146261
         4.3729482934        7.2123922413       -4.4319192638
        -2.7320542271       -8.5453182594        2.0674485377
         1.0178509518       -9.0248629972        1.5109161157
         4.7465711307       -3.5616676946       -3.7493605883
         8.9026296026       -7.7301586209       -8.2025797660
       -10.7769274370       -4.0498557744       -0.9376628959
        -8.1577708050        7.5874904555        3.4632051698
         9.9862010392       -2.4437069810        0.1363076439
         0.2195133167        9.0808076277       -7.1914662411
         3.7063421112        7.6354019269       -8.1553683225
        -6.3423126919        0.7226916954       -1.1097073005
         1.0482299134       10.5248918142        5.3266475950
        -2.9721896991       -1.0649092314       12.4716131376
        -6.1293847569       -6.8803104230        2.8251407031
         5.8459620085       -7.5814012816        4.9232468734
        -2.4988935230       -5.5128449465       -2.6001270747
        -5.3979897812      -10.4104037115        4.0926650567
        -3.6555610754        0.7410225250       -3.7557443139
         7.8133233751       -8.9173490087       -4.6345925507
        -0.3285954864       -6.0747683721        7.0957473645
        -3.9065035152        3.6162549585       -1.2492602754
         9.5130616028        1.1399932709        0.6915758913
         6.1396757864        1.5592397046       -0.2327285204
        -6.0526504476       -2.5279227935       10.7119631084
        -8.5718706508        2.6480595021        1.2149769979
        -9.8070573342        2.2624376997        6.4915266199
         8.5500080595       -4.9817522293        4.3184924219
       -10.7480270992        1.6194943642       -5.6794926839
        -0.3737446389       -2.8978390858        9.1063985888
        11.2980417374        1.5346270830       -4.8090626344
        -4.1379963393       -8.4225169363       -4.2294428514
         8.7812799892        3.4303694483       -2.3126037397
         3.6048455789        2.6093181145        6.0187842567
        -5.0273907120        2.0993404379        2.1248957809
         5.8737271867       -1.0033764562        9.1657450582
        -1.1407713479       -5.6798670840        3.6217594782
        -3.6101975060       -7.5100064326        5.6650203276
         4.4535883395        0.3745540106       -7.2837581412
        -2.9550476138        7.4505666065       -8.6281741968
        -6.1987791292       -6.2245003937       10.0346981183
        -1.7523624148       11.2542163976        2.6881342579
         0.8723042991        3.5351293340        8.2939312761
         3.1493155644      -10.0570370664        5.7252168729
         3.3699401954       10.5679567367       -5.5952889664
        -8.7129165401       -8.6970369244        4.8406766140
        -0.8468753586        0.7639429208       -6.2770649535
         6.8555317719        9.0724035668       -6.5140458081
        -1.5719840807       -8.8013048535       -1.3807396657
        -0.3414992334        0.4899325258       10.4470950253
         8.5152665458        4.7520023900        4.9395170425
        12.0092501634       -4.6040355503       -2.1095970428
         2.3884283111       -3.5767364721        6.2429195952
        -5.6454263459      -11.3583711325       -5.9339397599
         3.9401010359        9.1191391890        7.5014005696
         5.9422993389       -4.3207637714        7.1169569551
        -2.9172094828        2.9956239493        9.0350044181
         5.2369297674      -10.8470651779        2.6495203852
        -8.5231743342        7.5067455881       -3.2706698622
        -6.0806293375        5.5733660565        1.0864230370
         5.0919825544       -0.9406054819        5.5335590243
         9.3499456093       -3.9209747295       -8.1535110131
        -0.3985080263        3.0399115871       -0.0896395746
         3.0777565331       -0.2735861187       11.7613919938
        -0.1186912867       11.9294030407       -4.5431349066
