        -8.4018822999       -6.0813773243       -8.0250719393
       -2.5493298116      -11.2493960476        5.0485583268
       -4.8384846892        9.2243163686       -6.9806804399
        4.9556973323       -1.9257297693        3.0127776544
       11.6401279155        2.7442794384       -0.8348189618
       -6.7042929190        9.6779028981        2.5684212281
       -2.4539481356        3.1620889600        5.9039735268
       -4.4410242389        4.2781825172       -0.2305412319
        1.9887622667       -5.1909538910       -2.7385082073
       -8.6483541640       -8.4912678035        5.0531095964
        5.9985547897        3.6273434455        6.3518514537
       -6.0816775858        4.0664583124        6.1201718901
       -1.8946602059       -1.5021476822        8.4988693817
      -10.2793536806       -5.7195125322        2.9219573645
        6.5857651674        6.7138818819        0.9487445031
        3.2150761138        0.3079517884       -5.2231144495
       -7.0332880859        0.4136525723        5.3830859613
        2.5341370844        2.9445847164        7.8731819180
        8.2013531712       -2.1847675988       -8.5432500632
       12.9291777654       -0.1721474152        1.3208849111
       -1.4556873803       -4.7318169336      -11.0563698450
        8.2762585828       -3.3655976393       -3.2449034752
       -3.3467999065       -0.4204415228        5.1717375779
        4.6624818475       -2.5038617594       -3.1138162820
        5.7110691259        1.4724633632        1.4743809664
       -2.1240922975        5.0807330699        2.6829273985
        3.2615017505        7.5288033077       -4.7614041487
        0.2453711568      -13.0901240793       -0.7466303471
        0.3208786795        9.0508652708       -2.8443790030
        2.0925185054       -3.9360478453      -12.3136106989
       -1.7482570323        6.8794516753       -0.6019059478
       10.3511040919        6.2524247347        4.7102063763
       -2.9021002376      -11.9603767288       -2.6508714984
       -1.2198030103        1.4966278968        2.8344262217
        5.3766393399        9.5588719285       -7.0025125848
       11.3322275077        2.3271063026       -4.6765661432
      -11.4562892099       -2.4359173907        4.6189018591
        1.6155174963       -6.9853550199        0.5471428440
        5.7104312404       -2.9785508284      -11.3686323138
       -2.0464823547       -1.9591286183        2.0683658052
       -4.2587905460       10.3953813641        5.4890293177
        4.0420451241      -11.7739372177        4.0297130032
        3.1723031784       -8.1997342514        3.7333620794
      -13.0602958062        0.0761722513       -1.3705925681
        1.0757891103       -1.6119038453       -2.8888931282
        5.2389560232        0.2111598454        7.8980119853
       -7.3140896567        5.7237385868        9.1786973354
        5.6507479265       -6.1528409954       -2.8896206764
       -3.8140561265       -1.3617791444       -4.7384948947
       11.0420787615       -0.3995093875        4.6674921481
       -0.2220055115        5.6161081495        7.6436464473
       -2.6674760072       -3.0533511963       -7.9239254446
       -3.1450686180        0.1423225104       11.6345165369
       -1.8561809827        0.4163920379       -9.3854671015
       -1.4953416207        0.9426524118       -3.0100907228
        5.9468859167       -4.1735583170       -6.1715337986
       -2.5482316566      -10.1821196156       -6.0788086889
        7.3812305927        0.4354000785        4.7124120539
       -0.2673525110       -7.7162270940       -4.4272292491
       -3.6170707410       -8.0927423305        0.8992387218
       -6.1215914941       -3.7563728999       -6.3781297467
       -4.5908840743       -4.7224543101       -3.1489263263
       -9.2118369062       -1.6131262447        7.6723518826
        7.7013263791        3.1357347762       -4.5534966834
        0.5177091945        1.1221332295       12.4434830123
       -6.2267170808       11.4421259366       -0.8201633710
        4.0813824709        1.9020854361       11.1317747974
        9.1582819914        0.3062734494       -2.4309465249
       -5.8433186122        2.8681275696       11.3202718917
        8.8417910653       -8.8660454500        0.3894303176
        8.0546047325       -4.0771500001        9.3861577055
       -8.2298838700       -3.9683716360       -3.1932376597
        9.0856933654        1.5044053396       -7.7272333434
       -7.5947416696       -4.4596987290        9.6953792832
        4.0353525976        3.8839813119       -4.3728372790
        3.5602806425       -4.9438415772       -9.0372113159
       10.3419789851        5.9786347160        0.8711990447
        2.0561427302        8.0408005548        9.3117798254
       -3.3771759489        1.4922035569      -12.5716959792
        5.2298261856       -7.9703793625        0.4728750008
      -10.3915382265       -6.0549825966       -0.9417111297
        9.5660516922       -5.0394531097       -6.3075907560
        0.8509280957       -4.1943008883        8.5194263992
       -3.0108723867        8.6797195051        2.4306853983
       -2.4109070774        4.5026747560       -3.4444046553
        3.2549184728        6.3429656025        6.2241009007
       -0.3557134589       -0.6357373529       -6.1544771588
        6.4082122020        6.3546501209       -2.8558305145
        1.3089981661       -7.3769926623      -10.7374302608
       -7.6537566288        6.5835140626       -6.6533775558
        9.3370634289        0.6678854969        1.4100304814
        0.7407113728       -3.4011748228        0.2478310579
        4.3858961895        4.5920384899        3.1120726882
       -8.1809697594        3.9826003089       -9.4398080378
      -10.6892564082        1.2559550214        5.5209360951
       -5.3607113313        7.8667540542       -0.5243754184
        6.9010149242       -1.6812329291       -0.1979974570
       12.1632843043       -3.6194851556        2.8809573279
        7.4663499873        4.3499081844       -9.7486361190
      -11.6385567586        6.0085651394       -0.0551347080
        6.5317662902       -3.0075580163        6.1992646004
       -3.0203155641        2.0200435251       -6.2063748173
       11.8698342118       -4.2047053576       -3.3323772323
       -5.5014781360       -9.6667429011        6.9557200077
       -4.6102095849        1.2094744870        8.2627246164
       -4.7976290964        2.3967884198        3.0591228610
        5.5499225756        8.7378839079        7.8410531831
       10.5626578909       -1.3648721280       -5.5749714640
       -1.8948587382       -8.8518954483        8.0224668345
        8.5708900260       -2.7800623992        2.9709646025
        4.2604440020        4.2887606803       -0.6382906752
       -6.7300759884       -6.8815927149       -1.0099849221
        3.2530503832       -1.5920025316       12.5172019312
       -5.3639552366       -0.3159359868       -7.9452481529
        7.5268701545       -6.6811653151        6.6015568503
        2.3126878973       -3.2737246048       -5.9539164864
       -3.7684039017       -8.3259540036       -2.9504603497
       -3.4450611285       -6.4381815767       -6.2232916909
       -6.6592013889        2.9097531502       -6.2537484652
       -4.9786651662       -5.4603687189       -9.6197107712
       -9.4282676421        6.9415571266        2.9532426088
        2.7835587886       11.8670001002        2.6127564198
       -0.7358119902       11.2543950512        4.1178778180
       -2.5009089224        5.1609941535      -11.7569458718
       -6.0759796750        5.4598565454       -3.4361220917
       -5.6593681745       -1.2240967707        2.2538712818
       11.5084621336       -6.1114838310        0.0050817556
       -1.1365176187       -4.0360642946       -4.6039229943
       -3.4308263400        0.7295239583        0.0526867800
        7.9149138868       -5.2736697112        0.0938476107
       -8.8613605996       -8.8892140497        1.2412833011
       10.5257599398       -2.5270563838       -0.2862969027
        5.8194705757       10.4533164887        0.6595381035
       -5.7657539977      -10.1981958822        3.1531246789
        9.5948038713       -6.4505395554        3.3267125652
       -3.3005415461        8.0950649625       -3.7855120752
       -4.2068951471       -1.9989753784      -11.1875945500
       10.1535358355       -3.8647470783        6.1606340597
       -6.5336088693       -6.4659425026        2.7981870011
        6.6179502502        0.6886676168      -10.6041621670
       -8.6990357343        2.6815191806       -3.0243911476
       -7.0312350899        1.5747126211        0.1419195760
       -5.9293160329      -10.5455846740       -0.6979104258
       -1.2426394854       -6.2443803493       10.8144881843
        6.7624089612       -0.8591961128       11.0841455702
        2.0840834487        2.1893727825        1.4887279927
        5.6398367572       10.0893220612       -3.1994429950
        4.1318778768      -10.5046605761       -5.5410782899
       -4.6028480401        8.4464070481        8.7962732044
        2.2813278531       -4.6102145449        3.3892646348
       -1.4560923401        7.2732751186       10.7012346975
       -0.5473443431       12.6254153928       -3.1397800813
        1.7663762414        1.3939437651       -8.5496194285
       -2.6236318053       10.4859315352       -0.8998780587
       -5.0853938349        1.8223717807       -3.0685298292
       -6.9986511765        9.0853614497       -3.7622337453
        1.7702397447        8.7453172461       -8.0699269670
        7.1790836971       -5.8320340578       -9.2282991951
       -6.0022367556      -10.7415033478       -4.5283077855
        4.7247055680        7.0657729679       -9.8776310961
        3.0163124701       -0.2505888467      -11.6851975069
        9.8148995952        5.1670125331       -6.7948481221
       -7.0685474604        7.7598544980        5.9220758628
       -1.1003077228        9.3379888352        7.4724144504
        0.0725095059       -5.7188286193       -7.6778863361
        1.3249291945        4.6299237528       11.0036096456
       10.1620023508        5.6145406003       -2.9877145181
        3.2959346352       -0.8403508697       -0.1112220010
       -7.5081931950       -0.5342136895       -4.7685353262
       -0.6301412306       -9.5114680574       -1.0491015882
      -12.8733951030        0.4241837743        2.4650741962
       -0.4461138541       -9.1598793376        2.7963371286
       -2.2228370639        3.8258472592       12.2617277056
       -6.8862785869        0.7646777054      -11.1358499280
      -11.8255015232       -3.1338018812       -3.0748314928
       -8.4076948227        3.2594137605        3.1919579503
       -4.0269325697       -3.5463689251       10.8173967989
       -3.3697314251        6.7899381987        5.7377477649
       -9.8573468541       -2.9160122492       -6.4194093505
        2.6079400430        5.0346811538       -7.6377743675
        1.7424417520       -7.8898486200        8.9658935945
       -6.7479068240       -0.7990849059       10.5536092789
       12.7503091257       -0.5342277336       -2.5187661390
        6.7001320805        7.0081293173        4.7445235307
        1.3614309310       -1.0563770711        2.9563121047
       -5.7829640182        6.0472962872        2.8377110478
        5.9469532561       -5.5608378775        3.3834831308
       -1.4735723137       -5.9074727401       -1.3290953774
       -0.3883825817       -2.5850361047       11.7639276511
        2.8914896687       -2.1286269172        6.1535475208
      -10.2814259215        3.7701589799       -6.2127889633
       -8.0457960801        5.1707194205       -0.1453759451
       -3.9461023289        5.6266828073       -6.6347676036
       -3.6978784872        4.8344981607        8.9891817233
       -3.3862084193       -7.6380628812        4.7130586069
       -7.6805030979       -2.6783635760       -9.6119185026
        6.1692698979        5.9336303686       -6.6325977397
        0.9706684936       -9.4461362200       -7.5212077810
        2.6573129379       11.6327718163       -1.2547780924
        1.7287848233       -0.5219134535        9.3314028705
        1.1588637187        5.4459766613       -2.5162357864
       -5.4789658503       -2.4275886452        7.4563720880
       -1.2123909443       10.2895994331       -6.1252891726
       -2.2079805045       -8.1261892732       -9.3233455647
        8.7389288762        8.7851355208       -1.2702345080
       -7.8248824257       -3.2428541889        4.4953959121
        9.2966981596       -7.0470645210       -3.0033795925
        8.2926742856        6.0229388041        7.9689083003
      -12.0008169962        4.0967445909        3.2799363954
        7.9739130863        3.5506531268       -0.7400367103
       -1.8669426487        7.7856281245       -9.0152721570
        4.4287792916       -3.2070519968        9.3684312474
       -4.1675157074       11.6706632943       -4.0798474392
        4.7132333590       -9.3264684859        6.9296139943
        2.8811181195       -8.7873695362       -2.4835633512
        0.2226984046        0.5245417928        6.1001540568
       -8.3312601772        2.0755777575        8.4917554570
        5.3508791992        2.3175686902       -7.5080377643
       -2.7349033199       -5.1422578499        7.5872110339
        6.9362172871       -7.8671499590       -5.9730388596
        6.0989991689      -11.5450330142        0.7708324285
       -9.4649719221       -0.7737993119       -1.4697246017
        4.8518665672        5.3670857910        9.5636602779
        0.5130915564        2.9863488363       -5.3513845276
        0.9775753476        3.9233194041        4.5615882810
       -1.2868581998       -5.5560470761        2.4639968785
        7.5603016404        2.5932091393        9.5678488640
        3.7533920259      -12.3612566347       -2.1833405310
       -9.9400956987       -5.2723224652        6.7364336014
       -5.8538266706       -1.5823425081       -1.5416638218
       -0.8781560267        3.2924222208       -0.3053852896
        0.2158588786       -6.7596982831        5.7263825693
        2.4265795673       10.0753334944        6.0323987517
       -5.7075289959       -8.7884728346       -7.8049673207
        0.1308373465        7.6100087565        4.3740279480
        8.5224780223        8.3850337340       -5.0973914737
        3.2371283523       -6.8999310004       -5.7907628351
       11.6911283151        3.0534961245        3.0289649734
       -9.7234565301        6.3524133349       -3.3773643567
        5.5347025334        1.1161659345       -2.3112965780
      -10.6526259781        2.4236393531        0.2334036110
        1.0877750179      -10.3955617247        6.0775143670
        3.6172698458        8.2502186414        2.8845970636
       -8.0796811423       -3.6582904196        0.6683499444
       -7.1251066984       -7.1741859891       -4.6804963018
       -2.7804844216      -11.7423504934        1.2130139029
       -0.9778295680        4.0884255821       -8.5706828732
       -4.1633253384       -3.9949282957        4.3178704260
        4.3075798292       -4.3841452647        0.1765033499
       -3.8783973393       12.2542479932        2.1340983754
       -4.5540538854        3.1050764805       -9.4201428237
        1.9128019815        1.8449114863       -2.1256674093
        8.9733722468       -0.6299697198        7.9420375055
        3.4926666990        7.9847167793       -0.9500443900
        1.3348492423        5.8038631937        1.2698238198
        3.6822185691        1.2466324366        4.6878008313
      -12.2914505845        3.5214894768       -2.9328291303
      -11.1721889219        0.3029441176       -4.7209183709
        2.4253016960       11.1406117455       -5.0932134735
        5.9121100308       10.6444549539        4.5026850378
        2.3762060267       -5.2630405142       11.7057182508
       -0.6435168942       -3.0959728909        5.2988962086
       -0.6435960875       -1.2259878323      -12.4989101854
        6.8706880097       -9.1853073440        3.7115728847
        6.9057910419       -0.5218804141       -5.4367002351
        0.4992451094        9.4130828669        0.9969406749
        0.2627252898        2.4805832496      -11.8151658207
        0.6124145905      -11.3617064082       -4.1664516413
       -4.3961331097       -4.4134664333        0.5806495634
        8.8797379152        9.1085913705        2.5677551454
        2.4955797597      -10.5899005051        0.8493562935
        1.1171228166        6.1395085787      -10.8641161620
      -11.7550911963       -2.8538990390        0.7730334381
       -0.3692625148       12.9873289062        0.7002703575
       -0.3420780222        6.6528019958       -5.7763857523
        0.8574450871       -2.2759790663       -9.2582168372
        4.4783780281       -1.3202363497       -8.3118549468
       -2.2344347390       -2.3071507475       -1.5440800868
        6.5748717501       -9.7829129774       -2.6184814798
       -0.9886233316        2.1674717391        9.2046995426
       -5.4678247978        6.6981490888       -9.8216466975
       -8.9718220021        8.7642129461       -0.4388098829
        0.4244140107      -12.7336065979        3.0937564255
        8.0577098854        3.8566041953        3.0921871788
       -9.1031311902        0.5395915838       -7.9965779658
       -4.8507612631       -7.1723300558        9.8276767478
       -9.6990712762        4.9314888212        6.2564585630
       -6.2937874062       -6.0410159212        6.5802270222
       -9.2812894850       -0.4146654647        2.3745919879
        3.8992915833        3.4390057614      -10.8679107142
        3.8192233796       -5.7307533791        6.5821741069
        5.3435971084       -6.7989448310        9.7695596958
        9.7437835734        2.8347888598        6.3737205119
        4.4697595127       -8.5551842306       -8.8499726095
