         4.2867607826        4.8592404538       -6.9997942273
       -2.9495199841       -2.3072405792      -11.4657638237
       -5.1815265612        2.1384499874       -9.3251820201
        0.4342847314       -3.5396728820       11.5225384420
        6.6367130105        0.4365335550      -11.2448116121
        0.4923035453       -3.5161794457        5.0344300491
        4.1679549317       -5.3023391668      -11.1890856981
        1.6456246155       -0.6791600075        2.9616273470
        5.4017062611        7.9512753521        8.8476587543
       -3.6122390082       -8.5765688486       -5.6368748201
       -3.6382972285        1.6858643015       12.4339436612
        4.8529556134       -9.8542432398       -4.9829152862
        0.3807154394        8.6716512292       -3.9551442184
        0.8450516130       -5.7699681478        1.9861300434
        1.9822488125       -2.8299270837        0.0526665642
        3.6382973782       -1.6858638299      -12.4339434609
        8.4825630534        3.9192193317       -1.9161127425
       -1.1758244531       -2.6762930531        1.8426767573
       -1.5942068060      -11.8199804625       -1.7981331419
       -4.8529563260        9.8542429658        4.9829153569
       12.1326849657        4.4602630074       -1.8937475814
        9.7457306326       -6.2721297383        3.3418422651
        6.0612684873        6.3033792660        3.8097348800
       -3.8016480026        3.6771719076       -3.1586776246
      -12.6319515932       -0.8943512313       -3.2118899407
        8.9820153585        0.3519812446        3.1914227961
        1.5462876138       11.6804573569        5.6443040353
       -1.6918962958        0.7561426653        2.9165566932
       -6.1596892497       -6.3385436983        0.0345243328
       -0.4342845218        3.5396734819      -11.5225381825
       -5.5895471855        4.4456634885       -6.3228725719
       -4.1770543258       -5.0417594448       -6.9367527400
       -5.9931748273        6.7920694414        2.9891969799
        7.9498472559        5.6724411045        7.0788484987
        4.4123867610       -7.4224132780        8.4217215024
        5.9561265587        4.3606202686       10.1339883959
       -7.4937167127        5.4150463575        9.2305888162
       -2.9266292206       -2.1426533515       -4.9794819008
       -1.3112178755       -2.7888646157        8.2839041315
       -0.6148658707        3.8401074251       11.4176299087
       -8.8721594146        1.6231077675       -9.4515940876
        7.0801858792        1.0513854729        0.0419651223
       -9.9439980527        8.4713286135       -0.1892221814
        0.3202021289        8.7723277235        3.7322067794
       -1.6835023910        0.6332527812       -9.3675222763
        3.4088405831       -1.4068501328        6.1348836276
       12.6319516703        0.8943509378        3.2118902462
        2.5789503260        5.6725600904      -10.3275284699
       -5.3061443202        0.1798212085       -3.1247181182
       -0.6288804067       -6.5676535815       -6.8888379497
        7.2138031031       -1.0604249271       -6.1499756376
       11.3291476839       -2.7911338154       -3.0572461872
       -7.9498477218       -5.6724404974       -7.0788484386
        7.1158906773       -0.8975261306        6.2884198279
       -3.6776022011       -8.6089972399       -1.8292168870
        2.9495199253        2.3072413851       11.4657640096
       -5.5419386610       -7.7179702325        8.9667239008
        9.9439982295       -8.4713289720        0.1892224675
      -10.8974764236        0.5301388245        6.1767406015
        1.6247482907       11.7691686841       -2.0817286864
       -2.4172449145       -5.9415901720      -10.2147541435
        7.7369204495       -7.4835931894        6.4283800141
       -4.1061433682        5.8620717666       -0.1090959824
       -4.9631065104      -11.4162571842        3.9647077846
        5.3546326756       -0.2604919525       -3.0350305715
        1.1615792784       -7.4215934416      -10.0378706327
       -3.7077129359       -8.5589020040        1.9959193236
        1.0019096482       -7.1559497626       10.2458160795
        1.7807931833      -11.8442128713       -3.7056080397
        8.0604841144       -9.7324797439        3.3150785222
       -7.0801857745       -1.0513855802       -0.0419652620
       11.5166912361       -4.9527596298        0.1555219397
        9.7968852067        6.7899869037       -3.8865486351
        8.0614530319        5.4867622226       -7.0989553521
        1.9950833993        9.2432977905       -9.0146206976
       -0.7385859873       -6.3851352253        7.0477092110
       -7.4717231183       -9.2546738488        2.0027709117
       -9.3862246085        3.9751658946       -6.4485363889
        3.7022829300        8.4267612024       -5.8019789542
       -9.7958302567        6.3554810051        3.0226357286
        9.7958304463       -6.3554818225       -3.0226360433
        9.8662800542        6.9385208682       -0.0132039286
      -11.5166917314        4.9527592930       -0.1555215680
        0.0484884452       -0.0806704392       -6.1597484967
        7.3762783423        9.0609330223       -5.8457056496
       -1.6456245286        0.6791595496       -2.9616271582
       -4.7018221093       -1.4586724975       -8.1701169739
       -3.7022828778       -8.4267615570        5.8019790742
       -7.5596647931        3.2204147950       -3.2558462085
        3.7077130174        8.5589018642       -1.9959193392
        9.3862249002       -3.9751655170        6.4485371056
        4.7838737665        3.3862149183        1.8972220979
        5.9439821411       -6.7102282894        3.2599980337
       -6.0612684131       -6.3033793305       -3.8097349715
       10.4560094534        3.1706092016       -5.1093886748
        3.8016484630       -3.6771721799        3.1586778694
       -0.3202021508       -8.7723278219       -3.7322074860
       -8.4825628816       -3.9192194659        1.9161127758
       -1.1812424222       -3.0051066937       -8.2276441820
        0.5707586637       -3.6467065741       -4.9322532567
        2.9266292906        2.1426533395        4.9794817385
       -3.4088405203        1.4068508936       -6.1348832689
        7.3463828240       -5.1699255587        9.4860345855
       -2.4356701665       -5.5438268537        3.8170263203
       -1.1615797075        7.4215936261       10.0378701444
       -9.3398863278        1.9345352293       -0.0988580666
       -5.3272212550        2.3808438025        9.1832716542
       -0.5707586504        3.6467069673        4.9322527480
        2.2321465983       -4.2823324208        8.2258635687
      -10.7620667969       -1.5981340591       -0.0637877187
       -8.1096580433        9.8142910680        2.9317952769
        1.6918965718       -0.7561432307       -2.9165563942
       -1.1472268907       -2.7238712987       -1.7902400429
       -2.6308637810        6.6364488394       -5.2111643353
        5.6874597986       -4.6085612227       -6.1155227858
       -2.3604621558        4.4958126248        8.0747472641
       -1.6373452908      -11.5289646356        5.9232048655
       -3.1301008207       -2.0068063550       11.4744041786
        1.7479921873      -11.9332453019        0.1700436461
       -6.6637495029       -2.7383942058       -5.1201335927
        8.4521606730        3.9698008055        1.9461025432
       12.6811257860        0.8125383485       -3.0349830777
        2.4172442711        5.9415907217       10.2147534807
       -1.9950833193       -9.2432975799        9.0146205306
       -3.4417887887        1.3589318449      -12.5295527915
       -6.4589874025       -0.7322158832      -11.3325922180
       -7.3463831680        5.1699262840       -9.4860340472
       12.1022938068        4.5108260416        1.9670324218
        0.0986814288       -0.1641766210      -12.5360067139
       10.7987953263       -0.3659616701        6.3592668842
        1.8548509268        9.4766026190        8.7997616787
       -1.7479920710       11.9332446390       -0.1700436227
        2.9444524796       -8.8334140210        2.0704239064
       -3.0050845603       -2.0121257820        4.9872010681
        4.5428674865       -7.6394958894       -8.1539685768
        7.8281966604       -5.4486083322        0.1329802906
        3.5046909343       -1.5663175558       -6.0415225594
       -2.3764316198       -5.6423827542       -3.7084067911
       -4.8301375081       -1.2451933695        8.1304933834
       -4.9024410871      -11.5171868985       -3.7420213757
       -4.5428683248        7.6394962060        8.1539689186
        7.5596652471       -3.2204149489        3.2558463792
       -9.7968844394       -6.7899872010        3.8865490407
        8.6126038256        1.8210091887       -8.2458318084
        4.9542169030       11.5165688524       -0.1118274990
        8.1096578219       -9.8142913453       -2.9317952482
        8.8721590398       -1.6231068894        9.4515943250
        0.6148657728       -3.8401071859      -11.4176303737
       -1.6247479826      -11.7691682620        2.0817284392
       -2.2321463564        4.2823332267       -8.2258632427
       -5.0924595061       11.9054386997        1.7348344613
       -6.1217812698       -6.2027027259        3.8776167638
        6.1157969844        4.0949763110      -10.1496981849
       -1.5107576888        9.7409791751        6.9510918610
       10.7620670314        1.5981333402        0.0637878473
        5.5419389041        7.7179703468       -8.9667231724
       -9.8662799140       -6.9385214092        0.0132042813
       -0.8750189596        5.8198245802        1.8208041013
       -9.0194926998        1.8682281337        9.2650289234
        5.1815264019       -2.1384491563        9.3251825226
       -5.9561270427       -4.3606191102      -10.1339883405
       -1.9822485102        2.8299264825       -0.0526662863
        9.0312077167        0.2701390012       -3.0577720985
        7.2852204762        9.2124263515        5.7218033032
        4.1061431224       -5.8620725407        0.1090957997
       -0.4923030308        3.5161794713       -5.0344300136
       -0.3807152482       -8.6716516144        3.9551445377
       -8.4521604980       -3.9698010243       -1.9461024888
       -3.5046909608        1.5663176426        6.0415223642
       -9.7358968839       -6.8914541988       -3.8611297768
        9.7358968794        6.8914543241        3.8611300505
       -2.7111933274        6.7700934783        4.9935337143
        4.9631067647       11.4162567719       -3.9647078911
       -1.8548519688       -9.4766017841       -8.7997621881
       -7.2138032879        1.0604248630        6.1499755305
       -8.0604838934        9.7324799233       -3.3150777476
        4.8138409224        3.3363576612       -1.9097122974
        4.8301376445        1.2451935198       -8.1304940899
        2.7111927492       -6.7700933120       -4.9935337597
       -4.7718930170        9.7193779086       -5.3150268569
       -8.0614520248       -5.4867621227        7.0989555393
        5.0924594658      -11.9054389896       -1.7348342036
       11.2790482307       -2.7077814506        3.3072321748
       -7.4411816727       -9.3054855973       -1.8770909075
        3.0050849713        2.0121250898       -4.9872010968
       -0.8450515391        5.7699677338       -1.9861298054
        6.1217817167        6.2027025025       -3.8776166157
        0.7385865794        6.3851351734       -7.0477094059
        2.3604619312       -4.4958120975       -8.0747477296
       -1.3991521469        9.5553005684       -7.2267118358
        3.9902296341       -5.0066560512       11.3883181603
       -4.8138408364       -3.3363581874        1.9097118617
        7.4411815915        9.3054856091        1.8770909944
       -1.0019096680        7.1559501816      -10.2458161400
        2.4356704781        5.5438264116       -3.8170263911
        7.4717231343        9.2546731803       -2.0027704244
       -7.8356020321        7.6477699605        6.1076271482
       -1.5462884739      -11.6804568165       -5.6443045475
        6.7440789734        2.6047491196       -5.0845647799
      -12.6811256532       -0.8125395717        3.0349831622
       -5.6588929479        2.4336096934       -0.0764178982
       -9.0312076653       -0.2701391341        3.0577721895
       -1.8306078327        0.8779932423        9.3200677579
       -7.3762778931       -9.0609332835        5.8457062661
       -1.7807936140       11.8442122654        3.7056077892
       -8.4821233930       -2.0380912203       -8.3298588468
       -3.9902298140        5.0066565131      -11.3883176337
      -11.3291479907        2.7911330699        3.0572464587
        3.6122381587        8.5765695150        5.6368740253
        2.4343257919        5.6588318791       -0.0549482973
        4.9024406099       11.5171876189        3.7420209895
        1.1472269431        2.7238707022        1.7902402064
        3.1301012854        2.0068070498      -11.4744047551
        2.3764321015        5.6423826919        3.7084060283
        1.5107569886       -9.7409792810       -6.9510922841
       -0.0484885031        0.0806708372        6.1597484626
        1.1758246122        2.6762925352       -1.8426768418
       -5.3546325191        0.2604912866        3.0350307586
        4.7018220512        1.4586732546        8.1701173114
       -4.1679550572        5.3023393774       11.1890857144
        1.8306076646       -0.8779927443       -9.3200677710
        6.1596891452        6.3385431482       -0.0345240735
        3.4417889310       -1.3589311186       12.5295531022
      -10.3749460053       -3.3054761031       -5.1885532973
       -3.8501362158        3.7578422760        3.0010710003
        1.6373453621       11.5289641849       -5.9232048643
        0.3656564642        8.8302704384       -0.1127672963
        9.0194925723       -1.8682281254       -9.2650290883
      -12.1022937541       -4.5108265200       -1.9670321420
      -10.7987954250        0.3659621568       -6.3592665017
      -10.4560088216       -3.1706097008        5.1093887038
       -4.7838735842       -3.3862153261       -1.8972224996
        0.6288804074        6.5676540436        6.8888372341
       -5.6874600278        4.6085613287        6.1155226310
        2.9748548317       -8.8839948673       -1.7917914422
       10.8974760437       -0.5301395214       -6.1767404251
       -7.7369210738        7.4835940482       -6.4283797125
       -6.2414440991        8.9105026215       -0.1658279623
        5.9931745353       -6.7920698944       -2.9891973357
       -7.2852213131       -9.2124259313       -5.7218036247
        8.4821228623        2.0380920093        8.3298588433
       -7.8281969170        5.4486078011       -0.1329810510
       10.3749455842        3.3054761956        5.1885533614
        5.6588931965       -2.4336102514        0.0764179562
       -8.6126037013       -1.8210091997        8.2458318474
       -7.6093109720        3.3030114778        3.0510034943
        0.8750190503       -5.8198248523       -1.8208043402
       -5.9439826215        6.7102280369       -3.2599980814
       -4.9542166615      -11.5165685495        0.1118272014
       -7.1158906734        0.8975266486       -6.2884198614
        5.5895474052       -4.4456624808        6.3228727789
        5.3272213768       -2.3808433313       -9.1832718567
       -5.0620682950       11.8548767566       -2.1259454332
        7.4937162908       -5.4150464077       -9.2305888615
        4.1770541672        5.0417597805        6.9367522210
        5.0620686451      -11.8548766635        2.1259458748
        1.1812423459        3.0051071309        8.2276437704
       12.9896896931       -1.3913166059        0.1204747398
        6.4589874067        0.7322170238       11.3325926290
       -9.7457313331        6.2721299814       -3.3418421493
       -0.3656561680       -8.8302704578        0.1127668569
        3.6776024862        8.6089974732        1.8292163654
        7.8356014643       -7.6477704018       -6.1076273872
       -6.6367124971       -0.4365329597       11.2448110993
       -9.4857419176        4.1407333816        6.1936889613
       -2.9748549675        8.8839942184        1.7917913117
       -2.5789498576       -5.6725597679       10.3275286862
       -6.1157963265       -4.0949757558       10.1496981787
        1.5942067260       11.8199806604        1.7981327402
        7.6093112205       -3.3030119739       -3.0510038912
        6.2414443979       -8.9105028956        0.1658282237
        1.3112184209        2.7888648316       -8.2839042547
       -8.9820152359       -0.3519814712       -3.1914228000
       -4.4123871498        7.4224141064       -8.4217214440
        2.6308638287       -6.6364489162        5.2111645493
      -11.2790477124        2.7077811872       -3.3072314291
       -5.4017075714       -7.9512745746       -8.8476595000
        4.7718928857       -9.7193778291        5.3150272099
        1.7198055440      -11.7427465321        4.0420707490
       -4.2867598334       -4.8592409227        6.9997946006
       -6.7440784552       -2.6047493377        5.0845647491
        6.6637492225        2.7383943319        5.1201332763
      -12.9896895489        1.3913158145       -0.1204743148
       -2.9444527492        8.8334134497       -2.0704240002
       -1.7198053422       11.7427460426       -4.0420705519
      -12.1326847423       -4.4602640822        1.8937478382
       -3.4179734751       -0.5075587665       -0.0202589793
        3.4179736166        0.5075580975        0.0202587450
       -0.0986813022        0.1641772001       12.5360070418
       -2.4343258465       -5.6588321983        0.0549480534
        3.8501364159       -3.7578425020       -3.0010709233
        9.4857418604       -4.1407339786       -6.1936893173
        1.3991522487       -9.5553010903        7.2267122258
        5.3061445424       -0.1798216605        3.1247178759
        9.3398863381       -1.9345355004        0.0988584174
        1.6835022660       -0.6332518708        9.3675226053
