         3.0091300501        8.4523007680        9.5347256614
        -6.9602765257        0.8056706795        6.5650355391
        -6.0567266943       12.6095748676       -4.2343373650
         6.2760583955       -1.7269803826       -2.9938726574
        -9.7020526890        5.3702179676        7.0189250391
        -7.6402466334       -5.7761090820       -0.8479637131
         1.3194805238        2.7854411228      -10.4408162666
         4.5872780409        8.2814355111        1.1193882116
        -3.7592845170        5.4764948829       10.1034027622
         9.5057655751       -2.6058421505       -4.5195573974
        -2.4347910305       -8.2494401830       -4.2246842226
         5.3035770892        5.8090277834        3.9928885469
         5.7496192355        0.4530217509        4.2510345163
         6.9185460577       -3.6139897231       -9.1783652174
        -7.9095725220       -4.6608163245        2.8585438885
        -4.7002384464       -8.2922838594       -1.1322664224
        -3.0300189448       11.8766647062        2.7793532293
        -6.3957341817        1.7217078718        2.9900111900
        -0.9538842741        0.8613286284        9.4793778089
        -0.7271800667       12.0514943449       -0.3424918727
        -2.5334476300        0.7008575280       -5.6527528269
         9.3074602767        2.0099236507       -7.3602733080
        -1.4841358871       11.4119028514        6.2843249320
        -4.2173441534       -1.0011747238        8.5494838731
       -10.1962862521        1.6867087395        8.0912202243
        -3.3007949390       -4.6632828362        7.6933683607
        -1.5267819888        5.8708183735        1.3725941697
         5.5205924557        7.4653631517       -8.4147179807
         7.4522833599       -9.3068177328        5.3754205566
        10.3446332370       -2.4983078644        7.5764996545
         0.0332699580        8.1116857777        7.2601540841
         6.3584061546       -7.2675993296       -7.9857001242
        -3.7582647353        2.7028336450        7.5768023266
        -0.9295792805        3.6027925089       11.9920853906
       -11.2449177517        5.8086096478        3.4991334263
         3.6624953497        5.6144776154      -11.2479179463
        -9.9748133030       -8.5744104666       -0.1786264506
        -7.7871724958       -8.6552410520       -3.3601921132
         0.3743205049       -1.7877916632       -5.9338727414
       -11.1819587808       -3.8140305122        4.3983011215
        -0.1176376392       -5.3823322340       -4.8170988404
         8.9193748541       -5.9162652992        6.4908653115
        11.9551304258        0.1530696438       -5.2494620969
       -12.0474150288       -0.1500677272        5.2340622372
        -8.8124314851       -1.0326118573        3.7061944441
         8.3218647719        6.0913128582        6.2036077451
         2.4964742802        2.0499019617        8.2282513673
        -1.5316000240        3.0971509061       -1.0432272232
        -2.1646155423       -1.1270828853      -11.8425953817
         0.7833633623        8.7864376350        0.7229645993
         9.8371060997        8.5567998460        0.1645965028
       -11.6943699466       -2.4098574947       -2.1587142365
        -6.0595880197       -5.9682326612       -9.2755651758
       -10.2445419486       -7.4574496250        3.5334253701
        -3.0402256274        9.0823557590        0.3314802442
        -7.4694725514       -0.1298521715       10.1274204270
         4.4188865811       -9.4170990727        3.1547055811
         7.7887068202        4.6588414854       -2.8617834940
         4.6493504496       11.0732119978        3.5754217349
        -6.0411986855        6.0984177579       -4.3049740027
        -5.6331638594       -7.4691762829        8.4124379534
        -3.2088868570        0.8545236062        1.4852106911
        -9.5726266476        8.1368871446        0.9192505568
        -1.8160753063       -7.9773979509        8.8956196364
        -2.1013949402        1.6403891258       -9.2043609763
        -3.0249595731       -2.9528828487       -4.5882699285
        -4.8162225472        6.8667889341        2.9383967995
       -10.4407119793        2.4783635114       -7.5684413895
        -4.1061041681        3.9261619614       -6.8343331496
         8.7005549285        1.0338702833       -3.7128895587
         4.0097537311      -10.4856751772        6.7372819075
         1.3064812082        0.0681829234      -13.0409623181
        -4.6820940755       -1.9454399315       12.0807381159
         5.9264752130       -6.1067209137        4.2985284648
         3.6427206912       -5.4846802701      -10.1090276222
        -0.0585226903       -0.0034440595       -0.0032162530
        -3.1541642319       -8.7324914279        2.3984224904
        10.7637637359       -3.6664504498        3.9186001058
        -0.6467651295        5.0628482641       -8.0991837875
        -1.3380114574       -6.9764805004        5.3101929495
        -2.6617367665       -4.8261479614      -10.7647557823
        -9.2405307066      -11.0309520755        2.6477778292
         0.8220708157       11.6113171983        3.1919547212
         5.3634644353       11.5034861545       -3.0716851742
         2.4887622383       -7.2838210218        5.6586371513
       -12.1578671507        0.1787033300       -4.9751554491
        -4.1260596501       10.4796306119       -6.7433138089
         8.1655698103        3.2492646262        3.6496387204
        -0.4328658605        7.2708780533       10.8961107072
        -2.3834649730       -5.4805936006       -1.7732326172
         1.9787711021       -1.6485446323        9.1955790714
        -3.2307274822        3.5883195791        3.9432910037
         6.1957417165       -7.2217600983        0.5928659397
         0.7386751950        5.9086271653       -1.7242375652
        -5.6590040333        7.1501984178       -7.9616121990
         0.1692685208      -10.2259555757        6.4260266735
        -5.6062200641       -2.3060968186      -10.4798770913
        -1.5126028004        8.6483148779        3.8165726601
        -5.4821144046      -11.5350141949        3.0725485975
        11.6915738386        0.9207016591        8.6048482064
        -6.1282589074       -2.8762734856        5.7732730370
        -6.4655788421        4.4918061618        5.4921225609
         8.7107974341        0.6861473466        6.4208724472
         6.9062885329       11.0651107134        0.4481457181
         6.3479241289       -4.5047286518       -5.5033648857
         3.6454403667       -2.7080054237       -7.5839348096
        -7.5679195209        9.2982258105       -5.3815435072
         2.3256181411        8.2470981646        4.2145678901
         2.9117075120        2.9470866787        4.5833499687
         5.9468229416        5.9640364500        9.2732628408
         3.0434584882        8.7201124585       -2.4027435368
         1.7875217608        3.7334593753      -13.9892368414
        -2.8143640915       -3.6962223803        4.1568535880
         6.8467922440       -0.8105503582       -6.5789014728
        -0.8992837320       -8.7932697162       -0.7276299454
        -4.5623979277       12.2865228558       -0.7383797935
        -7.8386081284        3.8623169028       -1.7317540928
         6.0859130934       -0.6450698586        0.6363252060
         7.7219621737      -10.4235641314        1.6640843408
        11.5806944677        2.4039077431        2.1511452341
         4.1090987602        0.9925915238       -8.5591368198
        11.1498554743        3.4877430481        5.8328228832
        10.5271076302        6.0430345465        3.0067596269
        10.1055992410        7.4449581967       -3.5304411901
         1.5552411458       11.9523383649       -3.4834632067
         5.9404582638      -12.6173926881        4.2282408947
         2.9245597690       -9.0884730608       -0.3388479110
         4.7031754357       -6.8723870138       -2.9440277306
         7.3407227217        9.2660995120       -5.5305953593
        -0.4627015780        4.5132589314        8.4215159719
         2.5473773863        4.8184594945       10.7600748931
        -0.9371879491      -11.6169061000       -3.1997359674
        -9.6421770559        2.6047438254        4.5229099555
         5.3788208931        8.6099134490        6.4883061085
         6.0138107422        2.8679216403       -5.7814327760
         4.6480902576       -4.0299332060       -0.4579483423
        -8.0093538744        4.9304433086        1.9703058201
         2.8305068338        0.2235230690        2.1122907502
        -1.0957615739        4.0859460206       -4.5591583231
         6.9992824138       -3.7306774550        9.0630158826
         0.8387116624       -0.8759381104       -9.4886674044
         5.0219957072        6.4812501294       -4.8632546293
        -6.6445096924       -3.8447985987        9.3621482572
        -4.5956456232       -5.4541163515        1.3072136804
         0.8135260723       -3.6154641763      -11.9967049787
        -8.1006388323        7.8033116031        4.4946654985
        -2.3139455784       -2.7140671508        0.6485260589
        -5.9904061892       -3.2105971303       -6.7824286170
         2.1527366807      -12.3329374301        3.8674184394
         4.7087128937       -9.6812939826       -5.4332604970
        -3.7221358184       -0.0658510952        5.0063446745
        -5.5573193585       -1.8892490831        2.1729027080
        -8.4367789579       -6.0959303826       -6.2096215152
        -2.6045351876        7.2781453306       -5.6645403418
       -11.9641282018       -1.2927765450        1.5537376933
        -4.8257493677        9.6749800491        5.4264547595
         7.5200365467        5.7714166295        0.8356916357
        -3.0828330663       -5.6992250131       -7.0637806767
        -6.1982541121        0.6379134657       -0.6423341083
         0.3149897297       -7.2719780451      -10.8768704895
         6.5310386122        3.8385354572       -9.3686481553
        -1.4384696519       -2.7987734645       10.4581161897
        12.7568141607       -3.4904926967       -6.0550932964
        11.0334089416       -4.7830584162        0.2077223908
         9.4581461616       -8.1473305440       -0.9237414621
        -0.0870008284       -2.6780214115       -2.3967595578
         5.3771394396       -0.4846777743        7.8566658436
         7.6719028543        8.6490041646        3.3519572649
         0.0606945994       -6.0045695557       11.6233175114
        -3.6732920367       -9.8246275002        6.0260069547
         3.0799749986       -9.0928843248       -8.8766874110
        -8.9576732165       -3.4424311143       -8.9547099576
        -7.0340502672        3.6065963267        9.1700725370
         1.3619672169      -11.3931866352       -6.2849396618
        -3.1124749118       -8.4452880734       -9.5205356678
       -11.1469475617        4.7752645421       -0.2128280060
        -7.0306447319      -11.0940851195       -0.4632626500
         3.1912392984        4.6625261846       -7.6982145243
         7.8968190825       -4.9440879470       -1.9734136595
        -0.1810204416        6.0156546394      -11.6492924094
        -6.3750009011       10.1151668698        1.8920138848
        -3.7660029026       -5.6050451345       11.2252677032
        -3.6735142804        4.9035331245      -10.4307301968
        -0.2846769430       10.2190717647       -6.4322714379
       -11.0458579564       -4.9678049982        0.6921897533
         2.9075338953       -6.2376490217        2.0881855080
         0.0029908279        5.3710984321        4.8069506415
        -0.0270921511        2.6693019445        2.3888020956
         4.4846497934        5.4520665941       -1.3146629408
         3.1166857256       11.6493995718        0.0566880223
        -0.5108850727       -0.9227022127        3.4367768737
        -2.9468977520       -0.2303837167       -2.1203143634
         0.5282618115       -5.0629459766        8.0917922628
         9.3079753101       -7.0933444774        2.8107438662
        -6.3105448072        7.2137900872       -0.5982023559
         0.8547884615        1.8437723364       -6.9155840672
        -3.2307862728      -11.6570639109       -0.0638187658
         0.0640439510       10.8704412049        9.7294477433
         3.5564502065       -4.9097357234       10.4242916792
         9.5990885931       -5.3933811621       -7.0425075161
         1.5102249281       -2.5924973936       12.7263714246
        -2.1582854397        8.2667844508       -9.2175392917
        -5.8688653794       -0.4600769097       -4.2608227517
        12.0702413234       -0.1877206303        4.9731381785
         3.1168905812       -3.5945794586       -3.9496044102
        -7.4670406543       -9.2869478320        5.5424863221
        -0.1493500674       -8.1370635727       -7.2828873144
         9.0846561264       -0.4211844701        2.7913778485
        10.0985584498       -1.6938004870       -8.1198394227
         3.6090912231        0.0591953002       -5.0141203199
         5.4431458058        1.8821631533       -2.1792165147
         4.9480631132       -1.4273226206       11.4235786131
        -5.1360078415       -6.4877419472        4.8648558487
        -0.7485256735        9.1205790919       -2.7987826239
        -5.0685157048        1.4186009687      -11.4276696332
         3.0922799807       -0.8604884328       -1.4902574140
         8.5361964116        2.1510516719       -0.0269852218
         0.6117812156      -12.0584178469        0.3361165925
         1.2223167553        6.9687131627       -5.3179672024
        -8.6496799212       -2.1596805204        0.0213361690
         5.8759814586        3.2096120925        6.7815006276
         8.8568080534        3.4483310205        8.9692597011
        -0.9701250614       -1.8521514960        6.9149224141
         2.3595628705       11.0099698400        6.6831860690
        11.0655634479        3.8132668895       -4.4035368402
         6.2596360189      -10.1221177049       -1.8982523119
         2.7001928898        3.6889627472       -4.1635573559
        -5.2909898412       -2.9921327048       -1.4923642500
        -4.7611364931        4.0231848042        0.4520590583
        -7.8376380628       10.4151394857       -1.6696490719
        -0.8533685811       -5.9161363971        1.7181620999
         2.0409802807       -8.2704402506        9.2113070691
         0.9816256022       -4.0922061885        4.5520659328
         8.3876439731        5.6850902590       -6.4981625066
        -1.4207137171       -0.0843718714       13.0100588042
       -12.4765069052        1.2928863403       -1.2956141786
         0.3964878270        0.9152407832       -3.4405532618
         2.0481019820        1.1186885959       11.8362741374
        11.8503073344        1.2874305531       -1.5592983919
        -5.4923110884       -8.6160984969       -6.4945527683
         2.9740081613        5.6930431500        7.0621042066
         4.3817504113       -2.9270130858        3.2074388652
         7.9848884987       -7.8121018941       -4.5009804337
        -4.7612923380      -11.0796347358       -3.5863782475
         3.9931749491       -3.9322529582        6.8270612609
        -4.5346147974        9.4096250965       -3.1608668849
        -6.4785876911        7.2577584767        7.9778930912
        -2.6093641759       -2.0548032993       -8.2344876601
       -10.6431073334       -6.0454403512       -3.0174564106
        -2.2676583962       12.3247015645       -3.8732922954
        12.3668836819       -1.3001267247        1.2898288573
        -6.9105846770       -8.2332184063        1.9752374886
         1.4125563372       -5.8767046478       -1.3784419170
         4.5819072826        1.9393748369      -12.1100023441
         9.3504936008       -1.5220263899       -0.8671035834
         4.1421002813       -1.7853417909      -11.1866632573
         2.4196197487       -0.7071580627        5.6463036738
         7.7262280280       -3.8688006596        1.7255399438
        -9.4222482107       -2.0150626767        7.3525329701
        -5.4956683601        0.4753714026       -7.8558947647
       -11.2431746085       -3.4804604676       -5.8340023560
        11.1500395941       -5.8335182029       -3.5075687143
        -7.4741223007        2.7140287140       -5.3956155551
         0.3468240274       -4.5249482052       -8.4211013390
        -9.4226589598        7.0857052827       -2.8167779119
         1.4174191849       -3.1037552363        1.0369170856
         3.1134247913       -6.3471839892       -6.4196388268
         0.6347410249       -9.1283536799        2.7928524067
         4.4461723721      -12.2928986061        0.7312505755
       -12.6933752102        2.3962630210        2.3945737144
         8.3573926104       -0.2514784475       10.0458306867
        -3.0221878845        6.2308274825       -2.0944650851
         5.1767958835        2.9851291017        1.4863239114
        -1.6683277476      -11.9615750237        3.4780232673
        -1.6376881348        2.5879118424      -12.7562237226
        -3.2103512722        9.1003648554        8.8869336816
         2.9128724339      -11.8809763322       -2.7877619725
         7.3617134912       -2.7282011724        5.3907499390
        10.9295291950        4.9628188714       -0.6991420429
        -3.2363563746        6.3403055578        6.4151026655
        12.6059672867       -2.4061791139       -2.3995747208
        -9.1924256053        0.4126194557       -2.8006813757
        -9.0337662996        5.9054470128       -6.4966061438
         2.2692154601        5.4736588401        1.7676088237
        -4.4947585809        2.9201032917       -3.2138655179
        -2.4647008157      -10.9937867091       -6.6834064691
         5.4904334227        2.2998723803       10.4754630079
        -8.4634178396        0.2409872780      -10.0273050866
         1.7008130885        7.9724111892       -8.9013993275
        -5.4183381983       -5.8160846476       -3.9967473586
        -8.5031426929       -5.6903753530        6.4930948945
        -9.4587997384        1.5156856147        0.8651940001
         1.3942578416       -8.6490671118       -3.8261371515
        -8.8454950539       -0.6943467894       -6.4411244672
         2.2012237364        2.7092108269       -0.6552558340
         6.8108633609        8.2463189246       -1.9864267121
        -0.4875723854        1.7813367769        5.9275859774
        -8.2772070319       -3.2490005702       -3.6596416122
       -10.8771973458        3.6582188823       -3.9251624313
         3.5590401310        9.8175912297       -6.0310493546
        -7.1151074214        3.7221904188       -9.0683278302
        -4.2562852045        1.7769297927       11.1795830739
         5.5436449123       -7.1571772284        7.9552765109
         7.3573214893        0.1231119648      -10.1381689151
