        -0.9598115973       -2.5338063337       14.2978736192
        8.4659638508       -9.2460542474       -1.0918125788
        4.9536653979      -12.9123992559        4.6625477089
       -4.8137764769        8.4877414190        7.8413454578
      -11.9761492522       -2.5603821289       -4.6590243346
        6.3843452903       10.5532520515       -4.4341123278
        2.7891471822        3.0459573354       -4.6899561366
       -6.1707742666      -10.6789861299       -2.3530053998
        3.5166112778        2.2960149262        7.7690063110
        7.5554091625        7.2319743793       -3.2178945715
       10.0340966381        2.9924187253        7.8773426460
      -11.3898562665       -4.9700688191       -1.7027668745
       -4.1651297293      -11.0738010116       -5.6230893486
       -3.0392138858       -5.2829420734       -1.1832730601
       -3.4420741832        0.0801638985        8.8751299534
       -8.1922380017       -4.9017238533        0.1870506549
       -1.1858994705        3.1667617945       -1.1994478768
      -10.6335458148        4.6143099512       -3.3482108792
        9.5475276743        5.4833507422        4.9657934165
       -7.4023680308       -5.8572852003       -8.3032777757
       -2.2008309819        7.1167807212       -6.0323642774
       -2.8648331685        1.3126306228        1.6240159728
       -4.1625515839        3.8897024537       -6.8099301165
       -5.4225811428        7.8335023701       -0.6931681574
        7.4596192748       -4.6231841835        1.3461150082
       -1.2946458819        9.9934096441        8.3328317757
        8.8510471645        2.5103490429        2.6638944285
        6.0578503764       -0.5755662783        7.3634104595
        3.5023294397      -10.4039283418        7.1454533577
        2.4620107622       11.6191209761        2.1495510773
       -2.4099699154        6.3729624145       -2.3688087575
       -0.6084734062      -12.0044695951        1.1849089993
        0.5638939873        2.8033027829        2.1224166265
       -8.7907849501        6.4522122097       -6.2302686710
        9.2301213427       -0.5411314402        9.2778009533
       -7.4079586336        4.6116402539       -1.4314896932
        3.7182468975       -7.5676646194       -2.8128088517
        0.1683897533       -9.0034785574       -3.2813715545
        2.1799037352       -6.5613761803       -9.9547588699
        2.4186197509       -4.2045003449       -3.9402204568
        0.3511034453        9.7076981595       -7.2139466045
        5.3777955813       -5.5891792349       -5.6750226552
       -8.7500723971        3.9968876467        5.0170620249
       12.0817195576       -4.0255526813       -3.2637992944
       -2.8549086447        0.5925772334       -5.5111472711
       -8.8002719379       -2.5212480411       -2.7505873391
       -0.1648284872        0.9764209132       13.0295286987
       10.1638969050       -7.3278900809       -3.9777681095
        0.5283119425       -5.1845888826       11.9911096740
       -0.2755078484       -2.2311342649       -5.8308676375
        0.7105402793       -6.0905565716       -1.0679250649
        1.0121255784        2.5217622607      -14.3826964770
        1.2371686425       -3.1781673386        1.1144853815
      -10.0408812816       -9.6832214778        4.2011368280
       12.4566641648       -1.2588915171        3.9309589850
       -1.8962615417        9.3669021962       -0.1803603842
      -12.2458821403        2.6370307549       -0.4206656002
        6.4718490367       -1.4397565996      -10.7249796038
       -0.1198245304        8.9983220675        3.1922520507
       -6.8651588761        9.7174853943       -5.5067699621
        4.3852586515       -3.1989963801        3.0169594473
       -1.6123085922       -8.5541028655       -6.6308586332
        4.8618922707       -8.4984003697       -7.9258277996
        8.8586356096        0.3933851830       -8.2710275176
        0.0844060326        1.6136684642        9.3879206650
       -4.2282953116       -5.7830404763       -6.3668147306
        3.3202304073        4.3553895187      -11.9583287752
        3.9988083391       -4.5728424173       10.4095041858
       -0.9608494993        3.8539954521       -4.8060268808
       -6.0421483327        1.3012449823       -0.2293391868
       -2.3673935355        4.1937696930        3.8558189818
        8.4301332952        4.2010197471       -7.6279189713
      -11.4136146227        1.5993731441        6.1579703713
        1.2031273449      -12.2138014680        4.5897419026
        3.7000431847        2.8866328714        4.0428798714
       -3.1415507345       10.5121111572        4.9803705620
       -8.4264391397        0.2421389273        4.4362827013
       -5.5839631109       -7.7556939450       -0.1380060259
        5.3326056740        5.4939904396       -5.7926767924
        6.7239265309       -8.9878231800       -4.5526941137
        8.2376280619        4.8911058749       -0.2773490135
        4.2310990217       11.0847592315        5.5405214048
       -9.0424387723        2.6536820581        1.4603612311
        6.8606215479        2.9527503217        5.9649248047
       -1.8465634356        7.0915256431        6.0959226576
      -11.9528203301       -1.1836800828       -1.0499743601
        1.8908651497        8.6549355932       -0.0786682865
        0.7765958602       -4.5384639401        8.3510254887
        8.0499000864        3.5036548773       -3.8857711536
        0.0262916283       -0.0058488026       -0.0435696467
        3.0662972179        3.7106684280       -8.3183087336
       -0.7249427184        4.5267108137       -8.4364222330
       -4.0947458279       -8.9022909990        7.0114319170
        0.3268761503        2.2202982961        5.7465657713
       -8.0040189236       -3.5111171840        3.8036221398
        5.7117079665       -5.0253729857       -9.4425681781
       -3.6137534631       -8.1889473179       -3.3977161689
       10.6854221029       -4.6258554741        3.2622621511
        2.4615011891       -6.3844266092        2.2834112025
        2.6916696269       -1.2408614207        9.0639709413
        2.9163054341       -1.3241282556       -1.7090923611
        7.4133383489       -3.8979296196        8.6846559922
       -3.2439107916       -1.6866867354      -11.5477829619
       -0.4761620363        5.1727121638      -12.0764950563
        2.4461764061       -1.8821810712       12.7050939132
        8.7678145777       -7.9278220549        2.5483733811
       -3.0143147799       -3.7220789557        8.2343272983
       12.0273588181        2.5492229747        4.5717143676
       -0.0433874449       -8.9353989984        3.3946943358
        5.6167418382        6.1672764060       -9.4390929360
      -10.4451573954        6.0069256046        0.2732193461
        8.8010378000       -4.0079475400       -5.1027948361
       -3.7854994168       -8.1295251501        3.2795484478
       -4.3339930591        3.1875906745       -3.1019154191
        1.8912539215       -7.1010423587       -6.1785165285
        1.1082199563        5.6427883143        4.3104833950
       -6.1539501240       -0.0738708906       -3.7626181073
        9.0937637675       -2.6651926401       -1.5459863046
        3.0991814585        0.0280697586        1.8076773218
        6.9171750116       -9.7290589814        5.4205677779
      -11.3360901286       -3.5982260519        1.9297040948
       -1.1500563264       12.2012804393       -4.6757507348
        0.5128929761        1.2436810422       -7.1301378460
       -6.0803235698       -2.4022259534       10.0993052365
       -1.3587506553       12.3026875508        2.0316170255
        1.8478439481        7.0809082299       -9.6522224625
       11.8156807966       -0.2202287896       -2.6571312940
       -6.0062513932        0.5641512787       -7.4490466799
       -6.2798537059       -5.4143866324       -3.1204671455
       -8.7159380215        7.9162764687       -2.6343233888
       -1.0575494346       -5.6587680738       -4.3993661171
       -9.4956322493       -5.4948963572       -5.0517948960
       -3.2680218995       -4.3670279976       11.8742702082
       -9.3051675608       -0.1092969367       -5.6601295555
        6.0933987122       -1.3130270209        0.1444060247
        1.0118272588       -3.8655783555        4.7209004354
        2.0199889170       -7.8122880527        9.5906370755
        4.8477189932        8.6706144435        8.5218396064
       10.7272483342       -3.1684185619        6.8389853905
        3.1917338418      -10.5223983808       -5.0664994314
       -1.5337912019       -6.4003716706        5.8888386956
        8.8426675045       -6.4637562505        6.1442897617
       -1.3793180022       -7.9976256095      -10.3075326290
       -8.3790441143       -4.2118732041        7.5437888812
        6.1319880185        2.3905712206      -10.1844966498
       -0.8260407495       -5.1107071580       -8.0854215355
        3.6713355390        8.1811870099        3.3075618953
       -6.6580425003       -2.3614907944       -9.8233138934
        4.4565541750       11.1741256636       -1.1548136062
       -3.1451790668       12.6458385643       -1.3714276157
       -2.1293382950        6.5496171842        9.8704324672
       -3.6513403893        9.6261397740       -3.5553215331
      -12.4773195109       -0.1447320218       -7.5699238817
       -8.7165608895       -1.1392107246        0.8482163088
       -9.1144775332        3.4092811744        8.7137805506
        1.3361033439       -9.9865883890       -8.4019424703
       -1.8403797452       -8.6661659598       -0.0049965266
       -9.1780000067        0.5295034051       -9.3642754832
        4.2140124210       -3.9011015332        6.7244150810
      -10.1126191980        7.3167575187        3.8917571177
       -2.3939847639        1.8703745177      -12.7904625292
       -2.5732649160      -11.4279531931        4.4844148841
       -2.9333359809        3.0166331554       11.2708672558
        7.1788729577       -5.9624817093       -2.2588637590
        9.1658393269       -3.4205403782       -8.7996541767
        7.5529461632       -3.1991522399        4.9280037401
        3.8409441368        8.1115445581       -3.3627942340
       12.0041986999        1.1721593668        0.9638023984
       -6.6726543460        8.9767203911        4.4670670192
        4.9950535718      -10.8970287190       -1.6455684984
        8.4770366733       -0.2525331509       -4.5212346071
        6.2257104663       10.6667661812        2.2619654500
       -3.1615900208        0.7033421555        5.2393061370
       -6.8076672192       -2.9649299083       -6.0501319212
       -2.4098086634      -11.6294529561       -2.2370018843
       -8.3104214524        6.9428223099        7.3132284350
        0.6352465048        4.4964962471       11.6652844243
        4.1474156306        8.8896982590       -7.0957502010
        8.3604859541       -6.9539344578       -7.3986510481
        5.4743177929       -7.8450159925        0.6076253480
        2.2523977619       -7.1282495628        5.9467127683
        3.0902941298        5.2715794748        1.0986236997
       10.5903567258        5.9484962398       -4.9567621490
        6.9373063580        8.3411024078        5.2901627133
       11.4388367977        4.9593130462        1.6141447535
       11.4641052131       -1.6097498091       -6.2432330067
        2.6275027767       11.4133492848       -4.5693530222
        1.9471677469       -9.3775800490        0.0937118721
       -2.7384258722       -3.0579050071        4.6054136275
      -12.4044508621        1.2473058267       -4.0173832529
       -3.9468789982        4.5612126906      -10.4952145047
       -4.9495621844       -4.7882249488        2.0552891282
        3.2129215525       -0.7147608933       -5.3243699848
       -2.4486269170       -2.3840158742        1.0009139439
       -5.4438704236        7.1883608390       -8.0567286526
        8.7673819215        1.1265431600       -0.9331123453
        6.3303381240        5.4031556620        3.0368044549
        2.5017829267        2.3744221890       -1.0866753214
        5.6693438597        2.4481077565        0.7781424118
       -6.6766591599       11.1101029502       -1.8850391614
        1.4089675088      -12.3113205666       -2.1197836284
        4.1993400012       -4.5744448174       -0.5607160458
       10.7779640792        7.3350585691       -1.3508180179
        9.3573145361        0.0976942911        5.5737130469
       -8.8073813828       -0.4047382285        8.1855488704
      -10.5622906432       -5.9647293315        4.8826682684
       12.5297788697        0.1330603452        7.4829896855
       -4.4036806323      -11.1871672060        1.0681320808
        5.6363511798        7.7389922175        0.0459184902
       -3.4650385834       -2.3061270883       -7.8537935787
       -1.7960310302       -7.0927377480        9.5670191065
        3.4935516846       -0.0915916423       -8.9605455566
       -4.9434101986       10.8859599460        1.5594911177
       11.7842756680       -5.3685078573       -6.8231671030
        0.4345867335       11.9031001073        5.4248525505
        5.8516165109       -1.2145342705       11.0170789869
       -1.2593477061       -5.6530399453        2.1965941582
        0.8769419560        5.0966399713        8.0071861061
        8.1785149657       10.1809660789       -1.0277896692
        0.0962137119        8.9230001999       -3.4799529344
       -3.6485351831       -2.8976664666       -4.1269751615
       10.4967941135       -6.0183376552       -0.3591349221
        7.8749358150        7.9374594622       -6.8623531433
        1.6608925100        8.5238561506        6.5300581439
       -8.8789771822       -7.9091490606       -2.0724774701
       -4.7792473131       -8.6695605834       -8.5901008294
       -6.3377451521      -10.5898557701        4.3577076712
       -3.4501648962       10.3923773922       -7.2319154405
        5.6624773440       -6.4543879339        4.2242180546
       -5.4326955822       -1.0844337649        2.7146669719
       -0.2165998320       -0.6271205058        3.4824560775
       -0.5838147768       -4.5095867071      -11.7474398999
       -0.4613744646       -1.2551736921        7.0449068039
       -6.4202876577        1.4282873090       10.6395364492
       -0.0329441194       -1.6259779412       -9.4720960009
        6.7288289925      -11.1217650213        1.7985953292
        6.1821513223       -2.0609086868       -7.0737774094
       -7.3614779274        3.8863940517       -8.7706159334
       -7.8350025940       -7.9623852464        6.7965859115
      -12.0304835090        4.0143495734        3.1777740663
       -3.0479128327       -0.0394757599       -1.8926382969
       -5.7994980716        1.2029617110      -11.1028281199
       -3.6963684422       -0.5593205439       12.5160252713
        1.4326422058        7.9957533451       10.2467498147
      -10.6752319394        3.1568449763       -6.9251850572
       -0.2990786706       -9.7196922127        7.1282236411
       -5.6107956800        6.4428892139       -4.3098644240
        1.5840972158        6.3880813448       -5.9740993812
        5.8340904280        1.7354130803       -6.5021006532
        3.7034880926       -9.6377416515        3.4689010696
      -11.7335460540        5.3576293521        6.7372327902
       -5.3277184434        5.5778866213        5.5898757853
      -11.7645438555        0.2088964879        2.5714566107
       -6.8835292395       -8.3525887801       -5.3765057251
        5.8374750042       -2.6564126299       -3.3935267340
        8.9302736768        7.8972610504        1.9846924042
        4.2869130515        5.7705201827        6.2847517243
        0.2166109267       -0.9887953477      -13.1137459096
       -5.7833797831       -1.7480085674        6.4166922573
        2.9062065939       -0.6036094991        5.4261418409
       11.3860737447        3.5876005469       -2.0159037431
      -11.0135091931       -2.1876998074        5.5333060585
       -4.1477687023        4.5632141594        0.4759007068
       11.0624485327        2.1784623053       -5.6174797678
       12.2974575055       -2.6485285731        0.3345794525
       -0.3856277035      -11.8877534110       -5.5068088409
       -8.4142547392        9.2347848011        1.0057736900
       -7.5012647329        3.1876532284       -5.0136484791
       -5.2805135301       -5.5060025135        5.7148853032
       -8.1389131025      -10.2154079304        0.9354060705
       -2.6398337815        1.2294213696       -9.1492980902
        1.3102693501        5.6409985092       -2.2809094370
        4.0997931591        5.2080456004       10.0621004301
        3.2958585323        1.6750857270       11.4626314408
        2.9850602678       -3.0281870301      -11.3560369972
        2.2169454194       11.4237707566        8.7644873486
        6.2054804227        0.0624058247        3.6772235860
        3.1966375821      -12.6565727151        1.2842056996
        0.7617865318        1.8805582155      -10.7444687513
       -5.7860777275        2.6450109245        3.3082110947
       -7.4868323698       -7.2277900853        3.1245381657
       -5.5644864746       -6.1789445298        9.3572445263
       -0.7097388900       -1.8924143146       10.6594947676
        7.4578393930        5.8448025045        8.2188021270
        0.2678843995        0.6157591731       -3.5676643587
       -4.0469251000       -5.2203014007      -10.1463434789
       -4.9012063449       12.9007275242       -4.7494856092
        6.7103310145        2.3499472182        9.7376924849
       -9.2280341290        1.2808184568       -2.1098628719
       -1.9680043588        7.8004879129       -9.6764388596
       -0.5130316480       -2.8168483635       -2.2090323082
       -5.6603939119        5.0141209782        9.3571108039
        2.7140382063       -3.6370680228       -7.6636358800
        9.2797376568       -1.2923873676        2.0243108425
        5.0050732759        4.7805846366       -2.1423690335
      -10.7508782474       -7.3573705642        1.2607223941
        5.4832745989        1.0725910899       -2.7993084405
       -2.6619735843        3.6268015048        7.5787308268
        0.6603703200       11.9929247549       -1.2709141066
        3.7483756046        0.5475859410      -12.6014465769
       -5.6189892202       -2.4597357404       -0.8628527990
       -7.1273649740        5.9512848499        2.1733052664
        5.4957304836       -7.1998960442        7.9707670650
       -3.6661579554        7.5571764401        2.7283819219
       -6.1305801602        2.0494135774        6.9884279127
       -0.6595974352        6.0799377070        0.9834311697
       -9.9807785870       -3.0045159346       -7.9632552829
