        -5.1878148120       -6.9518737188        8.4645135528
        -0.8904268905        3.9970869111       -8.6212045281
        -1.3071639038       -7.5352591266       -9.3488910138
        -3.7610093180       12.3788677988       -2.0483584042
         4.1988774200       -4.8341916872       10.2572126497
         1.3374853227       11.7126556887       -5.6646589256
         4.0262751157        7.7611926221       -1.1782445455
         5.1119281056        6.9123288785       -8.4231000466
         6.1117533217        0.8171447815       -0.1961540798
         4.5371617302       -7.9236818054        7.9271578532
         3.6034626896        4.8731756843       10.9996361026
         7.1546702465       -2.6166863460       -9.3284090331
        -7.9842630045       -0.9100998362        5.2677753230
         3.1835149589        5.3714984859        3.5693025507
        -1.1021448449        8.4313601516        2.4593234669
         0.3395351734       -4.7352762189       -7.4707893145
        -8.5175028408       -5.0187093427        8.6418788591
        -0.5334325054        3.2834874632       -1.2867278107
        -7.9573507049       -3.6503764990       -1.5861484758
         1.0560469301      -10.0091116362       -7.5118094333
        -1.7363521754       10.4532763538       -7.6794221222
       -11.3459669460       -2.9568709830       -3.0401886206
        -8.8265464897        3.6512760920       -0.8905955372
         1.3281671372       -7.4418228945       10.0601622419
         1.0274274648       -8.4719179550       -2.4165132202
        -1.8888345617        1.5946173404        9.2694335038
        -9.5285320960       -0.1536679342       -1.1796253946
         3.9937168706       -4.4852587119        6.5269585960
         3.4166848715       -1.0440272224        5.0794535527
         5.4135838405        3.7439342040      -10.6479990070
         1.0876381750        6.0690930918        0.4858590518
        -5.7053777750       -3.0910359144        3.2701730300
        -7.2940253895        2.8494804625        5.5574895237
         2.6751216356       -7.2189354949       -5.6694435064
        -8.7173933373        8.8184868319        7.7377119225
         3.1899744222       -0.7232659407        1.4221303788
        -4.8143468229       -9.9543266758        6.0340353409
        -7.4246576522        5.2050688224       -7.9794878236
        -3.6237284880      -11.2667574516        2.5779003670
        -3.2456486768        8.9658319995       -0.7010712985
        -8.3515954008        8.6713495472        1.1264785715
         7.6414842536       -5.1840894834       -2.4140580564
         6.1332742018        7.0294242458        1.9670564209
         4.4582992612        4.2606401645        0.1739710339
        -3.2582021395       -5.4119195605       -3.5264326014
        -1.1616995029       -6.1094677033       -0.4434592549
         0.4708781747       -0.9414442463       10.8623518541
        12.3987538118        1.6732066889       -0.4184690870
        -4.9013419221       -8.1616447289       -5.3350885331
         3.5485110561       11.2266477763       -2.5349772455
         1.1490682912       -7.0834641347        6.3668726200
        -8.2798895873       -1.3412490043       -4.6558965762
         0.5386150612       11.2617573877        4.2963686910
         1.5647209743        2.6614979094        1.7859425093
       -11.4776054578       -0.1834416505        3.8885593732
        -3.8769389893        1.6366780449      -12.4043514910
       -11.0675015770        5.8971336260        1.0420529693
        11.5384165122        0.5789694540        6.1472896027
         4.8329001946       -7.8586010835       -2.5094546302
       -12.8639596096        0.5694742375       -2.6227077387
        -2.1137954549       -5.6937145774       10.4799933628
         6.5903387067       -9.8764449346        2.2167174033
        -2.3976009706       -4.9331365797        2.9942177400
         3.6240196828       -1.3631882681        8.7594114472
         1.5466814553      -11.9428533400       -1.0892512846
        11.2713627450        2.9160978250        3.0835627122
         9.4545934002        0.1124230183        1.2235803967
         3.8012411144       -1.6774618901       12.4471561539
         4.8748000797       -9.4657835701       -7.6297193435
         6.4794900020       10.8890797015        7.2001027599
         5.3537666053        1.4169524986       10.7340559350
         1.6607581612      -10.4937841066        7.7225402453
        -2.1707003118        2.1529753891        1.9180685572
        -7.0353398674       -9.4349253691        2.8941572190
         6.4512338776       -1.4338734006        2.8378252828
        -3.8253472978        4.0562294965       -2.7346450224
        -2.6146140698        6.9706429300        9.5280816459
         2.1930387711        5.2973444594       -6.7055149988
        -7.1427809064        4.8139758993       -4.1863331801
         0.5035761907       -4.9592122411       -3.7036759542
         2.7259639339        8.8574740634        2.2823405565
       -12.4707110636       -1.7153278555        0.4638713737
         7.3495425307       -5.2458732167        8.0226893058
         1.7002843119        8.7426523016       -8.1074448732
        -2.4240805877       -2.5253900740       12.6661190248
        10.8240407047        2.4358318815       -6.8980503283
        -5.4484098526       11.2481030379        1.2328055498
        -0.5465372750        0.9005356563      -10.8197375080
         1.4682076235      -10.0498743559        3.9928869635
        11.8265329688       -2.1541883250       -0.7403830998
       -13.1663452297        2.8391496144       -5.6760387028
         2.0962826292       -2.1931751884       -1.8753897944
        -5.0727243833        0.6380898310        3.5930443296
         7.0356751323      -10.1063672045       -4.4651957825
        -1.5439300694       10.0095800065       -3.9498101504
        -2.2664194039       -5.3374318535        6.7480143297
         6.7301148163       -1.7690713355        6.5565094202
         2.1275282952        1.8082201948       12.8218158285
        -7.6987482513        8.2236739900       -5.5520463543
        -8.6084387364       -4.6638445623        4.9341316970
         3.6853697841      -12.4192685141        2.0916217933
         9.5978034761        6.4014625872        3.4581882909
        -1.6391189586       -2.7018684498       -1.7433947115
        10.2765951487        7.4355802589       -3.1273040397
        -5.2138246869       -1.7557173766       -6.9571544756
        -2.7317976382       -1.8809778203        5.2961181706
        -3.4836146562       -5.1885556133       -7.2568885831
       -10.8769712463       -2.4796892191        6.9253158185
         6.0300600880       -6.4222112392        0.8627804974
        -4.9501630923        9.4245119053        7.6726453921
         0.8155564395       -4.0375604509        8.6640554325
         2.3479361536        2.4843571526      -12.6245252646
         2.2376717427       12.2948723821        0.9608276611
        -0.0381287106       -0.0206570484        0.0218548320
         3.2328128418      -10.7787107139       -4.3894028161
         2.6579617354        1.8410084383       -5.2541078883
         8.5147270361        4.6130720512       -4.8804188644
         8.2133762647        7.5037168309        6.8915985099
         0.1305735447       -0.3234219143        3.5922941909
        -7.4388574984       -5.8911970059        1.5110929333
        -4.2249639416        4.1085221706        7.5698500569
        11.4041018317        0.1413295693       -3.8454087220
        -0.7127375158        3.6494087504       -4.9423363471
        -8.5794979305       -1.0460895552       -8.4562583341
        -8.1806591481       -8.0950424260        6.3217458611
         8.4540802619        4.9861431688       -8.6222476608
         0.1698413011       -4.4615477177      -11.2090045797
        -1.7196158985        1.2844654650       12.9579442714
        -2.0560725206       13.4194149902       -5.2999227374
        -9.9738068307       -4.0913939520       -6.4911715214
        -2.8008211513       -8.8979296961       -2.2394558762
         4.1501154815       -4.1490861713       -7.5270430053
         6.9474811331       -2.0910933444       10.2510798190
        -1.1313845196        9.9683372833        7.5549341939
         5.3731307897      -11.2888957429       -1.1895957789
        10.3995997430       -5.5852902955        5.6771620409
        -0.3744868999        0.5895860378       -7.1581982949
        -2.7126257503        5.5517142593        0.6202495576
         7.8835112014        3.6104252454        1.6279772702
         8.7517613928       -3.6918899577        0.9334672198
        -1.2239313556        7.0429380058       -6.3240617989
         7.9133662188        0.8638034973       -5.2287347206
         2.6382374869       -5.5920246643       -0.5775413795
        -3.6990491165        1.3226150953       -8.7166267225
         2.7793384732        1.5057785359       -1.5930435858
        -4.0684092044        4.4447352086       -6.4840693347
         0.6387578107       -3.6896737143        4.9849852887
         6.3519824864       -6.3915360714       -9.4899958526
         7.7908577514        9.7995777635        3.7860736954
        -0.4142669586        4.6948311338        7.5136844310
        -0.5780299434        4.9189212973        3.7462885175
        -8.5080632152        1.3791893480        2.2070883055
        -6.6299603105       -4.7773999217       -5.0252340715
         6.9601552105        9.3963236549       -2.8506325780
       -11.9983601459       -3.9868219701        3.5442892673
         8.1157404398        8.0761577618       -6.2917981761
        -9.1287354849       -8.6753417543       -0.2842308211
         4.2953806147       -7.4946097991        4.1351700525
        -9.8352673230        2.1137746044       -4.2306272448
         3.1706360184       -9.0062544410        0.7440228980
        -0.6708123132       -9.5293629479        0.8798650495
        -9.9235833062        7.3868178198        4.4127868723
         5.7090260438       10.5861712356        0.6290193361
        -4.8873948613       10.8650181730       -5.4444511111
        12.7897127769       -0.6110688070        2.6670813294
       -10.9226446228       -5.2518041357        0.0660625847
        10.8489325732        5.2116155159       -0.0214635912
         4.7376296583        9.9173316297       -5.9921012018
        -4.0824979015        3.8264549190       11.2713398448
         3.7509249863       -4.0965845796        2.7772529564
         1.8140262580       -1.6352243435       -9.2265971532
         4.8116703432      -10.9055326570        5.4874603882
       -11.9011234650        2.1132786640        0.7836559940
        -1.4138100855      -11.7520108490        5.7075154907
        -3.4911186797        1.0037650622       -5.0367761670
        -7.0228005749        2.0503446184      -10.2078958667
        -1.8375858589       -2.4398915977       -5.4069206234
         4.2522681183       -4.3892579891       -3.7921363014
        -6.9059592467       -4.5314108469       -8.8308807790
         2.6923929178       10.4657807127        7.4024176220
         8.2764730535       -8.7121920945       -1.0833940534
         6.8308187417        4.4907262859        8.8740809474
        -6.5550875979      -10.9294917655       -7.1559705798
        -9.4777793211        7.1577712693       -2.2690071345
        -6.5150523146        6.5761032818        5.7799396224
        -3.6787394147       -4.9140164701      -10.9564654233
       -10.3319473541       -7.4573008745        3.1712622020
         9.7603039228       -2.1548888135        4.2742615713
         9.4026763136       -7.1985875450        2.3121506474
        11.4222524544        6.1882972352       -6.5469371261
         7.0679744005       -4.8546861664        4.2293773608
         4.7850819588       -0.0667764121      -11.0523349169
         2.0385713624        5.6531240433      -10.4375279712
        -3.2644307694        0.6830144254       -1.3795676089
        -2.8559239383       -1.5472708612        1.6369405638
        -1.0350114358        6.6220649504       -2.6085783008
        -1.6219098202       11.9022368165        1.1323576605
         7.3667037694        5.8564013458       -1.4633813465
         1.2319744356        7.4946056327        9.3921045095
        -6.1853018080       -0.8571992001        0.2385865760
        -4.9077485853        7.8178328247        2.5523689654
        -4.8602346232        0.0260328555       11.0947842230
        -2.2031012143       -1.8492664933      -12.7790410389
         3.4087359058        5.1480500928        7.2999978619
        -7.1108749435       10.0650466093        4.5083604107
        -5.4898837308       -3.7847686666       10.6870407456
         4.9990837044       -0.6782696562       -3.5508915851
         5.6262010296        3.0481396418       -3.2247906405
         8.5043862871        1.0053457087        8.4994539190
         0.9886843398       -4.3558535421       12.3516912755
         1.8455504739        8.3005040270       -4.3121613008
        -4.3269440790        4.3487228155        3.8349235825
        -7.7162499976        5.1435010509        2.4569871475
         1.7632020285        2.3995249715        5.4495844020
        -6.8049303757        1.7284351098       -6.5134104395
       -10.7750753776        3.6266732640        4.1787302977
         7.6234396570       -8.2645058223        5.5951692093
        10.9925326716       -5.9380545703       -0.9989461752
        -9.5006606918        5.0897058638        7.5177571436
        -1.0642403491        4.3149800685      -12.3088484947
         9.8988111492        4.0507310488        6.5344702347
       -10.2217760581        1.3072126004        7.2444890286
        13.0912342526       -2.8805761209        5.7200655209
         5.5467954714        3.4104672600       -6.9504659846
         0.6434676744       -1.2547192547       14.5479363000
        -5.4290350712       -1.4577112841      -10.6910784334
        -0.7195971417        1.2135938397      -14.5054009348
        -5.1376502808       -7.9560932099       -9.0829614318
        -1.1170836456       -7.7351755967       -5.5351878434
        -5.6231425523       -3.4508976800        6.9855401179
        -0.1617530699      -12.9432185022        2.2276009436
         9.0547017161        8.6375517096        0.3300958706
         9.4258027060       -5.1321230423       -7.4752275444
        -0.2049100613        0.2831346010       -3.5495560125
        -6.5258847921        1.3933733814       -2.7949604849
       -10.4747008845        5.5441046671       -5.6336964754
        -2.7678450425      -10.5062363386       -7.3588788433
        -1.7755522542       -8.7828299384        8.1502206651
         9.8483259598       -7.4280142596       -4.3697258729
         8.6419547333       -8.8603554933       -7.6946751358
        -2.5924920825       -2.2098314414        8.9779546074
        -4.4540245860      -11.6707903718       -4.0582760243
         7.8584379213        1.1924283569       -9.0379059439
        -1.9212888528       -8.3398077950        4.3548019986
         2.5169093961        2.1690734027       -8.9364086539
         7.2195569639       -2.8914387043       -5.5151323208
        -5.4907927844        2.9063243830        0.5256091363
         1.9526191406        2.1176784236        9.1335532168
        -2.7500221257        7.1781829711        5.7122822652
        -9.1064374570       -2.4182876172        1.8843811776
       -12.1609885297        4.3797723406       -2.3330703205
        -3.3079765574       10.7378398159        4.4324536583
         4.3786920096       11.6302160365        4.1017836672
        -2.0367688213        1.8823918216        5.5839023746
         1.9626653949       -1.9224028673       -5.5412259507
         5.2089397061        6.4960626604       -4.6233493355
        -7.2295063071        2.5756021690        9.3710887238
        11.9504170523        3.9496672672       -3.5019883688
        10.1484189474       -1.3512147340       -7.2033050776
        -1.4034520864        7.4012442185      -10.0172880407
         8.2050921972        1.3007545767        4.6988566426
         2.5394413698       -7.0114701181       -9.4850710417
        -7.8660109008       -9.8392796241       -3.7414999107
         4.8260468673        8.1212242808        5.3787928900
        -4.2741274411        4.7934879879      -10.2142206468
        10.7003342098       -3.6677854259       -4.1359113305
         4.8757341404        1.9927271274        3.2417797898
        -5.7839552440      -10.6263660589       -0.5856736267
        -5.2860629373       -6.5293848699        4.6637826501
         6.5551922604        4.7368458898        5.0681856623
        -4.9908744812        0.3365318277        7.3578838789
         0.0861651803       12.9027192376       -2.1844676442
       -11.6135413735       -0.6199699112       -6.1038144286
        -6.1048391731        6.3817800600       -0.8199541421
       -10.1363826841        2.4542952961       -7.9639931051
         5.4165311941       -2.9462883304       -0.4831629466
         1.0421496026        7.6947299567        5.5782560346
        -4.5319838072       -4.3004069128       -0.1315090415
        -6.6656189727        9.8358176410       -2.1736378785
        -6.2079977180       -7.0690288469       -1.9229283330
        12.0858645776       -4.4207884770        2.3765349640
        -4.6124162315        7.8830301860       -7.8841259658
        -6.4272500522        6.3503428242        9.5330409326
         0.9602773682       -6.6624722588        2.6513786495
        -7.9332857268       -1.2341421714        9.0790876087
         9.0381315630        2.3754738355       -1.8375297899
         0.2997574502       -0.6300631414        7.2009469069
        -0.6138073398      -11.3023841920       -4.2532092438
        -8.2886992897       -7.5443040387       -6.8480813728
        10.0612555317       -2.4952477262        8.0076335165
         2.3237390022        4.8934229355       -2.9520156571
        -4.9499704921       -2.0329162268       -3.1995050534
        -4.3704202286        7.4541516982       -4.0922973535
        -9.6726305394       -6.4417698207       -3.4147655936
        -4.0998021672       -7.8014768539        1.2202978183
        -2.0276097376       -2.1583339411       -9.0907795005
         8.4341781689       -1.4187369960       -2.1649528044
         6.4398649989       -6.6175203089       -5.7369826353
        -2.3128616108      -12.3353232809       -0.9176743959
         0.5959929285        9.4888959529       -0.8369257156
         0.4591092559       -3.3238807406        1.3293852198
         1.9798478689      -13.4596421381        5.3431351160
         4.9172723374       -0.3761634270       -7.3153350804
         1.6440664333       -1.3253562307      -12.9151036616
         4.0073491842       -3.8673228078      -11.2284966976
         5.0623753096        7.9154463515        9.1266305597
         5.1390516818        1.7152180821        6.9999267828
        -0.2450552724        4.4207643777       11.2519856165
