        -8.3733795235        8.5445855236       -2.4240880096
         5.2102570274      -11.5902464681        2.6898214296
        -0.2214407765        1.8874928575        9.8325459383
         3.3650908655       -4.0868248399        7.4092241439
         5.2036836189        8.4171790002        8.6804219405
        -8.8041588390        1.1536427702        4.9052524363
         4.7329093242       -6.7812522193       -9.5637983540
         4.3271855718       -7.4477505501        8.7704508457
         0.6161831187       -9.5520826503        0.9683596043
         0.3981726991        2.7488340501        2.5226441833
        -3.0988171403       -8.4978365899        0.8374592290
        -4.9832403906       -7.6509458839        4.0896977634
        -0.7474019557       10.2921544939        8.4317424631
         5.6054103511       -3.9234146550       -7.5150376043
        -2.9044600351       -8.6928403828       -5.7484639590
         1.7596730077       -1.6843659330       13.2885818596
        -9.5250530949       -9.3976524848        1.8177295602
         9.4453145460       -1.3314544930       -3.6394343435
        -2.2303390007       -5.4681305794        2.9177406443
         7.2667942998        7.7286530746        5.4748777340
         6.3445644311       -1.0549405271       -5.4619319294
         9.3828543106        2.5093571784       -3.1444834599
         3.0698392530       -4.5993138908       11.1197739981
        -3.3639313551        7.9050064819        2.9519617790
        -0.3591828201       -0.0604468768        0.4240447995
        -0.2074127006      -12.5265084486       -1.1071676830
        -6.3085546676        1.7994567920        0.2118783032
        -4.1176679049       -3.6304737270       12.5161432529
        12.4168279031       -0.0395403062        1.8646391474
         5.4474365923        5.8766783800       -6.2517714131
        -4.9614490749       -5.2604317622       -9.4134825138
        -5.1647361973        7.3151215720       -7.7925198199
        -0.3853206770      -12.1118246831        5.5437638973
         3.4289262101        4.8213714268      -12.4337021500
        -1.1429426014       -9.1739378830       -2.4071983359
       -10.5605466433        5.4091281944       -3.0568778343
       -11.6116623566        6.6371340557        7.0033805079
         5.2203105995       -1.4163608905       11.6431959625
         2.3461815731       -9.8669614382        4.3469150801
       -10.0334670056       -7.1432777108       -1.2838967928
        -0.0876524262       -1.6158108236      -12.3380861664
         5.0978438697       -3.1482494672       -2.8648559962
        -3.2027473461        9.7694718269       -3.3686316847
         0.4958827774       -3.2842424767        1.7450549281
       -10.3958436840       -4.7899683586       -4.3716060024
         2.0561587451        7.4818838425       -9.9762114701
         9.2377154901       -2.7505435798       -7.1833006815
         3.5167032966        2.6020371822        4.4675962542
         4.2540482214       -8.2742133557        1.4010437335
        -3.9674723302      -11.4881090897       -1.2561616225
        -1.9343601730        7.0323014284       10.1206996803
        -8.3649749657       -5.4814147219       -7.5884373463
         0.4812882220        0.8524453694       -6.5485536607
        -0.9882338983        3.7183883199       -4.4116872983
        -0.1342161030      -10.5772848996       -7.4428370388
         1.0042669513       -7.7886668590       -9.6796863602
        -6.3690194063       -1.0012809838        6.9695477033
        -5.3735052694       -8.2549229075        7.8453970414
         6.5282166331       -4.3258183364        9.4152165627
         1.3800918438        1.7726778922      -13.5806731194
       -12.0281515355        5.1932971703        3.4900775306
         5.7361790726       -0.4556458679        4.2567172710
         3.9449817481        1.0128399759       -7.3661686390
        -1.2891846436        3.1538230097       -0.8167532914
       -12.5378848980       -1.6157180279       -4.1117899744
        -0.6098096677       12.3848423156        2.1040741380
        -6.2263954265       -4.8109337553        6.4152948422
        -4.3356265710       11.2992439832        1.6813048428
         4.3760918082        5.5015458837        6.5873258812
        -8.0490281186        7.9094217612        7.5371890781
        -0.1210230668       -4.3245315883        9.0317926565
        -3.1419662097        1.5732838964        2.0661225803
         1.4051645083       -6.5444691542        3.0396912159
         7.7258610645       -7.1114813749        6.9570380170
         6.5412134491       -5.2550575478        2.0662799541
         2.0888087665       -1.2092910437        9.6442301499
       -10.5914742422       -2.3566052118       -7.3780755890
        -3.7685904427      -11.6265968195       -7.8498179880
       -12.1273041952        1.3681928059        3.0240433442
         8.6483894741       -1.1415824595        9.9408014835
         3.4963815970       -9.2690133565       -7.0501179071
       -11.8425407518       -6.2879202261        2.0100726831
         9.7962087333        2.2545813556        8.4232235043
       -12.5996296172        2.2064086727       -3.6191099492
        -5.2072132323        6.2018140438        5.8754480942
         8.8655053940       -0.6589377624        6.2243532731
        -0.5718884596        4.2490759419       -7.9382289698
        -3.8025609803       -3.1569123455        8.8728012625
        -6.7045313795        2.3750345423       11.0712275751
        -0.1899017609        4.6874398627      -11.5260354586
        -9.3600809121        0.9944710169       -8.8869783531
        -7.5620322667        3.6346119383       -4.6481061973
         5.8015060760        6.5021003401      -10.0266567963
        -9.1929346969        4.5279966902        9.0622760539
         8.2116318938        3.8027526934        0.0711690234
         3.6159666376       -3.5363021414        3.6763935082
         2.2523199242       -4.6396632542      -11.5392634869
        -2.5458218227       10.8769801813        5.0918350551
         9.6178972883       -2.3153629246      -10.8610917635
        -2.9217059703       -6.5809115538       10.3369378769
        -5.9436697637       -0.5144390947        3.2460269727
        -2.0378010085       -5.7634426021       -3.6571044138
         6.7747185768        9.8776650652        2.2636273142
        -1.3234440238       -8.7989037693        4.2395502571
         3.5072521996      -11.3786790387       -0.7240227899
        -6.2241984365        9.6675016968        4.6323070958
        -7.2977902043        4.1751716106       -8.4140014828
       -10.6911413399        3.8126585017       -6.5828532815
        -7.3605816292        5.1777158542       -1.1115662839
        12.0070125832       -0.8618658588        8.1911612133
       -12.0651752381       -2.4747919532        2.5286448302
         2.0491657723        8.5119961870        6.7161093196
        10.9348075687        5.8914271419       -1.1352307199
         7.6587135701        5.9806801991       -3.0886556145
         8.2025683815        8.0761986177       -7.5765131986
         2.3273235784        2.0342553617       -0.6763561420
         2.9675938724        1.7252948053       11.9350258840
         7.5310540660       -8.6292492032        3.3662773189
        -3.5207995157        1.1394711508        5.7087938730
        -3.4415798549        0.1239216309       -1.3929168418
        -6.2472727213       -1.9938248268       -0.2770522127
        -6.5801828770       -5.3161057545       10.0797873894
        -1.4438055569        9.4434319621       -0.0071991792
        -5.8505605192        1.2683306863      -10.5718837185
         1.7521381052        8.1313066618       10.4169145469
        -4.4238709000        3.4122896419       -2.7151185268
        -9.1908119081       -3.1594658327        8.1789164952
        -6.3498575796        2.8269541720        7.3998690331
        -1.9474444249        7.0799580142       -5.7452642365
         4.3056220770        1.4991755612      -11.0932977492
         8.4237345443       -5.6268967760       -9.3425688038
         5.9640924560       -3.5603439898      -11.3237945052
         6.4259411838        2.0028598235       10.2309664840
         9.8972952572       -4.0038003624        7.6164226219
        -7.4617275886       -2.5755380569       -5.4486138328
         1.3459926712       11.7572965233       -1.1721187946
         2.6030369037        3.6445103581       -4.9645727152
        -4.1679766063       13.1112838768       -4.6608765250
         5.4555316883        1.8233784491        1.2481237991
        -4.1323813692        3.9658157074       -6.4161584081
        -1.7452442772       -5.4495320252       -7.3598633318
        -6.1019856734       -8.5918382214       -7.7400649417
        -2.2349838357        6.4346516448       -2.0847063795
         0.7165689146       10.0155983713       -7.3846866774
        -6.9640744371        6.6177379110        2.4449107145
        -2.3911582195        4.4760821885        4.1997190222
         7.0790215928        3.6493217998      -12.3322346543
         9.4617641122        0.1654234016       -0.1007131521
        -9.2530294927        0.6889132059        8.6749965289
         3.3040378147       -4.9667570042        0.1122611323
         8.3275941911       -3.4339729243       -0.8618583113
         5.5150297753       -1.9060516119        0.7671907075
        -0.5403997931        1.4158495616       13.4755368346
        -3.0817812810       -2.1446337618        1.5868534638
        -1.3525346779       -1.4732142487       11.2599797626
         2.6969012456       -2.1825908670       -5.7162328752
         3.5296477592       -1.4006038579      -13.2362585414
         0.4497217202        8.7171159797       -3.3079982844
        -1.6360172043        7.5790163589       -9.3451958863
        -3.0019400673       10.4007037924       -7.0626060511
        -2.4100909206       12.7999578616       -1.2728245198
         3.1451334741        4.8781416171        1.3814794066
         0.3162447064        9.0090998824        3.3610848071
         3.9947084596        7.7793235122        3.4705033629
         6.4570468872        0.3512352557       -1.9174061278
        -0.5005549424       12.1083384712       -4.5184081048
         6.7195168763        3.1495900596       -8.6692810486
        12.0657254840       -0.6491237859       -8.3854441784
        -7.6276223738      -10.1850966297       -1.4268043963
         0.7128711706       -7.5752189253       -5.4088438471
        -1.0303692957       -0.9962913790        7.6003574657
         6.2849086077        2.6060209801       -4.9904374971
        -8.7663778421        4.9345484875        5.3470315521
         4.1241627840        5.1146947014       10.3898436210
         3.1409362098       11.2958517191        2.1988409480
        -5.8152792863       -4.2612819950        2.7290117982
         1.5501196509       -4.6183380458       -3.2761849263
         9.7332568892       -5.5476081889        4.0411021421
         8.6979084234       -2.1176052930        2.7175097434
       -11.6167625780       -0.9715110416        6.0805251898
        -1.4321537133       -5.0098670176      -10.9672492237
        -9.1765920453        3.4914770723        1.8372633564
         3.4646812287        0.5306924245       -3.6829969454
         0.6067861050        4.7956762130       11.9964425166
        -9.4075086009       -1.8147819700       -2.1838965193
         2.5224038450       -8.0016059844       -2.0224374101
        -2.5857622153       -6.0529443068        6.6354002527
        -3.9596965340       -5.0632618814       -0.4777328680
         6.7629485805       -3.7774562711        5.6332217853
        -2.0075372893      -12.1289353304       -4.4863428729
        -4.4096232161        9.1318730402        8.0138061159
        11.8263885792       -2.4054503783        4.7182560927
       -10.2605770889        6.9129439663        0.5280277384
        -7.1958223095       -2.1349778590       -9.2274206683
        -4.0842092438      -11.0005157783        5.4186251576
        -0.4692714604       -2.1128889897       -8.7578824592
        -5.4093243874        6.7379963682       -4.0386775567
         0.8081339911       -7.6584332155       10.3910463956
         4.2746155997       -6.2128952601       -4.9889587855
        -6.5330004710        0.3161985381       -3.2710608737
        -5.6010551517        5.8211684946        9.6598942578
        -3.0871164238        3.6490241683       11.6556579594
         4.5756472671       -6.8497764366        4.9951568146
        -4.0306116252       -2.3383673194       -7.2286340151
         4.8502937848       10.6889035919        5.5616619618
        -1.5851067636        7.3900141551        6.3264644373
         0.0911343117        2.3313123840        6.1701292845
         9.3988186259       -6.9078631903        0.3802398142
        -0.0443273861        0.4014225813       -3.1158821799
        -5.8947226709      -10.7186949858        2.0043791150
         8.9404157195       -8.1511151796       -3.2777936325
        -0.3119328950       -6.2171661489       -0.3212708274
        -4.3242585071       -2.7511265334       -3.5095780111
         9.1762251551        6.8808500176        2.1576939179
         0.9160373879        5.2276142795        8.3126817001
        11.1112502560       -5.0603438903       -2.5470538226
        -9.6731657964        0.5144952485       -5.2025919009
        12.4477928190        2.2875375455       -1.2229186298
         1.1157686752       -7.1323365107        6.7193823475
        -3.6568369275       -1.8647199863      -10.8862133657
         1.5694335085      -12.8586498013        2.2835623621
         4.0547948773        7.4063455249       -3.2326860200
         6.1081249491       -6.5421502660       -1.5827201479
         6.3796333808        4.7644735238        3.3578701071
       -11.5292704285       -4.7904479913        5.5771142277
        -4.1796984770        0.2059889888       13.0107142130
        -8.1075785697       -7.9122512469       -4.5454587242
        -1.1914793021       -2.8829880274       -1.5948196661
        -8.7428442650       -2.6387208271        4.4163835194
       -12.3570716498        3.7089932991       -0.0674656992
         1.7190245968        6.8075585301       -6.2206896936
         1.9085848453       -4.9495203012       -7.7366820279
         7.8316709533       -4.7563219334       -4.4729891393
         3.0943898656       -1.7576461459       -9.5114855740
        -9.0071138252       -6.9673850321        7.5804673306
         1.7139610451      -11.0272893606       -4.1092187852
        -5.7090199922      -10.9385588569       -4.6602698711
        -2.6917386967        1.0624868579       -8.5777664835
        -2.6987215936       -8.3598252192       -9.4805795991
         7.5244199976        5.3572698969        8.5643757048
        -2.1779647032      -11.8876647342        2.1573446916
        11.7637195658        1.5054925778        5.2226466143
         2.2586493258        8.3286396125        0.0828604421
         1.2088016161        5.6013207202        4.6053695920
        -7.9532050613        9.9664546879        1.1708557110
         2.3874554045       -1.7217537595       -1.1607374643
        -5.2090945183       -5.6621134616       -5.6369965846
         9.5686660711        4.6482938846        5.3554914785
        -6.4034964336       10.0753961353       -5.3337593832
         5.5083051770       -0.9381653160        7.9691925556
        12.5096472860       -1.5059877022       -1.7119930252
        -7.7625297488       -9.8135005156        5.2525975109
        -9.0533715484       -4.1328815165        0.8544500954
        -9.4692910357        2.0094465860       -1.6909246775
        -6.2383636870        0.7937195739       -6.9377811751
         2.3852389780       -0.7321672406        5.9797149354
         5.8908651119        6.9198855253        0.1527732400
        -3.7589676781        4.4468326684      -10.0728037153
         4.4759166305        9.1311095693       -7.5131649128
        -5.9366280174        3.2431981403        3.6963948714
         3.1711360494       10.8586880834       -4.4554559975
        -4.1205157166        4.8905586790        0.8054079118
        -6.7336179807       -1.4848429157       10.6750638024
        -3.1174540184        0.5943850594       -4.9994762428
         5.5040634536      -10.1729902251        6.2840473519
         1.1693720999       11.9027600953        5.4754510450
         7.0934376815       -7.8178127032       -6.6295509133
        -7.1968818587       -4.9577450539       -2.4180929463
        11.4010267327        3.7313255870        2.0733533539
        11.5214486161       -3.7702848688        1.1060525180
       -12.2331163309       -3.9613206233       -1.0562333966
         4.9841299715        3.9312843889       -1.9518831572
         2.6533454788       -0.2568007444        2.3262795089
        -5.1037341519        8.2316775485       -0.4679033512
         1.3893469445        5.3443147325       -1.9912954315
        -3.4593764566       -2.6607711227        5.2188914030
         5.0496704967       10.4545024885       -1.1156302127
         6.7807108983       -0.6341360797       -9.1569404677
       -11.6528146748        2.8510754207        6.5621674191
         0.1904465707       -3.8151964841        5.3778404614
        -6.7401456827       -7.2391091858        0.6586325100
        -0.7123785202       -0.5270825580        4.0003458582
        -9.2151419198       -0.3253274669        1.3692554351
        -0.4398590715       -4.8022383508       12.6740035563
         3.2638642856        2.1798580585        8.2169859523
        -3.8646166632        0.6818555226        9.3676697357
         2.0523959649      -10.4465051912        8.0221413202
        -8.5659055850        6.9578421281       -5.9849132763
        -0.5107605999        6.0824142728        1.2642186846
         9.6572002696        1.5042502025      -10.4611217407
        10.3933131148        7.9186574676       -4.4149365719
        -2.7496595682        4.0876800910        7.9426483127
        -0.8876677577       -2.5070133633       -5.2137890270
         5.3747298766       -9.6646817974       -3.7090536637
        -8.5830377948       -6.4049158906        3.8853122715
         0.8098573251        1.3094694055      -10.0553015916
         6.8140624067        9.4635200245       -4.4019978430
       -12.4318938865       -0.1295895324       -0.5523557012
        -2.2814945966        1.5351968100      -12.1958252919
        -4.8414419372       -8.0018834203       -2.5605107961
         8.6381567767        1.6346044104        3.2011916561
         9.2017936436        1.0127895901       -6.7051769447
        -1.6683271520       -9.4260785765        7.9991176162
        12.2946276133        4.5682516817       -4.3518585473
        -6.0726191127       11.5757359391       -1.7579926766
         6.6625512007        2.4390325946        6.4344644178
        10.6215313796       -6.2065626893       -6.2355743212
         7.1409355347       -0.1772094945      -12.8254687200
        12.4085872381        0.8196634613       -4.8048490394
         2.9983216779        4.2084879164       -8.7417670053
         7.0944418508       -9.9086220358       -0.2868089114
         8.6633636190        8.9953862228       -1.0676604820
         9.1160129335        4.7736188301       -6.2135625797
         9.4948597555        5.2972067756       -9.8799066371
        12.4160563976       -2.9229877266       -5.3175475183
        -9.8114653666        8.3222252980        4.1019296094
        12.0045091527        3.1365310771       -7.8974545479
       -11.3659738694       -8.5613652188        5.0441833207
