        -2.1064055437        4.1054043481       -4.2846785745
        -3.2769047288       -1.3785667766        3.4515602352
         2.6612537647       -2.7716410138       -1.9035859788
        -4.2380760196       -0.6274106547       -0.1815967426
        -0.0432029329        4.8363902867       -1.0766984812
         1.2674202275       -4.6551552272        1.1291548354
         4.1580346286       -2.1240633404        1.6749313474
        -0.7841689898       -1.6903814234       -1.0369814866
        -0.3340870790        1.3281210195       -6.1460754505
         2.3977467480       -3.4773796857        4.6699467890
        -3.6728061758        3.1700390240       -1.0332670123
        -1.1799941212       -4.5919275088        4.1438601367
        -0.1738470176       -2.0253858077       -4.5248069741
        -4.5502707368        2.0405742604        2.5630033435
         0.1263935727       -1.5640441739        2.4539663460
        -1.3234676362        1.3783640856        0.9466714019
         3.4909919827        3.2564355804       -1.3471791221
         1.5768215998        3.3990515167        2.0851826676
        -3.2346196364        0.4145916535       -3.7305714528
        -1.1303178798        1.8323153346        4.4689248502
        -2.6720559336       -4.1093410474        0.7613967929
         2.4658860436        0.3860291800        4.2804448557
        -0.4489592707       -1.4440442617        6.1125228392
        -0.3491832650       -5.1341832322       -2.2262355854
         2.8214217518        0.3967110668       -4.0538898892
         5.0122069252        1.6983564307        1.8523660121
         2.1076361515        0.3120172415        0.0903099882
         1.6717000788        4.0798263411       -4.4955756411
        -2.0042113882        4.7857834763        2.1253952727
        -0.1263930319        1.5640443588       -2.4539662293
         5.4258763272       -0.1530882233       -1.4051058846
        -3.5344184153       -3.2374428278       -2.9094232088
