         6.0461219689       -0.1005099051        2.6471041681
        -3.2652583279       -2.1042235838        4.4757257146
         2.6666725493        2.4417197265      -13.1885611307
       -11.1790617696        7.4784329206        5.7830780366
         3.6697673287       -3.3432937960        6.2531209392
        -3.0376834773        1.8629572048        0.9300271624
         5.9989250992       -6.9012468208       -2.3650342138
        -1.3108019417        9.4269066330       -1.9274032264
        -0.3738884701        0.0234402251       -0.6484745689
        -0.3486211184       12.5233972312       -0.1400545752
         7.9640907209       -1.6012651502       -9.2653402173
         3.1236569085       -9.8980517173       -7.5285006262
         0.5929993188       -3.0510857455        0.9171169465
       -12.3313814687       -3.8432839591       -1.2066393109
         6.5419232488       -5.4842281631       11.1647601064
       -11.1820344411       -7.8864871589        5.2066521504
       -12.3297844604        3.9276435403       -0.9151029191
         0.3875485804        2.9103028213        4.8125123358
        10.4736408644       -3.4144420729        6.0269813082
        10.3665884809       -7.4254548315       -7.1929757686
        -2.5317738914       -5.5420923705        9.9111389897
        -6.7614490236       -7.0235503791        0.5053134808
        -8.8264240862       -2.2358572257        7.7337246083
        -6.1744610391       -4.2542319443        9.7117864733
       -11.3110345626       -0.2063140610        5.5570296681
         5.4112008054       -2.3941469994       13.1138584407
        -2.1824700200        6.5232078133       -7.4306967744
         4.9014783960        6.0418358021        4.6385733606
        -0.2637574411        0.1588262655       -4.2327370161
         2.8295496127       -0.0365816223        0.9590156564
        -1.1655052462       -8.2949144755        3.9639486514
        -7.5715422673        8.7265797761        6.0215826419
        -7.3616524231        5.2124972046       -2.3471512771
        -5.9829960500       11.4867159464       -3.6712363345
        -4.1886887783       12.6892409530       -6.8074217289
        -1.3050155267        3.1378963301       -2.1512255307
         6.9731590553       -3.4633213839        8.0005459796
         9.3109195398       -0.1661821820        4.3811425073
        -3.5309038612        0.0888821074       -2.3528827175
         7.1616333847        2.9717649350        4.5252962588
        -0.1581592003        0.2949671453       -7.8602642396
        -7.7876633137        3.5506324568       -9.5175542693
        -5.7819522756       -0.0898044620        2.4251269792
        -7.7900905756       -2.9184607738       -5.9335733184
         9.4350509744        7.1159728590       -0.1257977365
        -5.7208579504        3.7079351549        2.5356532408
         4.2932703580        7.6963346291       11.5457151298
         4.2267552454       -6.7569761246       -9.5403618393
         2.5281993535       -9.3414515695        4.0462513783
       -10.6666378369        5.3236314687       -4.1238262993
        -8.5383514198        1.7677034658        4.0634317505
         3.3730141787       11.4668663932       -0.1026066608
        -3.2253014725       -9.0499092980       -5.9414532211
        11.1867046776       -1.8076874932       -3.7821619698
         3.2779636313        5.0255523094       -0.3476119743
         2.2687715644        1.9765701482       -2.1233938774
        -0.1820043418      -11.4829026289        5.5515845390
        -3.5948776160       -2.3870417875       11.8895423622
        -3.5941639539        1.4907383254       12.0350746152
        -5.9771199873       -4.0950385080        5.9975897096
        -0.7438162994       -0.2458083436        6.5543328269
        -2.3339115870       -5.3555125961        6.1597747912
        -8.3826725980       -8.1421633704       -4.5432052063
         2.4230885651       -9.6496433223        7.8088607398
        -8.8257067556        1.6534427989        7.8796562790
         2.4851614314       -0.3084056485        8.2067154005
         3.8713324289        2.9848069762        2.8078764622
        -0.5902092968       -0.1097965094        2.9269276535
         0.2205818548        2.8232911302        8.5193093672
        -3.0380364793       -1.9260358660        0.7875660585
         6.6675466903       -5.1629987426        0.9801683438
         7.9648711268        2.2880129522       -9.1193877042
       -10.1502098807       -7.0645184498       -1.2675137647
         4.8990385405       -6.3743335548        4.1725897046
        -1.3592630047       -8.5934949275        7.7916616628
        -0.3534645809      -12.4775883310       -1.0781964540
         5.2708088175       -3.4666822387      -11.3352667417
        -2.1074794752        4.9102522489        2.7511940683
        -3.8873821324        9.9109297590        6.2185968295
       -11.9536557549        1.8617945970        2.3420106074
        -3.2645646918        1.7641742669        4.6208536149
        -5.8625585199       10.1833989394        2.8874124930
        -6.7587420243        6.9685814487        1.0303152961
        10.0171223766        5.0532963705        3.0789680932
        11.7549460568        0.0130014355       -0.4073016865
        -5.0764526776       -7.4005449866        7.6896913894
         9.4322560501       -7.0901921074       -0.6589219462
         8.2338047280       -6.5275942371        5.8957145047
         7.0035621056      -10.1145748529       -0.8106478542
        -2.1549227990      -11.5463865310        2.2165887129
         5.0012748735        0.1409097120       -3.7796359891
        -4.0971504575      -11.4425986718       -1.1568720763
        -3.4449745864        1.6399508864        8.3279553607
        -9.0490584039        3.8330138465        0.8271453267
        -6.1730095545        3.5168713843       10.0033876974
         1.5830132839       12.3402327880        3.2100168101
         2.4266397936        9.0364094880        8.5100437058
         2.5583765644       -1.5821613629       -9.6319174731
         8.3172710016        3.9423078941       -1.9366056313
         5.5751233535       -1.9151601104       -0.6111478642
        -6.7234884408        0.1544553188       -4.0825646019
         1.5587846965       -6.1731310975        2.4793932620
         1.4973831207       -4.8295855990       -7.8298589834
         0.4214474238       -7.9701770628       -5.8571376907
         0.6085259512       -9.3507894570        0.7098127806
        -7.7567449778      -10.1307802359       -1.2676434020
       -11.2839904004        3.6576244495        5.6909103285
        -3.1508414808        9.7392296180       -8.9990044782
        -4.5364396432        3.2568114443       -3.9240268574
        -5.5362805711        6.4514319581       -5.5009298317
       -11.0482977551        3.4301585512       -7.4676868359
         5.2084082240        0.2823082306       -7.5506290243
         5.2585583243      -11.3665533523        2.4209887596
         5.8554430610       -0.2362664361        6.2673890409
         7.7403939564       -1.7156895310       -5.4477995867
         5.7401323610       -0.3748809082        9.9614187417
         3.3685805610      -11.4282641711       -0.9617598803
        11.6300547993       -3.8733845639       -0.5332486270
        -3.1107801965       -8.2939841850        0.6269118864
        -2.0912337917       -5.8525940987      -11.6139990003
         6.7750893698       -8.6874566033       -7.3793730200
        -5.7225495974       -3.8854738941        2.2508110712
       -12.8164686281       -1.7787962351       -4.4257392934
        -5.0145220006        8.2700858029       -2.1135902327
         2.3731776661        8.3422253165       -1.9069433691
        -2.2804680422       12.6523316955       -3.4925551867
         5.2723572107        4.3043546698      -11.0436508705
         5.1071644062      -10.1341616625       -4.1982672598
         5.5758789800        1.9534235432       -0.4660615484
         7.8513140372       -5.4691698228       -9.2878603893
         3.8701771454       -3.1882503992        2.5762277197
        -2.1849573947       -5.9471749217       -7.8985936804
       -11.7928545523       -5.8894258423        2.0158356824
        -1.0194017768       -2.6420188427      -13.4750662658
        -6.2935970352       -1.8858862972       -0.9201136442
        -4.4304899751        3.6224775718      -11.4493091039
        -2.1505161589       11.3486493509        3.0756937506
         4.9440896691        3.9362666839       -3.6011092484
        -2.2573506417        6.2799284013       -3.6893157335
        -4.1936000041      -12.1418553633       -7.7391526500
         6.6695724152        5.0724351606        1.3642856253
         1.3577855027       -4.8845503467       -4.0544076739
        -9.9597658119        0.2209046488       -5.8368043217
         5.1342840633        4.1366432212       -7.3341523397
         7.1603418226       -3.3052936642        4.2896984190
        10.4637794416       -3.6040954412       -7.1139375776
         1.5782219844      -12.5467132782        2.2761306929
         3.5256688538       -3.5370897136        9.9843198060
         4.0565466965       -6.7921984322       -5.7196254774
        -2.5298353867        4.7847758322       10.2986549181
         8.7211945873       -8.8017590132       -4.0263574459
         9.0971955062       -0.3028438916        8.0251655585
         2.6219558718       -0.1712402227        4.5498672756
        -4.0267746255        5.0587497299       -0.5774794798
         4.2901876159       -8.5415330426       10.9363730316
         8.8744554314        1.9036144170        1.2391950115
         5.4118449807        1.4025826920       13.2563768973
        -1.1226400825        3.5005334155       -9.5338772073
        -9.5581354483       -1.8413988034       -2.6599361290
         0.5944302315        2.9741473712        1.1435909393
        -3.1076024482        8.2249246118        1.2467352192
         5.3544148963        0.4229317930      -11.2989780609
       -10.1473854004        7.1435504782       -0.7344519636
         5.1327322036       -3.5773750325       -7.6236000657
        -1.1623978164        7.9750552670        4.5744807433
        11.1874850799        2.0816966814       -3.6362096514
        -3.1545660798       -9.0362074292       -9.7035090265
        -4.4317650878       -2.7525638599      -11.6884976420
         1.4994239294        5.4021958443       -7.4459280432
         3.1276709743       10.4331664208       -6.7655428339
        -5.0176849814       -8.0864931795       -2.7273206101
         2.6658894679       -1.4475067463      -13.3344938263
        -1.3561210260        7.9859523707        8.4137816839
         7.6512632861        5.9279056153       -5.1022065363
        -6.7134739810        0.2948678842       -7.8240908918
         4.2295843211        7.4512994201       -9.0071793998
         2.4255495045        2.1386141754       -5.7925981625
         7.8536548848        6.1467904210       -8.8519497302
        -5.9874523044      -11.1769855553       -4.5215807530
         1.1720804249       -6.6787470705        9.9592697703
         5.8463476556        9.1095466477        6.5422882267
        -8.5390993351       -2.0639517667        3.9196663773
         6.9743330597        2.8513943598        8.2375351076
        -6.0484801378       -0.2315979761        6.2034699907
        -3.4756066227        0.2269926222       -6.0318419291
         8.6954969855        1.4728501718       11.3668925125
        -1.3059733842       -2.9667370566       -2.3799164542
         3.2760501221       -4.9866980634       -0.7233812975
         2.3791386835       -0.4466491930       11.8908789828
        -0.8819713889       -0.3842825527       10.2463413598
        10.4653329113        4.1230274259       -6.8239625516
        -6.6475840712        0.4341616759      -11.5365147291
        -8.4432761144       -5.8759548620        3.7275714289
         7.5761273224        7.7665185749        9.6566826471
        -6.5127165252       -9.1080960765       -7.7711939105
         8.7247375200        9.0753603430       -3.3554979964
        11.9426178965       -2.2546693502        9.3313688838
        11.6315911876        3.8979248880       -0.2416090723
        -4.5045219691        3.4555938304       -7.6998074008
        12.1580982851        1.8278318451        2.9709524911
        10.4872594598        0.2600836723       -6.9860473370
         7.6926986115       -8.3998443673        2.5829721655
         0.4246613695        8.3865426100       -5.2433730039
        -7.7888559428        3.3578752861       -5.6981241326
        -9.4996596004       -9.0355763685        1.9855211892
       -11.7905612332        5.7263745225        2.4516192608
         5.1112006941       10.4182825087       -3.4270055602
         4.0593188727        7.2001656694       -5.1945589792
        -8.7077033668        5.5237101672        7.9165937785
       -12.8156476579        2.1103812591       -4.2798146657
         3.2009808062       -5.5462312147       13.0183355439
        -9.5573423563        2.0391899487       -2.5143260783
         7.6489373372       -5.5318312392       -5.5322288262
         8.3157208584       -3.7893161994       -2.2267547695
        -0.3520676508       -6.1508222478       -0.8405430450
        -2.2853453892      -12.3541458077       -4.4308388582
       -10.6687263310       -4.9955467708       -4.5109964469
        -7.7889350478       -2.8244084056       -9.7567227287
        -4.0287893095       -4.9997882793       -0.9548970596
        -7.5749384982       -9.1503476307        5.3508211154
         6.5438029227        4.6295980970       11.5443248282
        -1.2199958761       -2.8807839787       -6.0660666090
        11.9433169629        1.5443799385        9.4740176036
        11.0335681290       -5.6757209063       -3.8802677911
         9.8230135133       -5.4045931758        9.2078229064
       -11.0495631578       -2.8566535226       -7.7035628502
        -9.1496179426       -0.0249241750        0.7111591003
        -5.5075380804       -5.9709305623       -9.7932193868
        -5.5050187060        6.6901753132       -9.3181771793
        -4.8336900041       -7.1328934859        3.8682417546
         5.8427657742       -9.5764522677        5.8410736748
         1.3542498810        5.9659750118        6.6796850864
        -9.4961830862        8.8650537326        2.6571447336
        -9.9692386128        0.3619274781       -9.5945140992
         1.6194059590        5.5866169099      -11.1933881454
         0.0523470317        0.5718760797      -15.2406714438
        -3.4014445956        0.3657436109       -9.7298531488
        -0.5387681515       11.6032543945       -6.8039112596
        -2.1095124926       -5.1018429698        2.3755359299
        -6.2532409747       -0.3723093830        9.9548832168
         6.7786306949        9.2133789518       -6.7075967962
        -5.0737808724        6.8054496394        8.2227521047
        -0.9710973464       -0.5242876004       13.9773651265
        -5.5387276938       -6.0189649490       -5.9687911530
        -2.2598026030       -5.9852282854       -4.1497128272
         3.4906089318       12.1023632911        6.5163313772
         2.5317473187        9.0110619872        4.7349839850
        -5.8665298072      -10.3688532242        2.1162412265
        -8.7974630081        6.5637377566       -7.2824705609
         3.4858719234      -12.5580297482        5.5909589872
         4.9427033451       -3.6573587734       -3.8861191008
         0.5462960530        8.6540082723       -9.0561233568
        -3.2217025585        9.4710823902       -5.2465887360
         1.5610557552        5.9690255533        2.9348919869
        -4.5377581921       -2.9518197105       -4.1570016735
       -11.2854672589       -4.0694130929        5.4010238593
        -4.0926949551       11.4987178819       -0.2960606356
         0.3863665226       -3.2628585027        4.5809537688
         5.2628909649       11.1511322127        3.2659897287
        -1.1239081665       -2.7757763505       -9.7693651898
         1.3596735148        5.1740704438       -3.6769238881
         2.5591552706        2.2985358528       -9.4863182549
         7.7411693281        2.1160963668       -5.3040147920
        -6.2927318052        1.9519460541       -0.7760219708
        -8.7999660735       -5.9961797547       -7.7537268865
        -2.3320094659        4.8797676375        6.5438561239
        -5.9756577793        3.6363686422        6.2877290268
        -4.8310130296        6.8248658745        4.3919875448
         1.6173369278       -4.7326709686      -11.5806266469
        -4.5057768134       -2.8671270987       -7.9370095740
        -3.8912584921      -10.3475930891        5.4584352325
        -8.7098881850       -6.0980525906        7.4805627762
        12.5847995073       -0.2341860812        6.1770045063
        12.1573308123       -2.0500253645        2.8254318440
        -7.7527599506       10.2002703172       -0.5047999431
        -1.3144595219       -9.2554315455       -2.6284273217
         6.0017113530        7.0567506438       -1.8412401923
        11.0358703297        5.9462754167       -3.4441374782
       -12.4670029763        0.0415871491       -1.0443048613
         7.0074924264       10.1441390076       -0.0504072217
        -1.0181369960        3.6448291189      -13.2391325364
        -0.5432209205      -11.0605107777       -7.6543372821
         7.5730237300       -8.4713039918        9.0473173145
         2.3699352939       -8.1767774269       -2.5268272298
        -1.2188114462        3.3278135632       -5.8329910899
        -7.3636799869       -5.0191383239       -2.7310232573
       -11.9544302012       -2.0274422601        2.1961076176
         8.4052872878        0.0776630004       -2.1134101863
        10.4749330477        2.9491821844        6.2658290347
         4.6789375806       -6.5142120639        7.8890524377
        10.3696372542        7.9395804555       -6.6163679263
         8.2362637323        6.0642363096        6.3682742334
        -9.0505997643       -3.8807505859        0.5377424244
         2.2676607241       -1.8125877147       -2.2653408645
         0.5429859545       -7.9512005698       -9.6792199426
        -6.5089988731        9.6673989996       -7.0667243668
        -0.0519194966        0.4329442508      -11.5379421883
         7.6959130805        8.1796752919        3.2051560529
        -8.3793940303        8.4629513501       -3.9201794951
        -0.3496636230        6.1965352324       -0.3771948581
       -13.2168264249        0.2879130411       -7.6054566731
        -8.4411427945        5.5834229658        4.1575742411
        -3.2993965005        0.5046709496      -13.4324671659
        -3.4457056409       -2.2580759733        8.1816384153
         1.4290242490       11.6168946201       -3.4733004025
         2.4247497770       -1.6994159127       -5.9366710541
         1.4245252103      -11.3244953965       -4.3341716733
         0.6121325653        9.2711039241        1.4085993778
        -2.0887236372        6.7072951432      -11.1427074099
         2.1425811351       -2.4643163565       14.9706243298
         0.0623660828        2.7263773161       12.2574207958
         2.1432238028        1.3347176537       15.1131826991
         1.3519146762       -6.4502743090        6.2137425716
         1.1744686656        5.9131786909       10.4317724831
         9.8249418322        4.6955322167        9.5869210154
         4.6812563391        5.9029112053        8.3550376969
         3.2028565679        4.5538545925       13.3973510268
         4.2808242714        8.0915732465        1.4424661212
         8.6948429671       -2.3239040889       11.2243561718
         0.2194087452       -3.4538526532        8.2837436653
         3.6709316213        2.8638861369        6.4860778996
         4.2776338125       -8.1785569470        0.8318827476
         3.5268455603        2.7775623486       10.2213067673
        10.0150709110       -5.2736745031        2.6914120853
         8.8736852260       -1.9945452640        1.0928892623
        -0.1776823106       11.0346769642        6.3965464483
         0.0611946280       -3.6372815391       12.0186305447
