       -13.4767091687        5.6292052994        1.9456089791
      -11.3687025432       -4.2148876819       -9.6178439228
       -4.8758476715        9.5784611928      -10.2160228460
        9.9044502317        7.9998716114       -5.3853153784
        7.7426400500        1.4318580055       11.7168428227
       -1.4028066306       -2.5633251711       -9.8469707378
        4.5832669435       -3.2526956898       -8.2152890276
        2.6887378975       -2.2830452138       -1.2792000940
        8.4135654503       -0.6754092534        3.3809121699
       -1.5836987216        7.1526318802        5.4838681265
       -3.8856806972       -2.1621390922        4.2282157306
        0.0284010095      -10.6434721161        7.9079782337
       -5.8406372115       -2.3520065409       -5.0482902461
        2.6569943712       -8.4159752685        6.4187397373
       -1.6249559941       -1.5365339393       12.2664133513
        2.9796154678        1.2168321621       -5.1372554130
       -5.8100734621       -8.3704514932        0.9644247391
       -5.6118528843       -4.8030728619        2.1023381602
        2.2179610335       -2.1626660344      -10.9491573826
        0.3510352136       -4.5361594635       -5.2440832612
      -11.9036814423       -4.2660829476        0.5941136929
       -3.1013854491       -1.4273962374       -2.8043232967
       -4.5117316862        1.5236652644        3.4392189058
       -5.0222965694       -2.9415649999       -8.6356287968
       -0.8472050657       -2.1658215914        8.7212908468
       -4.9466023295        7.1798886202       -1.2167317809
       -1.4457803870       12.3929234531        0.3872935494
        4.3728491198       -5.0108754004        6.3795448285
       -1.7416751956        4.0159049484       -8.8988432680
       -4.1443286606       -3.4957018306      -12.2006554001
      -12.0142253794       -1.7625034518       -6.7723585464
       -9.7695824309        1.6339437992       -1.6170745072
       -5.8400942130        6.0593681017        8.4149126453
       -3.1671100108       -6.1825109059       -0.4226273937
        4.8651209277      -11.1487988992        2.3121396389
       -5.7944882333       -3.6122127752       -1.4911622967
        0.8376039256       -5.3295258797        7.6273843738
        6.6954402305       -4.1040081017        3.4803553206
        0.5101803533        2.6149787887        7.6714312951
       -8.6446424483        3.6662512519        7.6634889149
       -7.1166544420        8.6751186965       -7.2351590210
       -3.4918766609      -11.9321423682       -6.4985050327
       -3.7488940210        7.0359873767       -7.7601031172
       -2.5102566967        0.0121800226      -12.4361792353
        2.1834534267       -5.6460257467      -12.2951683210
        1.3233453652        0.2855503203       10.3451853818
        4.3283977551        6.2809355416        7.5576880088
        3.7257880529      -11.9876029442       -1.2904240530
       -4.6446508382       -1.5945357569        7.7603015899
        3.6422722813       -2.7244934656       -4.7256398665
      -11.2696295639       -6.7328428108       -2.3501695750
       10.8694799836        8.9136423200        1.0385314702
        8.5134889885       -1.6790131543       -3.0797423708
        5.9165942619       -7.3734699220       -3.0807888522
       -8.6944082470       -9.4123726245       -1.3174220582
       -7.0792187370        6.1518777668        1.8328859971
       -2.2760868816      -12.4998658082        0.7897941284
       -1.5746460462        8.9179917941       -0.6729808537
        2.0546178365        1.9798862182       -1.6228572505
      -12.8952197746        1.9507311019        2.7404795484
       10.7183882116        7.6233541643        4.6816294080
        3.3627820729        7.3191903473       11.0973480065
        7.2129936850        6.0242475578       -4.1652336334
        1.2573728714       -5.1223892407       -8.7690390767
       -3.2842604005       -4.9266555518       -4.0394156275
        5.7966650346       12.0616215421        5.6883382420
      -10.5676294691        0.9693880625        5.7044286541
       -6.0836690909        9.7796523254       -3.6766217746
       -8.4611934076       -5.7858596309       -0.1003442100
       -9.2473996866       -0.8347374536       -4.4934491841
      -11.5688117975       -5.4554535338        4.2672245519
       -5.1762278721       -6.5162491950       -9.9903432821
        0.4627494637       -1.0278953402       -3.9541721860
       -2.5748182948        8.0919964582        9.0105818178
       -6.9091904400        2.5242160015        0.6038045166
       -9.6024121368        0.3970653164        2.0652153579
        0.5778979105       -3.1447992677        1.6697517133
        4.5688032215        8.2157028297       -2.4582885848
       -2.6204586363        4.4054572535        7.9369332223
       -5.4173565052        3.6284821090       -7.6608373611
       -4.8409983653        5.2737595085        4.8638692332
        7.3398496951       -1.0674599263       -9.5704572122
        0.9182332576        8.3355411977       -3.4957206912
        4.6275879084        4.0192960504       -2.8582068288
       -5.3006173615        2.1057366397        6.9232887701
        6.6015985177        2.7157409490      -10.0493601377
        8.0909087295        8.0497747913       -1.2216735822
        0.9853625526       12.0824178552       -2.6522561005
       -2.6240914445        4.5040667355       -5.3017468962
        5.0260234362        0.4239685859        9.2551235898
        6.9414056654       -7.9573778040       -6.7049933769
        5.9344184842      -10.1762255306        5.8849362842
        6.3066155425       -0.5290122854       -5.9978942170
        5.2792443960        5.9048316137        0.2484435726
        8.2980708572        5.4010365171       -7.7720739382
        1.1905769403       -8.6261817146      -10.0521411844
        0.4366606273        1.1616215294       13.8509213099
       -7.8135630654        3.1367063495        4.1366044259
       -6.0291352052        2.6948613021       10.4234843848
       11.8716189283       -1.0378919973       -0.7517567764
        2.1202808541       12.3277625916        6.8531003145
        6.8903382987       -4.3740127081       -5.3682055016
        3.6419914453       -6.2922912291       -6.0003377947
       -3.3994237955       -8.4317844267       -5.2686463920
       -4.6461828497       -7.4859182579        4.5444938645
        5.8861748701       -3.8637805692       -1.8480377115
       -1.8445225229       -7.5026613200        9.1980025969
       -8.5884200254       -4.5589331623       -3.7317966287
        4.7109836649       11.9490118331       -1.5829911302
       -8.9502691959       -3.2935712081        2.8323519101
        5.9556520593       -2.0018501304       11.7645347562
        0.4153234639      -10.1810528506       -0.6248979435
       -8.8025665863       -8.1652303948       -4.9988603369
        8.3298637675       11.6336359343       -0.2775033678
        7.0380686511        7.3400275002       10.0037361847
       -2.6698086771        1.0519068699        9.6617840924
        5.4461468193        8.4537074639        4.7905028516
        7.7193536240        5.6328790722        6.0367459813
       11.4736737852        1.3752503323        2.2654861768
       -6.1377063566      -10.7473556424       -3.9340534643
       -5.9822103720        6.1307212674       -4.7845292823
       -3.4206896450        0.5555912428       -8.8327948667
        2.2692970412       -0.6088816674        6.8283516731
       -3.7771914357        8.0458507778        2.3923406319
       -2.7036700935        8.0591554616       -4.2466520876
        1.4094695359        1.6222838452        4.2941569178
        5.1181068859        0.9484069855        3.7544920921
       -0.6493220416       -7.4176568702       -2.9555691002
       -8.8528256927        5.2536147493       -7.1508237246
        5.1628730152        0.0031777137       -2.4473153432
        5.1275554845        4.7177260925        3.8339695037
       -3.6258712865        5.3548875400       11.4462211802
        3.1505457787        3.6819240079       10.1303427033
        7.8701946381       -4.8662989263       -8.9062884736
        0.6686263705        6.2058008814        8.6031342429
       -1.4009752727       10.7609019582        6.4913539106
       -1.1739843155        9.2993334670       -9.3480698608
        1.9540795583        9.7265682856       -0.0799403779
        1.8442424990        5.9416396663       -1.0067137309
       -6.1946616038       -0.3759271408      -11.2018997662
        3.1872358331       -2.9609025984        9.2499778194
        4.8937808054        0.0280492726      -12.2683503904
       -6.5380851186        6.1689802732      -10.1249863588
       -3.5980088756       -4.2541320810       10.3298854622
       -6.0314522974       -5.8848520007       -6.3237338121
       -0.1026507526       13.2504927848        3.8764764403
        9.0110346243        1.6334166378       -7.2783267497
        8.9399357785       -3.1365674936        0.4620458651
       -0.4648438016        3.5430602611       11.1380396251
        4.0902904538        1.2577896459       12.8390293101
       -8.2630538924        8.8232512880       -0.6158846907
      -12.2569882214       -1.7545281798        3.5251756882
      -10.1771440716        4.0971930452        1.2691512617
        1.4500217837      -12.8709456603        1.7367081484
        0.3112857154      -13.6819223073       -1.8432947164
       -4.2637787166        1.1034609622       -5.1992586852
       -7.6814685784        2.6840387943       -4.6807362254
        6.2935770591        8.5187269360       -6.9163471604
       -3.0047825496       -2.6493398009        0.7140821033
        6.9124412286       -4.2547775995        8.9164377573
        7.9788493157        6.8594519215        2.4269806627
       -3.8463902229       10.6216807384       -6.7130828150
       11.1800218321        0.4550206750       -4.3280312311
        8.1516565565       -9.1988752636        2.8969846866
        9.3682022861       -3.3424751387        5.9671543419
        2.5239910084        3.7560672466        1.7014712928
        9.9829247374       -5.8234637557        2.9542583061
       -4.9069216920       10.7357094963       -0.0888861737
        3.5927802702        6.4974903730       -5.5757158314
       10.3344263000       -8.1723426871       -0.1196064175
       -2.5082905520       -9.0877081623       -8.9198472128
        2.5265889938      -12.6869700304       -4.8856263695
      -13.0675574742        3.1936732427       -0.9576016488
        2.9502636889        3.1663390241      -11.4020455619
       -6.4631078784        0.0721609330       -2.2486181723
      -11.0397878053        4.2606078113       -4.0820719270
       -8.7890516105       -6.8133948259       -8.6177032602
       -7.0342295186        0.1825148012       -7.5155681241
        1.2159149544        0.3804843871      -13.4642686351
        2.1201941698        4.5965958749       13.5705087563
       10.1686729882       -5.9734388918       -6.0258372549
       -7.2325611403       -0.5823877303        4.9855625809
       11.6529800433       -2.3885253046        2.9216292638
        4.6014811171       -6.8324636794       -9.5740476612
       -8.4547529659      -10.5131783690        2.3748739233
        0.5045719101       -6.6648104797        0.5429432275
      -11.1346320506        4.6785997068        4.8309717279
       -0.0777924001        6.8325601930       -6.7901487616
        5.7474662282       13.1207264632        2.0169738847
        7.8254845349        2.1046822537       -3.6537751189
        3.9324635356        0.5812654600       -8.7138276217
       -6.3075203726       -1.1530141680        1.3895819702
        1.8052897357        8.7463347576        6.0296281999
       -2.0192790973       -5.3228767727        3.0977673891
       -1.4841016679        2.0122836019       -2.8984883956
       -0.9995569059       -7.9832318669        5.5088416956
        4.5784219340        9.8391863617        8.4432304324
        5.4858970285        2.2674554701        0.3329621471
        6.8039472969        3.8144333827        9.0904654646
        7.0811945261       -6.5211541589        0.5364571931
      -12.5728768592        0.7163774635       -3.8713182043
       -2.8538076985       -4.8300278709        6.7267015070
       10.2943454792        2.5221453182        8.8022918424
       -5.9969951031       -7.1994824834       -2.7035338406
       -0.4791780436       -3.0943515750      -13.3718357274
       -3.6444372069      -10.1407350126        6.9628617916
        1.0066570789        4.3457068375       -4.2466031499
       10.5066611585        4.2288971476       -4.8420379613
       -6.5147333895       -4.2944149871        5.6817480167
       -8.6048676859       -3.2851265881       -7.3203821135
       -3.8647226531        4.5315482353        1.2583920789
       -8.1354177737        5.1565513885       -1.7626047341
       -0.3723621665       -0.4616474191       -0.5725811484
        7.3329486381       10.4369243593       -3.8740829099
       -9.1430634914       -6.4236829378        7.1294693105
       -3.6223944731       11.5801029860        3.4587948799
       -2.4069900655       -5.5551285392       -7.6376134293
       -1.9389641353        0.4635815268        6.2334444159
       -7.7904520225       -3.8705716406      -10.9416494139
        8.6230618009       -0.8738066679        8.8663262225
        8.6741337513        0.6502595226       -0.2258968471
       -1.5011817927       -6.1317832885      -11.2303487549
       -4.8269993361      -11.1404243512        3.4123433734
       -3.6791283315        0.9702788395       -0.0470916337
        3.6132947885       10.5988578804       -5.0357085322
        1.3044443943       -1.5946363603       -7.4186958190
        1.5459448094       -9.3491310919        2.9146189471
        4.6671636066        5.8854394114       -9.2013116055
       -0.3196656124        7.1756515242       12.0293526317
        0.9179921697        6.2592069516      -10.4257851588
        8.4039250593        4.4003143662       -0.8722152738
        2.9976133727       11.0743174012        3.4374477497
       12.1481418655       -4.7912124559       -0.1104435873
        1.9780967258        3.7372894913       -7.8187001426
       -1.2589293960       -0.0765290939        2.8070250626
       -0.1960567975       -2.6833988757        5.1843315476
       -0.8128738187        3.4747473792      -12.4572906260
       -5.9519500021      -11.8987529632       -0.2266177676
       -4.8321190262        3.5667714551       -2.3662978461
        5.8759436387      -10.8632941229       -4.3299190674
        7.7370428066        1.7738175482        6.2026302127
        2.2877439990       -2.1536901433       12.8598974030
        5.7781813981        4.7006505797       12.5798047490
        0.2556487519        0.9400337901       -9.9489684704
        5.5103839484       -3.7473748774      -11.7306953570
      -12.0458645013       -3.0323034424       -3.1076010928
       10.3807085102        6.3155244838        8.3012822640
        9.4129870029        4.8511156282       11.6318349916
        4.0864258298        2.7432857917        6.6724702764
        9.1458165819       -5.4620275803       -2.4447574268
       -6.1510962242       -9.3884621787       -7.5708040141
        5.7487292214       -1.5072922524        0.9345783443
        0.1865483906       -4.7826926511       11.2104247484
      -11.3623427712       -5.4898814099       -6.0130794552
      -11.4452706673        6.7063219941       -1.1230082860
        4.1211810025       -5.4142719181       11.6121305175
       -0.8308997119      -14.4097569072       -5.4009246549
      -11.1013913556       -7.9341554289        1.3176419328
       -5.3568555016       -0.9625159861       11.3129525695
       -9.9090049801       -2.7422316691        6.4913448209
        3.8249034423       -4.8449660381        1.1154987632
        1.6170007062       -5.7644998804        4.0158999918
       11.3333511426        6.5080231818       -1.9973290529
      -10.3501170291        7.7153850276        2.4494263999
       -8.1075617996        6.8800571284        5.4365383689
        9.6429114300       -2.1811822570       -6.7056162790
       -9.3035540831        7.7131768154       -4.1881617898
       -0.7018705158        2.8845087131        0.7688529499
      -10.4911627981        1.7616654122       -6.9949218696
       -7.0468052842        9.7030533178        2.9557719618
       -3.2972576521        1.8755313093       13.1067688761
       -0.3973242686        9.7425535468        2.9267197979
       11.0375226013        0.0747897736        5.9017759096
       -0.5475012554        6.2803528069        1.8875975940
        2.6104554521       -9.2030854555       -3.6511860403
       -7.2925227297       -3.7204002131        9.2597219555
        2.5624605921        0.0644286544        1.3736391209
       -2.1504885647       -8.9372877559        1.9746570884
        2.5691792716        8.9426655887       -8.2384477568
       -1.6523012859        5.4631230032       -1.7383500490
      -12.5597648656       -0.5395479754       -0.1771984135
       -7.3031657343       -9.6103008378        5.9637453814
        2.7903842242        7.4094478257        2.5406352946
        8.2011226879        9.2887371221        7.0236932856
        5.4039056325       -7.6924345185        8.8327103160
       -2.7005617193       11.5440448332       -3.1522977122
       -0.6415358033        1.4852981976       -6.4117735438
       11.8389186144       -3.3152322039       -3.7617139577
        7.7137791517       -6.7772745862        5.9425670843
        3.5934841807       -9.8230554628       -7.2763217876
        0.8639851976        9.8134744672        9.4843173664
       -4.8348707894        8.9174322689        5.9898513155
        3.6923446311      -11.0797114467        8.8288284333
       -0.5636844586       -3.9502316773       -1.7664440910
       -2.8623869302        6.5433012047      -11.3855246944
       11.2185966798        5.1617550425        1.6248863080
        8.2142438913        3.1208227194        2.7245340750
       -4.5456407559        3.1082904021      -11.3445708175
       -0.1396091868       10.6988095264       -6.0209686385
        3.7967369445       -8.4378399589       -0.0636840166
       -9.2064927623       -2.0938558927       -0.8398125968
       -9.7974594934       -0.7576976801       -9.8198134366
        2.1370846969       13.4208682073        0.7509114645
       -8.0371113563       -0.0247285516        8.5772047467
        9.1894741319       -8.9842487580       -3.7444950271
        3.3820181805       -2.3983430207        3.9093482154
       -3.3984960263      -13.2067319509       -2.8305169772
       -1.1304202710      -11.6401392787        4.3836327130
       -5.5227161142       -6.9922419791        8.2262274676
        2.6510214066       -5.7280849447       -2.4415277107
        1.6014131792        5.1797499832        5.1385516283
        0.2737465700       -8.0520911416       -6.5050477862
       10.8903493127        3.8463858825        5.2498267330
        8.3753179703       10.5182681572        3.3932481549
       -1.6369694706        3.5920266924        4.3239181821
        2.5807373904      -12.0069077306        5.3072905823
       -8.1785387010        2.7120346600       -9.9845463046
       11.6067938132        2.7379340669       -1.3745472110
       -2.2677667320       -1.9964646925       -6.3068976744
        7.0803386762      -10.1378821201       -0.7146206463
        5.9939440783       -1.6135056643        6.3636378025
        5.6024316046        3.3291635810       -6.4630981668
        4.8966949205       -7.5104692536        3.4936062952
       -3.2944012269       -9.7015582031       -1.6091372961
       -0.7313901862      -10.9115327412       -4.1664357646
        1.8235526311       -8.0044093487       10.0677394911
       -8.2597545831       -6.9658599913        3.5334751397
        5.5505319402        9.5287434692        1.1167913591
       10.9261495392       10.2097227060       -2.5483970301
        0.1808499360      -11.5600584316       -7.7444355515
       12.4145977958       -7.0527755052       -3.1409706048
