         2.4910954864       -2.8738457943       -1.1639818979
         4.6523022716        1.8206095190        3.7753586437
        -8.4307705280       -9.0513712495       -2.3447679042
         1.4404393476       -4.3978129275        5.7535830665
        -7.3033181454        0.5618245367       10.2835192526
        -7.3377301785        4.5313817921        6.7226409568
         0.5209250514        4.7285962635        0.6053461730
        11.5021781967        1.6415393569        6.5655630026
        -5.5598965978        0.8432523408        1.2733355249
         5.0051905221       -0.8849445720       -2.8250581832
        -9.0904393065       -2.5787660377       -0.5064242420
        -2.0602906038       -3.6030201188      -11.8037656929
         0.0118745466       -0.8908678391        0.5887644241
         4.4573261108       -4.6601812372      -10.5575392429
         3.7405341194       -1.3119590157        5.6858388432
         5.8085474133        4.8693081915        5.4116547321
         7.4396908326       -6.7132188653       -4.9827937248
         1.3123601491      -12.4298559475       -3.1705387999
        -1.2389540427        3.8052262480        4.3688851851
       -10.7426386400        4.6843679800        5.3381348287
         3.6200869681       -6.0981452022        0.2277211738
        -2.1877353113       -3.1319751453        6.0298271924
        -2.4143201690      -13.4174751894       -2.8811097721
         0.1905456996        3.3870346317       -6.3003275005
        -2.5054376639       10.3043935240        1.0358386729
         8.2710978695        8.4530915562       -9.4672742727
         2.6770254021        4.8778093979        7.7309877821
         2.5213252051       -7.5979933846        7.2295090900
         3.2736501725      -10.5388800496        4.9539113900
        -5.7244249373       -2.7576545850        0.8197563081
       -10.9621487805        0.9045096170        5.0651425560
         4.0850733288        4.1108583788        0.9417955893
         9.6899910267       -8.2992151924       -0.2978785151
        -2.2442781027       -6.9922173149       -2.6333301247
        -7.3131365767       -7.0707890462        9.5882019888
        -0.0156125602        9.8840348812        3.8880938766
         1.2484331423        1.8612674686        2.4691506898
         0.7953838115        3.5083328876       -2.7335045710
        10.1738568017       -1.3981246595        4.7876524128
         5.9422129018       -3.0523390168        0.1617388401
         7.9411906879       -4.4930984483        4.8954570091
         1.0307520402      -10.4607613585        1.8667209376
       -10.5760613080       -5.7220430912       -2.1188692437
       -12.1686111347        1.5560202400       -1.5629978748
         3.3843494699       -1.1588607831        1.9848729801
        -3.8983141162        4.1322159370        1.6415615796
         2.7605314636        1.1721846320       -4.8132527049
        -1.2085853094       -3.8211156802       -4.6040934743
        -6.9820605019      -10.1889415579       -5.7233752446
        -7.1624963500        9.5493674464        2.5849733636
         7.4652470176        4.8985556200       -4.4391959966
         3.2903098861        5.1032425674       -4.9396214920
        -4.4522077655       -3.9960135018       -2.6058173250
         2.4883134843       -9.2826987856       -1.4857380695
         0.1735810236       -0.7120844135       -2.9514536431
        -3.7365060635      -10.0990998673       -7.9877169010
         4.3474346125       -1.6157667656       13.0659914670
         7.1688181596       10.3102453951        4.1514897321
         7.4752468900       -1.5729321254       10.8284737850
        -1.1327888364       -6.4059451715        7.6118273609
        -7.5165228042       -6.8146464142        5.8600777763
        -8.6638135225        7.9385810386        5.6791492493
         2.0637826553        7.7217890722        1.8698853716
         6.1273911922       -8.0656060584       -1.6737840706
         3.6122112481       -7.9186438489       -8.6459285984
        -8.5809898835       -4.2166428666       -7.9870343958
        -4.3504472232       12.2341146778       -4.0062847843
        -1.7979970200        9.9577073294       -9.1152980456
         1.7396413853       -4.5785385914        9.4497309401
         4.0591674350       -1.4541415321        9.3879575934
         0.7342054454      -12.5846347968        6.7511398315
        -8.1347427642        2.8333398112        3.3371339885
        -7.1421102194        4.3859516456       10.4203551027
        -3.4745790251        5.6728094866       10.2196562461
         8.0853233794        1.7542354016        5.1487444445
        -2.9111191238      -11.3798619676        7.0839396168
        -4.7453700859       -1.2948620258        8.2101283191
        -6.1995003497        6.1207614409        3.6199527092
         9.0034733756        6.9993217720        3.8138555221
         6.7107097908      -10.7629603222        6.3891584783
        -0.0367171799       -7.2036624338        0.4182078663
        -4.4815974750       -1.4662164401       11.9434396529
        -2.3543775786        0.7553493586        2.8238701586
         9.2499065279        4.7974841253        6.8668188344
        11.9188901829       -5.1251513326       -0.3752021690
        -3.9544776200       -8.1169897057        5.6089698352
        -4.7442920685       -5.0933873039        7.8332493934
        -3.7397489136        5.7352165577        6.4058936443
         2.3082029163        4.9015187053        4.0603263484
         6.0182482047       -7.8060614952        8.7484760730
         1.5260326057        1.7814366501        6.0809505619
        -7.3741449686       -3.2768408663        9.9815266217
         6.1808913203        4.8735756316        9.2300929730
         1.2449593718       11.1739932832        0.4921888938
         7.2484068835      -11.3128926265       -0.2491996201
        -0.0577744061       -9.6798868900        9.1161160945
        -7.5583702872       -3.0764205860        6.1718807227
        -1.2185910108       11.6005541750       -2.2445790390
        -0.2344949554        6.9218833108        6.0256810320
        -4.7007956544       12.3525920912        3.0208463292
        10.1776206239        5.9007974077        0.2631257777
         8.4576632141       -4.9798159619       -1.7352676747
         8.2666724300       -9.5954223045        3.0704436559
        -1.0853623784       -3.9334703508       -0.9989502113
        -5.2421525113      -11.3204284792        3.9735248212
       -10.9500398603       -6.6678437038        4.4483124903
        -8.3681179133       -0.9615339106        3.0227984649
        -0.7705917083        6.6776232886       -7.7479799347
        -0.1262336527        6.6640251108       -4.1552502826
         2.8876738622        6.4445969400       -1.6187505044
         6.7586528928       -1.2828441409        3.3916055729
        -1.4151735269       -6.0996042305        3.8232143870
         4.7976339226       -4.7635895820       -6.8528800155
        -8.3402248119       -4.7013545519        2.6830518352
        -5.7288106368       -7.0771373573       -4.1693049747
       -12.4692826162       -2.2614339475       -1.8842409136
        -2.4569644964       -2.8442452292        2.2966537107
        -4.8356653592        7.5221548921        0.4358682753
         9.8362253223        6.7153332873       -6.4834477736
         8.5740528635        2.8140036588       -1.4062536955
        -0.9781958203      -12.1442848384       -6.2446739553
        -2.6322271696       -9.2861782306        2.1963135622
        -9.7050075461        6.5746579386        2.2763621204
        -0.7350799027       -0.4762066162      -10.0533241297
         6.0256600477        0.8538285979        0.3696479076
        -2.5312326918       -6.9651612942       -6.3004686888
        -7.3681361239        4.6294001289        0.2441805570
         1.9991839901        9.8532389149       -3.0775712473
         7.6768683593        0.8859108635       -8.9218846242
         0.2135871643       -9.0483711762       -4.5730346850
        -4.8830544380       -9.0485794339       -0.9293372327
        -9.6792728801       -0.4369307571       -3.6323764849
         2.5740451695        1.1617866903       -0.8502403911
         5.0277707764        3.0704796883       -2.5647291047
         2.0440457558       -2.6537708526       -8.5587111466
        -7.8142054334       -3.8213811619       -3.9588946446
        -3.1697415433        4.7789371328       -5.1376336721
        -4.1343144462        7.9037427442       -6.4255273600
        -3.6963416784       -1.2515867198       -5.0390665718
         4.5069437872       -4.3291005180        3.4861768447
        -6.2529754638       -7.2958222648       -8.0339196178
        -5.5761382951       -4.3129425623      -10.3469278694
         2.4280188297        8.3441900778       -6.3958158237
         7.4583964941       -2.9100116005       -8.8151995313
         0.7955992390       -5.7992704283      -10.3559807552
        -3.1680695682       -0.9159452614       -1.1538817825
        -0.4169542044        3.4301228565       -9.9139290703
        -2.8434172634        1.7252167440       -7.4520871862
        -1.6173134693       -3.5108119452       13.4318531739
        -1.5145373761        0.3397176308       13.7144414851
         2.0300839114       -4.7328221265       13.1220420703
        -3.7177600877       -8.4283337762        9.4217917368
        -1.8312980103        0.5178815564       10.0652786145
         4.5770593677       11.0822646479        6.9390814585
         1.8322374130        1.6874550020        9.7335998915
         0.6525134031       -1.3822710156        7.9051209337
       -10.1112061047       -1.2395905131        8.1879870651
        -9.9859457798        2.5837399843        8.4570953117
         5.0034100942        1.7657210741        7.5163162290
         2.8265668863       -7.8046306403       10.9362835741
        -0.8442224694       -6.6353706248       11.3553982298
        -0.9712444538        3.7709649147        8.1308161884
         0.1607336954        6.9058649399        9.8085510549
         2.1462804183        1.5462005655       13.3890648417
         5.2268712120       -4.7363997275       10.9876705912
       -10.1289971469       -5.0628538494        7.8743153018
        -1.9125673352       -3.3232381273        9.7515052830
         5.3297361522        1.6535008585       11.2495870255
        11.3736623827       -4.6244931079        6.2955384232
         4.8989489698       -4.5480064910        7.2505874694
        -4.8122478285        2.6156024060        4.7615217281
        10.5704190471       -1.5483196167        8.5312966197
         8.3534831573       -4.6986528029        8.6954106975
         0.3678240022       -1.2360763072        4.2543067429
        -4.4833738129       -5.3073833412       11.5510553816
        -4.3419826387        2.3872613056       12.1186176053
         3.0030844259        4.7968817344       11.4114508290
         8.5982464451       -1.0942101970       -1.6051919088
         7.5366935314        3.9417958386        2.1324835025
         3.5960815270      -10.8169842477        8.6617385277
        -8.8212304238       -9.8866314430        4.2325447597
        -1.6224023103        6.8076777480        2.4004598452
        12.9186937318        0.5192368088        3.0531847271
         9.0684765634       -7.7152148851        6.3616414806
         2.1763825462       -7.3017714747        3.4937859075
         0.9398752990       -1.5155708877       11.5995271473
        -2.7325296438        8.8980746440        8.0617152401
         7.1479966367       -1.4208732243        7.1231402617
         5.8020314661      -12.5577134761        3.0989960847
        -6.5348347067      -10.0923080072        7.3569384080
        -4.6143462894        2.5300152629        8.4378184836
         0.9099056734       10.0409842055        7.6632624939
        12.0713381698        2.6134937224       -0.1290233002
         5.6284189152       -7.5438706105        4.9458210583
        -6.0877426081      -12.1610222040       -2.5634323177
        -1.6278128584       -3.7473025188       -8.1951731703
        -5.7863724786       10.9556364622       -0.7149268640
         3.8185989664        8.0191761180        9.2929800656
        12.1184032542       -1.2518339564       -0.2788435054
        -3.4587093722      -10.0872154794       -4.2800524463
        -9.7612628104       -7.8695629579        1.0469392211
        -2.5472724586        5.3776878753       -1.6008576820
        10.9797867784        3.7636794530        3.4456653443
         8.6409814118       -9.9991549415       -3.5985696037
        -0.3472485761       -9.3545280716        5.3058954949
        -8.8680605922        1.1635760180       -0.0995086946
        -3.7306015179        8.8126890296        4.3123983481
         6.9026829923        7.9363772746        7.0158779627
         6.6150727666        6.1178568358       -0.8860217991
        13.5937141053       -1.5276151170        6.1964385773
        12.8108452326       -3.3364048685        2.9213816567
         7.1291553406       -6.3265332998        1.6161704121
         3.5879157619      -12.5742058975       -0.0448794079
        -3.6485187528       -5.9504659305        0.6972557752
       -11.0645231551       -2.8971408702        4.7744042484
       -10.8403249169        5.1996557511       -1.1381413992
        -6.2284395404        7.5962290328        8.5056527263
        -0.9534206087       13.3930882319        2.5627541628
         1.1238188381       13.2871165619       -4.4881659606
         9.4778132974        0.6844572307        1.6853480616
        10.6068298854       -6.4994042097        3.0129394103
         4.7261333368       -9.3389270807        1.6486606239
        -0.1526459643      -13.5822855359        0.2202247484
        -6.2316657084       -7.9414202180        2.4588423362
       -11.7496992132       -4.5095192778        1.2995953404
        -7.4760618272        0.7172593388        6.4796301243
        -2.2308457894       11.9261320274        5.9070212483
         1.5397581858       12.9315964075        5.3669332248
         9.3801379433       -3.1978683842        1.5287903401
        -1.5753174531      -12.5861218711        3.6710260556
        -4.9456296892       -4.8334393620        4.0670256186
        -0.3624905584        8.1266520000       -0.8555423434
         7.7533008136        9.8727021802       -5.9973012164
         3.7213065708       12.9505186059       -1.6914165977
        11.0657702517        4.7186324605       -3.3231362652
         9.9685229831       -8.6289986588       -6.9020163289
         1.0875051350       -4.1005843756        2.0575999066
         2.1107762942      -13.6806798091        3.3253247701
        -5.0099158858       -4.2292184494       -6.5544617513
       -11.7665030166       -0.7026446561        1.5837809287
        -1.6343434047        2.1400347295       -0.3077901886
         0.3906646653       14.6167657824       -0.8315101166
        10.0695960795       -0.9538173092       -6.6398731447
         7.5212859382        1.0034249421       -4.6265536141
         5.0112088637      -11.2865346069       -3.4142282543
        -7.2592003478       -1.1701622707       -6.4907525238
        -7.4755585580        5.2053262841      -10.1939436342
         1.4462393547       11.5606942563       -7.8221477674
         4.9535653954       -4.7816646143       -3.0522277089
         2.6978980098      -11.0275780006       -6.5113566340
        -4.6450397713      -13.1840787618       -5.9507035255
       -11.4643060193        3.0964951178        1.9060994763
         5.1273058167        6.8236421105      -10.8078316891
         7.5207913581       -2.8610085609       -4.8430795662
        -5.7182429384        1.8186918322       -5.1247661840
       -10.3099802867        5.2446894261       -7.7399777158
        -8.4986288322        3.2040977035       -3.1047197683
        10.0625523041       -4.8110193920       -6.7956451949
         1.3892232500       -5.9482097791       -2.8863548126
        -7.1146316321       -5.9059950335       -0.7528707219
        -8.3230640395        8.1282073858       -0.9290095696
         8.2248596572        9.1768151682        0.6594070313
        11.1509389999       -3.0346179737       -3.5630691345
        -4.2619979919       -1.2684666202       -8.8781633599
        -6.4104375659       -0.6426900368       -2.4129493389
        -1.0509452094        9.8813498686       -5.4760178892
         9.1217321131        7.9873908965       -2.9084989523
        -1.1699735152        3.5238351602      -13.5225886411
         1.5851537087       -2.4980361422      -12.2165796967
        -3.4576493524        1.7617656302      -11.1591193863
        -7.8209484671       -1.1470541899      -10.2846944362
        -1.3490474799       -0.2971296445      -13.6336214309
         5.0578271534       -0.8895926554       -6.8471610041
         7.2660064158       -6.7194773642       -8.7827994169
         5.4141569178        2.9487034697       -6.9406569334
        -9.8830957468        2.1475744459      -10.0255542253
         1.8020197181        1.3459581857      -12.2431091938
         2.4287075115       -2.7651343036       -4.9025737728
        -4.8992405046       -1.2804720619      -12.6232524353
        -7.4862311977      -11.0401476390        0.8316381271
        -0.2627510104       -0.5835985143       -6.4819946617
         4.6849659255       -0.8360563872      -10.6423596947
        11.1777787958        0.8618565256       -3.4392003015
         3.8564967706       -7.9238322229       -4.8195309812
        -3.8561674973      -12.4315740841        0.5477505125
       -12.8566606750        0.1183412276       -5.0771669082
        -2.1633983792        1.7130888131       -3.8037392679
         2.6645780840        5.1284421990       -8.5570047068
         6.3622669052       -9.8681655188       -6.7384620578
       -11.2101668115       -3.5263766007       -5.2305754996
        -9.3427564162        1.9330251153       -6.3958376812
        -5.0249036562        2.6884840664       -1.7264754204
         2.3718849068        1.2315397774       -8.5377933625
        -0.0620387445       -9.0390235647       -8.3670750888
        -1.2158043748      -10.3186968396       -1.2208509789
        -6.7754146576        4.9668170537       -6.4609368036
         7.9773428508        4.6684507163       -9.2041997530
        -0.6665030954        3.6550094268       11.8753880825
         3.3739351607        7.9591041984        5.5927202391
         8.4544590529        1.6717505050        8.9604739383
        -4.9716113454       -1.1491084242        4.4519869093
         1.9833641973        5.1893565116      -12.1929894774
        10.9713325344       -6.8992630509       -3.6590078924
        -9.1858820658       -6.9535132722       -5.4718158040
        -2.8617237236       -6.8842914610       -9.9337500879
        -5.9978458374        6.0516644656       -3.0323175978
         1.1472806101       -5.9124933518       -6.6468353742
        -1.9535021631       13.0863358160       -6.8329435009
        -2.0878450615        0.6350917272        6.4200534580
         3.6671689476       10.7402626133        3.2581449553
        -5.9887782316       10.6546834918        6.2782012428
        -2.0448422998       15.1269445045       -3.6377658883
         2.8809482110       14.1314390385        1.9692817519
         7.0589326016       11.1955980201       -2.4419381510
         5.5649952844        7.2475850412        2.6088997577
         4.5690475211        9.4630527444       -0.2850443564
         6.2323476795       12.4431978089        1.1169363846
        -3.3950109358       13.8107791146       -0.3305183508
         5.3546270432        8.1491787615       -3.7680398758
         4.4275179001       11.5641157901       -5.2600954038
        -3.4810267787        8.7459555789       -2.8490986718
        -6.3758420555        1.9285422372       -8.7544437747
         1.6850934850        8.4533341271      -10.0964486121
         4.8899836974       10.0361260116       -8.6867397276
        -4.5719800549        5.0293534490      -12.5538540987
       -10.7595493620       -1.0382991032       -7.9876319915
        -3.8546806887        4.8941816141       -8.8826166269
        -9.4370955835        6.7148514940       -4.3779537440
        -6.9405375044        2.0023690132      -12.4101908670
        -1.4716992079        6.7714583010      -11.3854643462
        -4.9225762660        8.1312740019      -10.1514473125
         9.9687540285        2.8969430142       -6.5220121512
        -6.8728473639        9.5108585930       -4.2574471927
        -5.1570089371       11.1029585369       -7.5454479173
       -11.9223080437        3.8061285918       -4.5588236176
         5.8450577898        6.7908706279       -7.1397275752
        -7.7917331454        8.2174741606       -7.6794563815
         4.9060435039        2.9980858300      -10.7254203300
