         2.3987708197        8.3965010385       -6.4195139181
         2.5522406695        1.2561464948       -0.8025090427
        -4.9614827939       -4.8851367447        3.9390294986
         1.1110570505       -4.0169780552        2.1076226623
        -7.5788604024        4.3294335179       10.1398760080
        -7.6648394438        4.4380201848        6.4365812960
         4.4729652350        2.0091594238        3.8785654259
         7.8621757209        2.0429758124        5.3558083352
        -2.4729507936        0.7563646474        2.7228611760
         0.0026897967       -0.8509659952        0.5791355011
        -8.9063733973        0.9742604129       -0.3964440655
         2.8599064108        1.2423915174       -4.7568086256
         0.7875913388        3.5543405837       -2.7577643576
         4.8850477428       -4.5898101860      -10.3951489488
         3.5810522905       -1.1312959056        5.7889693094
         6.4673198013        8.2094358907        7.1264789845
         5.9945043188       -2.8592211398        0.3503442061
         1.6126683830       -5.8961929926       -2.8088134334
        -5.0904085777       -1.1992869954        4.2900809201
       -11.0297578746        4.4925550339        4.9491331827
        -0.9702802029       -3.9301031490       -1.0164857880
         4.8974108379       -9.1645084337        1.8519067324
        -0.9316946377      -10.3184005901       -1.1855830716
        -3.1231131740       -0.9626115032       -1.2588088465
        -2.6386816887        5.3334208289       -1.7479739450
        10.0694340976        3.1411062151       -6.2603101373
        -0.3276082417        7.0297266115        9.7259719893
         1.5484662866       -4.4139376692        9.5216655377
         0.8249656002      -12.4901581194        6.8782113277
        -2.4704538147       -2.8496958261        2.2270085980
        -1.6801446920        2.1327148137       -0.3971576082
         9.3848016784        0.9822323438        1.9474224234
         8.6158846197       -4.7348402388       -1.4515935804
        -4.6358207819       -9.1398682017       -1.0144148655
       -10.2502459878       -5.2137629058        7.5908811861
        -1.8760219173        6.8224006665        2.2727594270
         0.3730653143        4.7864479345        0.5607120736
         2.0440377104        5.0318700742        4.0633480305
         8.6517635143       -0.8452891638       -1.3521908038
         4.4907339355       -4.1473978251        3.6419666353
         7.2182686765       -6.0902117373        1.8704898763
         1.2190135914      -10.3823626644        1.9672271485
        -6.1170534526       -8.0386358552        2.3210948687
        -9.0200988808       -2.7747949394       -0.7768591986
         0.2523767258       -1.1532227525        4.2558426198
        -5.0339928830        2.5705876361        4.5698064094
         5.0946720577       -0.7405227571       -2.6833831109
        -0.9853419217       -3.8524694872       -4.6258029042
       -10.3744114146       -5.9705569209       -2.4040564074
        -8.5017125789        7.9368370832       -1.2757863630
         7.4539198204        5.0950689232       -4.2727969443
         3.3029200208        5.1934943724       -4.9040492218
         0.2633356273       -0.6957019420       -2.9579685790
         2.7528711887       -9.1900192275       -1.3445390752
        -2.0878317893        1.6799039193       -3.9046626913
        -4.7037128088       -4.3637174892       -6.6712356478
         3.9708624940       -1.3551045909       13.1862985311
         8.6911201560        7.3035583757        4.0017791770
        11.2738886880       -4.2392545402        6.6601928129
        -0.1102342854       -9.5636646058        9.1798831680
        -8.7096772905      -10.0342827430        4.0326788746
        -9.0406502691        7.7997985683        5.3187062996
         5.2870035365        7.4527233374        2.6905519926
        10.3720645091       -4.5642079442       -6.4620530374
         1.4866552968       -5.8976455570       -6.5758253866
       -10.4872262851       -1.3385313550       -8.3113018238
        -3.6217189138        8.6630828635       -3.0583163172
        -0.4253486047       -0.5381942077      -10.0877265416
         1.4767108554        1.8536212926        9.7493629338
         3.7902081015       -1.2328225902        9.4997084917
        -1.2185940990       -6.3320591038        7.6128119801
        -2.3075254881       -3.0991953229        5.9692363960
        -4.7827798130        2.4171789669       11.9408216057
        -1.3277833846        3.8511829523        8.0452652128
         6.9445205022       -1.1394986683        7.3295040506
        -2.8568941898      -11.3534759498        7.0769042728
        -4.8206485904       -1.4399863677       11.7962086675
        -7.7007179699        0.6198651615        6.2252402467
         4.7106459975        1.9945727566        7.6279136621
         5.9282739610       -7.5363252166        8.9803175506
        -1.3935459842       -6.0650119825        3.8147783218
        -2.1411662410       -3.2507186463        9.6993674190
        -1.4801303512        3.8452015731        4.2782864056
         5.4996200190        5.1016020164        5.5196371626
        10.6552785742       -6.1600733123        3.3731888620
        -3.9357987883       -8.1295674878        5.5405729253
        -4.8679127767       -5.1084342717        7.7123789685
        -4.0901209436        5.7301417728        6.2196318816
         1.1118879692        1.9504087697        2.4693261125
         6.7832024250      -10.5114935798        6.6819327133
         0.4291165984       -1.2610014225        7.9143204104
        -4.9747765562       -1.3079314576        8.0551720364
         1.2800858969        1.9079094770        6.0885976108
         7.9540230353        9.4359378224        0.8046669391
         2.2345077678       -7.1747194211        3.6039002674
        -0.2952117466       -9.2809397453        5.3613641224
        -8.4470552152       -1.1110733471        2.7586105715
         3.9376138454        4.2616163373        1.0081334579
        -0.6070698836        7.0033980922        5.9341115725
        -5.1152710843       12.2911633280        2.7425630943
         7.3523859559        4.1938582234        2.3062543942
        12.0365301871       -4.7796796681        0.0143954855
         9.8872575858       -8.0092623538        0.0523899188
         0.1174271048       -7.1616501653        0.4620524952
        -5.0891504142      -11.3785740507        3.8955532113
        -9.6035128387       -8.0694792428        0.8034436977
        -5.6338094468        0.7516303712        1.0786102860
        -6.0619263490        5.9043533678       -3.2875427682
         5.0076338950        3.2173763071       -2.4575351109
        -0.5535276983        8.1452863922       -0.9581206605
         8.5216848980        3.0638285245       -1.1882859302
         3.3355736154       -1.0186468140        2.0788461636
         5.1497719729       -4.6384235779       -2.8771475120
        -1.9995405431       -7.0302542615       -2.6575741708
        -6.9529410390       -6.0533442273       -0.9315424117
       -12.3619001906       -2.5583343776       -2.2590071302
        -5.6925950058       -2.8558756797        0.6513596283
        -6.4680682360        6.0262484454        3.3536399443
         2.7634539327        6.5482693056       -1.6062702686
         5.9715059207        1.0506069070        0.5257545382
        -0.4916030357      -12.1781115862       -6.1821948666
        -2.4770334370       -9.2947677975        2.1803253942
        -5.0400491530        2.5800883628       -1.9205109324
         4.0640808777       -7.8547269459       -8.4806400142
         3.7493041260       -5.9637349587        0.3735674213
        -4.1397126681      -13.3080407110       -5.9912632081
        -9.9418307215        6.3767365491        1.9008450267
         0.9059388071       13.3103113528       -4.5971178125
        10.2736306578       -0.7066499281       -6.3398609837
         0.5694043944       -9.0391517794       -4.5026280793
        -4.2834081521       -4.0878131901       -2.7186398881
        -9.5679436057       -0.6748618328       -3.9396983842
         0.2943625018        3.3883608064       -6.3427932353
         5.2710903644       -0.7743261174       -6.7011328857
         2.3596464148       -2.6312850640       -8.4892388823
        -1.2921451482       -3.8175434307       -8.2294055444
        -7.0297180536       -1.3648101881       -6.7068874287
        -0.7117968994        6.6366787038       -7.8523669501
        -0.0609989696       -0.6035786031       -6.5026535715
         2.5827911038       -2.7810580478       -1.0817939046
        -2.1728416260       -7.0431719831       -6.3333611210
        -2.6590443476        1.6404924858       -7.5707254846
        -0.1764613167        6.6703028438       -4.2395611743
         7.6145462501        1.2002289302       -4.4232668254
         1.2508884806       -5.8233287950      -10.2951332180
        -3.5118118810       -1.3372771362       -5.1462365390
        -3.9607403940       -1.4026869727       -8.9992315252
         2.5875463764        1.2635451490       -8.4931502859
        -1.9536084145       -3.3985305449       13.3886175808
         0.6077478394       -1.3539926157       11.6169126907
         1.7306782550       -4.5280583252       13.2031940815
        -4.7150823333       -5.2836495338       11.4384998444
        -1.1347623568        3.7758626507       11.7973646830
         4.0669881341       11.2937459065        6.9526582318
         8.1168852647        2.0017395542        9.1769954553
         2.4734605285       -7.4315963476        7.3602394629
        -7.6060065756       -3.3404687881        9.7640916396
        -4.9462611892        2.5211476335        8.2521053236
         5.7560066869        5.1466093099        9.3468732945
         2.6695724243       -7.5957416841       11.0743677689
        -1.0397936745       -6.5204328913       11.3657657965
        -3.9408634271        5.7076569399       10.0389752543
         2.5168256245        5.0065628645       11.4320676770
         4.9257289122        1.9224238685       11.3700975868
         4.9904587714       -4.4698647496       11.1647945069
        -7.4385720536       -7.1350965282        9.4068300810
        -2.1649952686        0.5945971423        9.9813441123
         7.1628128514       -1.2517405267       11.0439573515
        10.3246947641       -1.1667265897        8.8418677459
         4.7718270377       -4.3241861373        7.4175376592
        -2.3139554587        0.6732787054        6.3281778970
         1.6826689034        1.7522574844       13.4138928700
         8.1837977477       -4.3717027264        8.9674004255
         1.3582899234       -4.2747970997        5.8159516815
        -3.8071086351       -8.4025713219        9.3616384260
       -10.3153630922        2.4389863138        8.1085971878
         2.3003257687        5.0478877362        7.7428711657
         6.6665580031       -1.0428752570        3.5873417546
         9.9979623197        6.2059449648        0.4995910139
         3.3628776540      -10.3580216310        5.1196264792
       -10.9264955876       -6.8697206993        4.1564313735
        -6.4580190387       10.5897949651        5.9755478306
        11.2357071034        2.0304169373        6.8769502410
         7.8834527969       -4.2086345605        5.1556074155
         3.5896530551      -10.6183440422        8.8764060277
       -10.3372916485       -1.3886591616        7.8709863206
        -3.2152254104        8.9332813696        7.8742917351
         8.8956253704        5.1300671467        7.0788882172
         6.0232630796      -12.3610728463        3.3618795964
        -6.5174854237      -10.1547672123        7.2273161663
        -7.6401723973        0.5012957388       10.0338430567
         0.4071669992       10.1660402044        7.5752360152
        11.9823988118        2.9631503610        0.1956035984
         8.3947289850       -9.3148550880        3.3875407337
        -3.5704180979      -12.4833095136        0.5226812667
        -8.4825303558        2.9936556989       -3.4073375895
        -2.8073533125       10.2828238183        0.8472224493
         3.3145162046        8.2306594614        9.3087752803
         9.3914640107       -2.9037432200        1.8222753363
        -1.9997855036      -13.4601198846       -2.8538959851
        -8.3147770813       -4.8513551839        2.4527253010
         1.8297120840        9.9160141458       -3.1258402460
        10.7561945638        4.1143851419        3.7242405034
         8.9848929347       -9.7613123548       -3.2646419159
        -7.6795169258       -3.1769818681        5.9489918252
       -11.1470817013        0.7054280930        4.7052649984
        -0.3956137867        9.9528571327        3.7760454077
         6.7635669257       10.5695783897        4.2524202500
         6.8316856645       11.3992889760       -2.3502100898
        13.4167247070       -1.0872155324        6.6004340821
        12.7804001581       -2.9420561576        3.3198499416
         5.6532830529       -7.3182723660        5.1665699031
         3.8899478170      -12.4400613650        0.1557605479
        -3.5317243867       -5.9980276393        0.6207184380
       -11.1458487370       -3.1002890968        4.4453690757
       -11.6097264589        2.8551261874        1.5129051741
        -6.6886200795        7.5456946028        8.2241759902
         2.4450517261       14.2583904166        1.9035178811
        -3.7464188423       13.7522992108       -0.5815711465
        12.7856839740        0.9163221352        3.4201533175
         9.0480805538       -7.3880934834        6.6853996192
         7.5246623980      -11.0844094875        0.0499970779
         0.1669363974      -13.5432900275        0.3146975949
        -7.2413299491      -11.1820403305        0.6843480114
       -11.6838177818       -4.7595431966        0.9654348264
        -8.3182657170        2.6909826026        3.0453643276
        -2.7244601757       11.9541082988        5.7059841512
         1.0337731008       13.0527943132        5.2715810243
        12.1324213817       -0.9012617552        0.0820479598
         2.3356399897      -13.5844723772        3.4875097645
        -7.5351344771       -6.9157069619        5.6717419785
        -7.4924098552        4.4755006608       -0.0397264371
         7.6679733965       10.0655667823       -5.8709207965
        -1.1451694060        9.8498282590       -5.6205125485
        11.0214601222        5.0162891490       -3.0463278716
        10.3787853529       -8.3842709376       -6.5374259400
         6.3639740022       -7.8786387831       -1.4348490248
        -1.3853044307      -12.5539356145        3.7155235020
        -5.4314983488       -7.2151696391       -4.2915522331
       -11.8060872886       -0.9527930366        1.2157512920
       -12.1699379957        1.2666846777       -1.9621530425
        -1.3835811488       13.4247534187        2.3881438401
         5.5330694105        3.0717577771       -6.8201460058
        11.2349298242        1.1627563902       -3.1236863824
         5.3843832925      -11.1423639568       -3.1784961679
        -7.6067819643       -4.0130047635       -4.1742901777
        -7.7747924307        7.9920102369       -8.0116976528
         4.2771133425       11.6730825531       -5.2521156078
         2.6315344616       -2.7030946259       -4.8213699941
         1.7091892443      -12.3795983006       -3.0373147153
        -3.0833503651      -10.1685253947       -4.3134337776
       -10.9350773802        4.9414865065       -1.5320364427
         8.3287400449        8.6281506506       -9.3096145665
         7.6877747571       -6.5608512301       -8.5164317300
        -6.5557201598      -10.3702494053       -5.8595355419
        -9.1908576136        1.6813530820       -6.7120514483
        -4.1469522787        7.7889055259       -6.6488600429
         7.7210036685       -2.6656717377       -4.6055692235
         4.1883333797       -7.8222480382       -4.6484628354
        -8.1380675963       -9.2445960197       -2.5357053850
        -7.4858488262        9.4192065376        2.2562302062
         4.3241653045        9.6196720268       -0.2522361410
        11.3128176138       -2.7345637425       -3.2134586122
        -8.2277216425       -4.4573166070       -8.2144098830
        -6.3323846886       -0.7838327145       -2.6206336492
        -4.5460281431       12.1170330475       -4.2742015003
         8.9871369037        8.2399677153       -2.7229461328
        -0.2076492565        3.3810995826       -9.9746770907
         2.0122190361       -2.5163087648      -12.1611920996
        -0.8552619099        3.4227524307      -13.6056694601
        -4.4828899618       -1.4692040466      -12.7633476240
        -0.9333208295       -0.4031891903      -13.6858121143
         7.9071878342        1.0516388609       -8.7116322862
         7.7435040548       -6.5188820538       -4.7139346739
         5.1102655890       -4.6549095948       -6.6806794051
        -9.6314636261        1.8478070344      -10.3576251711
        -1.7866212381        9.8746994573       -9.2822367421
         5.0158189119       -0.7610806023      -10.5066475156
        -1.6118247565       -3.7144547946      -11.8505731867
        -5.8215265247       -7.4748824472       -8.1647363699
        -6.1575846747        1.7364376434       -8.9803192833
         2.1298925627        1.3325787392      -12.2155797067
         8.1211018540        4.8385014473       -9.0211654665
         3.1625648802      -10.9691422991       -6.3463520288
        -5.7107114066      -12.2943993530       -2.6574961960
       -12.7127745852       -0.2174834065       -5.4839402125
        -3.1387345229        4.7042283655       -5.2993792829
         2.7859393411        5.1708638576       -8.5411399585
         6.8017341340       -9.7156290749       -6.4722339930
        -8.8482826284       -7.1922673385       -5.7019039999
       -11.8760679258        3.4928214205       -4.9710869813
        -5.6035151978        1.6779893293       -5.3329168105
         7.7825034753       -2.7478340291       -8.5758324313
        -5.1463590700       -4.4945323654      -10.4775347747
        -3.2446845811      -10.2201004065       -8.0288798614
        -6.7068293639        4.7828274697       -6.7315252438
         5.8764021064        6.9254116438       -7.0422606114
        -1.9549960665        0.4556884373       13.6402416660
         2.9839921047        8.1302343354        5.5976626401
        10.0391716624       -1.0574359868        5.0872824763
        -4.0547048858        4.0812775648        1.4646807624
         5.1417440461        3.0773550255      -10.6194928641
        11.2361741812       -6.6033878357       -3.2806273023
        -2.3875788043       -7.0011694938       -9.9768203868
        -7.4768428682       -1.3909351739      -10.5161569195
        -6.0455342166       10.8301479781       -1.0143780974
         0.4130641880       -9.0689009284       -8.3038716717
        -2.0920170873       13.0165219121       -7.0364451377
        -5.0415830100        7.4343217986        0.1992664633
         3.2812635199       10.9009368343        3.2490289161
        -4.0944000138        8.7887416622        4.0978511476
         0.0298309294       14.6524303296       -0.9768094517
         0.9337387105       11.2457609439        0.4063885939
         6.4696758286        6.3217765180       -0.7595035638
         1.7999399838        7.8295398869        1.8418808786
         5.8648603795       12.6537434123        1.1709574466
         3.4276415268       13.0693977862       -1.7190544844
        -2.3324787507       15.0738318256       -3.8595004519
         5.2481695223        8.2990880279       -3.6987222585
         1.3762796357       11.5725153164       -7.9074552448
        -1.4575041770       11.5818543472       -2.4062509687
        -7.3026944927        4.9674614224      -10.4860240487
         5.2702885773        6.9078845890      -10.7322277083
         4.8850000738       10.1307897208       -8.6497136010
        -4.3246707276        4.8469598195      -12.7562993894
       -10.9682008842       -3.8188467693       -5.5531062901
        -3.1656224362        1.6245316005      -11.2937636689
       -10.2092969132        4.9516383896       -8.1166378590
        -6.6151318224        1.7590610258      -12.6510702978
        -1.3071664628        6.6795571800      -11.5105604344
        -3.7146542855        4.7660580539       -9.0646125036
         9.8402266127        6.9549455085       -6.2614789000
        -6.9890803386        9.3283533089       -4.5737888050
        -4.8313046801        7.9610235125      -10.3976786856
        -9.4753319902        6.4670237554       -4.7426609454
         1.7656015072        8.4541367213      -10.1432087786
        -5.2235090275       10.9482708318       -7.8281885512
         2.2125737289        5.1810928042      -12.1973513437
         4.4830945812      -13.5586238115        6.6342087046
