        -4.6550582622       -6.4252027206       10.9400049386
        -7.6764865637        1.5753249561        7.0486664971
        -6.8362946471        6.3934494983       -0.0396877366
        -1.9931048327       -7.0943600562      -10.4543529862
       -10.2003142857       -3.5133872967        2.5240929539
        -7.6453771246       -7.8450943541       -3.4288252021
        -3.8222348559       -9.5205717421       -7.8808418879
       -13.2594216986       -0.9179744321        3.3240284034
        -5.7031280430       -5.5763846837       -5.6695430657
        -4.4043591122        3.5610149336       -0.9800326025
       -12.6542934036        1.8163651910        5.9617503112
        -9.6897075351        3.8549544492        0.4578304766
         1.4383261047       -2.4380703659        5.1182253104
        -3.4557141608        6.9439602046        9.6103601310
        -2.6867144757        6.1186357215      -10.3837502966
         2.1127146383      -11.1936564574       -5.4737826324
        -9.2212363185       -4.5202195960       -4.0993539236
        -7.2830181491        6.2384383857        9.5045769020
       -13.5165157589       -3.5658583344        0.6595828075
        -3.3085901955        6.0156000547        5.9326227719
        -6.9651450836        5.1661995791        5.9465376009
        -7.9855803970        2.6475914200       10.6780820746
         4.2658549698        0.1165213356        4.8110404499
       -13.8209662209       -2.3907312019       -3.0820799316
         1.6041115999       -2.9113600693        1.5441767815
        -9.6228270322        2.8347847149        4.1955796495
        -0.9974888961        3.3973644995        4.6601349252
        -1.0935557603        2.5826884764        0.9676468821
        12.2733114249        3.4231162380        2.5391795892
         1.8313111091       -6.7570692111      -10.4885221097
        -2.6435517659        1.8470660932       11.3164314324
         1.1057469599       -1.6681665900       12.4509587464
        -8.5426213337       -0.9654311304       11.8319669611
         1.0491212337       -0.4405289114       -4.0802457179
        -2.0442696670       11.7032311484       -5.5760486151
       -12.3718775801       -4.3593593203       -6.0288951856
       -10.8355357309       -7.7055757339       -5.2888517088
        11.9497107094       -6.0960503987        0.4702023562
         9.2135392532       -8.8004875357        0.8293418363
        -7.1369558706        0.0839479247        3.4314194879
        -1.4088230588      -11.8787125054        1.2715860277
         3.6969971637       -5.5834984509        0.2705980777
        12.9131413700       -3.8706219496        3.5017945445
         7.5351152653        6.2982341804        7.5270678425
         7.4878945435        5.7161249283        3.7433783539
         7.1780953264        1.7570269389       -7.7084089917
        -8.2845890116        0.7981849331       -9.4755556694
        -9.4952734248       -6.7877146836        4.3747728579
        -4.1463223605        1.0515744751        1.7111223211
         4.2303797218      -11.3949022554       -2.2166766835
        -4.5243415887        2.5132670212        5.1323919206
        -8.8055702828        4.3144183524       -8.0449079301
         6.0057359656      -10.8378696225       -5.5352339727
         3.5565754352       -4.0925454086      -12.7342289104
         3.6528707969        6.7823924441      -10.2898006033
         2.0754567544        8.8482265373        3.2216813239
         7.2672405143        0.7404077634       -0.5627327122
         0.2792114370       -8.8734075916        2.4355819243
        -7.5294161213       -3.6732990322        5.1179852591
        -3.5168791592       -4.7269317389        0.3223288903
         6.5707996335       -2.5219205398      -10.9728578847
         0.5530449389        5.5809474383       -8.3987980675
         1.0430538361        1.5916237766      -13.5769350110
         1.1810231157       -0.9089999281       -7.7006026188
         8.7017888876       -4.6706262028       -8.5740079295
        -4.5743733385       -2.6460446382        3.1319817027
         5.6566148008       -6.2550964007      -10.3729881546
         4.0370369877        3.2466584663      -11.8464645021
         9.3304257829       -0.3925115810       -5.2984310696
        -0.2366221863       -4.5212705972      -12.8417093421
        -1.8107147361       -0.9601013391      -13.2962268080
        -3.6257424771       -3.6804609458      -11.4237873111
         0.9362235416        2.0935403549       -9.9218328003
        11.8147533260        6.4372844500       -4.5655481635
         4.2506903462        0.1698699580       -9.5794117331
         1.6385356179       -6.1404332921       -6.7728478070
        -3.5354628858      -11.7386709832       -1.9468192191
        -6.5158696603       -5.7972562108        2.2825502209
         5.3516872216       -5.0951644071       -3.0134642935
         3.9141563344        3.7268446812       -8.1207015344
        -7.6161602320        3.9434603111       -2.8859936308
       -10.8524618942        4.1262695653       -4.7826866052
        -1.7947105123       -8.7496247451       -0.8606852478
         7.3202277729        1.2629870549      -11.3911724887
        -5.9293766913        6.9975184124       -8.4573204748
        -4.7534649804        6.4275289968       -3.2865687260
       -11.5046341804        1.5086735827       -7.4849397116
         9.8322671625      -10.4140477292       -5.5550654299
        -2.1322407970        0.8546024515       -2.1412026620
       -10.4839638763       -2.0558083304       -8.4470661988
        -2.5494140492       -5.7225010675       -3.0718484872
         6.2283595441       -1.4789676622       -3.5214528211
         7.4127424143       -9.1920145337        4.2170918663
         2.1037126391        9.1405309291       -3.4705768353
        -9.3537490142        9.1721614939        0.7602542634
        -4.0419826225       -2.3940037456       -4.3101395284
         3.7309471623       -8.1372868474       -4.2631042662
         9.8922899772        6.4059870718       -7.9305148608
         5.8649720903        9.1287423386        3.1724782941
        -3.9637468938       11.2697856954       -2.2527598970
        -3.6116763828        8.1756794190       -0.0894657532
        -4.4708980849       -1.3958586836       -0.9143073693
         6.9982299668        2.2138384864       -4.0035360541
        -8.9769376373       -5.7430434338       -0.4494628355
         7.6086146673       -7.7348862221       -4.2646769828
        10.7143402850        5.3144621467        5.5548462529
         8.5675367541        8.4807445517       -4.9556862044
         6.9972778867        4.8575532196       -9.9470589215
        10.5031065363        0.3160082948        1.2122575929
        -5.0733566312        4.5959916198       12.2162517615
       -12.1553902233        5.5147452369        4.9297020218
        -0.1053533022       -5.7572889734        0.2242658839
         5.8840693891       -8.2425151424       -0.9656391130
         2.0828086758        9.6363083297        6.9976733838
        -1.7373596709        8.6286942645       -3.4484157525
        -0.4414662840       -3.9800314321       -9.2063716761
        -2.0099532102       -0.0693385524        4.3336389425
        -5.0639697583       -0.0335845391      -11.4394145170
        -7.1813129938      -11.0030382192       -1.5624795868
        -1.9324171914       -0.4500760142       -9.6021975140
         9.0508779188        2.2635005914        4.2598073477
         4.2421777053        6.0668941771        1.8962340688
        13.5913960780        1.4146030052       -0.5273565417
        10.2537373627        2.8610752989       -9.4841557380
       -10.0995696040        6.6674853295       -2.0160767898
        -7.5977313209       -1.3264944511       -2.9006762400
        -2.2539264521       -6.4282601017       -6.7787653907
         1.3158672213       -1.4296901369      -11.3848338531
        -5.3221013978       -7.8747976833       -0.6328757740
        -1.5729904710       -5.3692029128        8.8252381975
        12.2726194336        1.8352521776        6.0538001828
        11.6093025630       -3.0253416584       -6.5943055723
         1.1617110375        0.5622002492        2.9949415595
         0.1618270374        8.8395961851       -0.1116517529
         1.7613406570       12.0187281968        1.1166606941
        -5.5971812428        4.0381124356       -6.2341314484
        -7.1810950569       -6.5709489053        7.6116996946
         1.2708529914       -2.1170677494        8.7768508040
         3.2664046597       -3.0487701364       -5.4090298910
         0.4929911352        5.9706497566       -4.6575438199
         0.3265439342      -11.6917274346       -2.1388420725
        -4.2722464430       -5.5037244065        5.5222398729
         2.2875149079       -8.5255726406        9.4318615283
        10.6889164567        6.9219815056        2.0207182899
         0.4387025479        7.2977243969        9.5269933256
        -5.2205268333        1.1676054200       -3.8931099472
         0.6750594354      -11.9955993632        4.5063223873
         8.5180781955       -4.0905733869       -4.8042563536
         0.8384028456        2.5763373664       -6.2396783554
         5.8914069596        9.7486667308        6.8858490329
         2.6124063257        3.0468172833        0.6294685803
        -8.2722026730       -1.9245952920        8.2765246450
        13.1281063354        4.4360210580       -7.5400955658
         9.6743665642       -3.4462248597        1.7163111853
        -1.1013743714        4.1786141723        8.4380425530
       -10.2412071663        0.1759954896        1.4902557615
        -4.9713206576       -3.6806883662        8.6367904926
         3.0899647377       -2.5367039515       -1.7635507210
         9.0015799082        3.8278386344        0.7419302500
         5.2164202059       10.4045214398       -5.2925065573
       -10.7967526148        0.6267544629        9.0158223339
        -1.8558663766       -2.7252806163        6.5825442179
         7.4154814091       -0.3093799931        6.6466653205
        10.4199953077        8.4047988149       -1.5539267957
         4.4915866357      -11.6497122219        4.4752558112
        -5.4800831838       -0.0176744666        9.8072799281
        -6.1224829268       -8.6975996846        4.6338538875
        10.5602172817       -1.2144116464        4.7088935683
         4.1291299053        0.5815964555        8.4679471682
        -7.3378041966       -2.4735197367        0.7709362281
         2.3823494695        6.1054616400       -1.3839345158
        -9.4759925795        7.7704520978        6.7266463060
         1.6293792842       -5.1705484644       10.9860298490
         4.2508817966        6.6915482647        5.5975811317
         2.4000047941        4.5293164499       11.5081907431
       -10.0774027429       -0.9057892253        5.2571931227
         6.2994412623      -11.3192368266        1.1150003397
         7.3710494541       -0.7770566022        2.9016776469
        -1.2495136509        5.0936762815       12.1511387820
         3.7045568362       11.9440300072        4.4463585739
        -2.2901592993       -0.8028782936       13.8587257714
         0.4874173747        5.7321189664        2.0184749140
        -0.1747995448       11.5328123432        4.4340118021
         5.8001776836        3.6960101249        9.9067548987
       -11.5574844180        9.1329830649        3.8698516836
        -3.1568596858       -7.6085988885        2.5007054120
         1.8201941295       -5.4812988184        7.2919283006
        -2.3781559849        0.8702639289        7.7831299566
        10.2181871390       -6.5713588676        3.8934695245
        -5.6962071704        0.9496407782       13.3611549358
         0.5136200042        1.9325922341       13.6904145393
       -13.4218348242        0.2102372579       -0.4245979919
        -4.8384240141        3.5656401734        8.6596695196
        -4.0864177615       10.9730689023        4.3902201653
        -3.2663842329        5.1187470215        2.1955737064
        -5.5737183434        3.5069569202      -10.0260428884
        -5.4734727769       -6.2899468657       -9.2416509110
         1.4159881317       -5.4326185617       -3.0622841583
        -5.6852511449      -11.7239789630       -5.1543869638
        -2.0363224715        0.1691460213       -5.8514456255
         0.0226674744       -9.2512819897       -8.0053620535
         8.7491249635        5.3215676754       -2.7965930427
        11.9042133493       -4.5946178419       -3.0835552943
         3.5288324951        7.1859022411       -6.4881582536
         3.9981479382        9.1971259804       -0.1420827430
         0.9124611818        0.0117845763       -0.5228156112
        -5.1357503794        0.4929985499       -7.6859266224
         4.1055371619        0.6591384017       -5.9047983092
         3.4111154468       -3.5836707435       -9.0755143252
        -2.1195899001       11.5118007248        1.1110123394
        -2.7262511361        6.5855937918       -6.5976510274
       -12.2764974306       -5.7236184640       -2.3051465434
        -4.9781531815      -10.7708792383        1.5664781656
         3.9050898065       -8.8574641519       -8.0337232854
         3.7925277674        4.1530768515       -4.3643648915
        -8.3302735134        1.4162089051       -5.7054407227
       -10.5895513973       -9.0301035962       -1.5950559378
         8.6889684763       -5.6308121659       -1.2834974512
        -6.0588909714       -4.5935039361       -2.1852518195
       -13.4452587831        1.2840685314       -4.1762457186
        -1.3482199687       -4.4634683774        3.4792466969
        10.9297808591       -8.2930887043       -2.5609925222
         9.5344584439       -0.9121322053       -9.0777644662
         5.4799029740        7.3173251892       -3.1677281066
        -7.1603451037        1.1993651309       -0.3197341156
       -12.8712364554        2.8475009172        2.2562674804
        -7.3808725086       -8.7713673763       -6.9440156869
        -9.3454921446      -11.0548694150       -4.6064253367
        -2.7621051844      -10.5151776680        4.7002394448
        -2.0765015786       -1.7773582129       10.2339715466
        -3.8246627309       -8.4143187380        7.8617770728
        -0.1540123186       11.9241569541       -2.2331422421
        -0.1133749980       12.0343260113       -8.8575156339
         7.3458241281        7.2583307449        0.1902337417
        -1.3834943739        5.5666768985       -1.2634181279
        -5.7107792595        8.6634874706        6.9736785750
        -8.0914766785       -4.6489271736       10.6899952099
         2.4524805372      -11.7589340812        1.1475014947
         6.4209140174       -1.9957144330       -7.2548484043
        -5.1523043710       -0.9937823223        6.2581800947
         5.6849681355        4.1751324863       -1.0578427061
        13.7235889279       -0.1152815013        3.0007477281
        -7.1350446961        9.2110663562       -2.3327247450
         8.0832284639      -10.9074291615       -2.2404022165
       -12.1909808116        6.5193750705        1.2053763143
        -0.9466500268       -2.7668794707       -2.0172449779
         0.6515442496        5.1167544018      -12.0856735947
         5.5165955898       -5.6912470358       -6.6991837700
         7.3053449061        0.1670294473       10.3264360442
         2.6682821644        3.6173776073        4.2914408460
       -10.1503367922        4.1982404898        7.8535157880
       -13.0346366742       -1.8669314679        7.0625220831
        12.8982243874       -2.3716106408       -0.0414041200
         9.6037403180       -1.9262970637       -1.8036786982
        -6.5606643828        3.7394225619        2.4082547331
       -10.2838499324        1.3135505031       -2.2579926693
        -0.5564461172      -10.3376967773        7.7981855139
         4.6371392980       -2.9327055398        7.0426807083
         6.5774694440        8.3370891427       -8.2789722351
         3.9678803357        1.1024328612       -2.2575361052
        -9.0103562365        6.4760716151        3.1887662288
         6.9623391543       -6.0975724073        2.0959807953
        13.7818880393       -1.6324414547        6.4925235370
         5.0739498102       -5.9901061204        9.2193651209
         4.7265366133       -3.3571092601        3.3180035171
       -10.6031098407       -2.4040668254       -1.1846685308
         3.9323995074        1.0466571824       12.1122317530
         9.1070278469        2.7960169675        8.0604475060
         5.8778419006        3.2152638301        6.2018202499
        -1.7524011077        8.3621045511        3.2726278284
        -2.8882499324        2.9264881852       14.8670989553
         0.7724921847        1.3716287975       10.1320817738
         8.9835183587       10.3368223021        1.4586761834
         4.4948070381       -2.4995730608       10.7462514037
        -7.0475714922       -2.8577614707       -9.9433761548
         0.2673658716        8.6144153088      -10.5158992127
        -8.9341833697       -5.4014472432       -7.7044203116
        -0.1841828686       -8.4580614106       -4.2419524977
         6.4148256486       -2.9886054388       -0.0618709049
        10.0594350972        3.3300638368       -5.7624850574
        -7.9402998529       10.2101664327        4.2266069188
        -5.0497607113        9.3746876147       -5.5107860536
         8.3085426418       -6.8784867589        7.2478810197
         5.1153207529       -6.4128651279        5.4498674312
         2.5485700022        4.0949955671        7.9083923627
         9.1299298108        8.7835146971        5.0168128876
         6.8311611982        5.2936039803       -6.1544763929
        -3.0187540512        9.5829414323       -8.7345925784
        -2.2805183741        2.5943922658      -11.9004558942
         7.7514481546       -8.3642658000       -7.9690456477
        10.3377597109        1.8372012092       -2.2883314460
        -1.1794304030       -8.1596359973       10.9238975150
         3.2316124628       10.2236862287       -8.5964757349
        -4.0992632944       -8.7010767462       -4.1638022941
       -10.4611599489       -4.6653317310        7.2723027186
         7.1401270225       10.4442511839       -1.9263182628
         5.6325887733       12.2758144970        1.1162056682
        -2.3631208972        3.1039851145       -8.1686781325
       -10.7813660562       -1.2089353828       -4.8882482290
        -7.3016724398       -2.1772589849       -6.3889407819
        -3.8610023250       -3.0821974797       -7.8435460328
        10.7590391040       -6.7528104683       -6.0894932942
         7.8804140545       -3.8288942378        5.1209722026
        10.6135234740       -0.7276221679        8.4522466557
        -1.8157083492        9.2672546758        7.0315554339
        13.4003741449        2.9385651954       -4.0534398233
         4.2045438344        7.1657955680        9.2499558004
         0.9911056381        0.9614410890        6.5710344225
        -1.7303977810       -4.5404608854       12.5440358605
        -1.0137526541       -7.3210950410        5.7076597793
         4.1995449042       -0.3452287418        1.1226924459
         0.7811772346        2.9915071227       -2.5819766670
        11.0773024808       -4.2571749527        6.9009434053
         7.8660624984       -3.3787605068        8.9025101124
         3.7181779468       12.2555548605       -2.2282831762
         4.1161753272       -8.6154861268        2.3866523765
         4.3565554407       -0.3421817447      -13.2385875524
        12.4049693613        0.7157473132       -7.0819629522
       -12.8501717154        3.9116159781       -1.4861041124
       -11.8341407725       -6.8868963823        1.4250006761
         2.2940664598       -8.9263591385        5.7359009141
        12.1200535197        4.9644170823       -1.0155281709
        -8.0095580506        6.8317617331       -5.2391810184
        -5.9251578629       10.7399582630        1.0235173541
        -5.5342694589        7.6749450626        3.2727349708
         7.5080504655       12.1931290211        4.4439201344
        12.7294531571       -0.8354717448       -3.5819858640
        -5.1633822319       -2.7933086469       12.3084066180
         1.9572060498       -5.8798809558        3.6204786760
         0.4917943849        6.5302319942        5.8109146664
        -0.6466886135       -3.3955564950       -5.5801920708
         0.1846601864        8.9839436824       -6.7701989412
        -2.4228147590        3.6751737355       -4.3963810088
         5.8334945722        2.6680992189        2.4425265506
         5.4953284956       -9.4644675208        7.5280390127
         1.8001532428       12.1774023416       -5.5658823212
       -11.4280874404       -2.8370648498       10.3543678607
        -1.8006998508      -11.5187120109       -5.3638681819
        -1.6614112736       -1.6565738608        1.2483831712
       -12.9639488140       -4.6466379654        4.4186675712
         2.0210759592       -8.6306236835       -0.9588409961
        -8.3747729977       -8.9528264990        1.4609541314
