        -2.7132953113       -5.7308202519        0.1961714299
        -1.1930160684       -2.5976814660        1.3858805402
         2.5946389869       -4.9922392508       -3.3685418110
        -6.0226750110       -3.8698809791        0.1559795572
        -3.4430701108        3.3849896400        4.3870718640
        -1.3725037435        0.8770088409        2.7926596184
         7.1401660975        2.7844298837       -2.6163138069
         9.5643373546       -5.0439581191       -1.2770316695
        -0.2864928401        6.3415875877       -1.5631166218
        -6.5403304198       -8.7523922690       -4.2003560074
         5.2448355659       -8.8421784911        2.0468997041
         9.2085080892      -10.0927479267       -3.0773129006
         3.3581751628       -1.7372673149       -8.0083720445
        -0.9785058646       -2.2537514742        5.1828382161
         3.6871218575        9.2775425298        2.9411504980
        12.9349301241       -5.5645556368        0.1721462079
         2.8965593215       -6.4275590783        3.8240866764
        -3.9509279180       -3.8719792761        3.3568766441
        -3.4862892007        2.7738440074        0.6626919718
        12.3873819457        2.4199017891       -6.2024417842
         4.6737060507       -7.9157753427       -8.6211998261
        -4.3937373551       -8.8290250680       -1.0373239994
        -6.4463999247       -2.2961394258       -3.3223224799
         4.3546330145       10.8401947007       -2.3476169040
        -4.8334969204       -5.6812334621       -2.9601908245
         0.3369976924        3.9814503980        4.1155846834
         8.3752747464       -1.1954298331        7.4142703169
         2.4135412036       -3.3814218913        5.9216400451
        -3.2008720999        3.7973835456        8.0690419531
        -1.9029254028        5.8637498086        1.9043797222
         5.0477808986       -0.7044130339        5.8323679692
         6.2644884062       -7.1194690283        5.3082815060
         0.0408120451       -8.5947575882        5.3276581806
         1.7495427091       -0.0639366155        4.1898127181
         3.0936068545        2.6740517130        2.1349291723
        10.8855566328        6.8958253261        3.8788398483
         0.1405980758        3.2756664881        0.2794643572
        10.5784506785        2.5244963331       -1.1368833629
         5.9364827376        4.2344859767        0.5721855963
         2.1662574628       -3.1889783737        2.3389423298
        -2.7848354710       -8.4696960733       -4.5411923412
         1.2105518598        1.2066343648       -2.7279584222
        -7.1350680285       -1.9712484451        3.1869722505
        -6.8432328741       -1.1468692724       10.5391562764
        -6.2644271073       11.0921517483        4.8933442692
         0.3711700561       -2.8209263138       -5.6698880356
         1.2172248197       -0.1004722097        0.5636327319
         1.9542634230        7.1518327177        5.5676267284
        -1.9305500356        3.0852832324       -2.6106635419
         6.6218724652        6.6903885956       -8.4744099126
         0.8847336610        4.3444510411       -4.6128163002
        -8.3192961846        0.7060549285       -7.3233082863
         6.0977720820       -4.5501038077       -2.6031219108
         3.4779472306       -1.4260394790       -4.3264661639
         6.0710075923        6.0338696976       -3.6835890477
         3.4578489780        2.5166446906       13.3445258732
         8.0876300670        5.1981090684        9.3542526041
        13.8917985213       -3.8019005160        3.4714976609
         5.8208919830      -12.1327734944        3.5222941282
        -6.3293283969       -8.2297985692        7.2929854010
        -4.0214581825        9.1283039180        7.2694639529
         9.9475469303        4.4542694837       -4.3065324161
        11.8573516609       -7.2701153327       -3.1224200912
        -1.2820311333       -5.9239454218       -7.0156049793
        -4.9850291214        0.2484568085       -5.7482662803
         2.6304347063        7.7021033324       -3.5692912966
         0.9349505419        0.5195080767       -9.9707357976
         1.9349048431       -0.2164282011        7.8085977535
         5.2177154499       -0.8088074177        9.5222599451
        -0.4458457436       -5.3486253947        7.2800209035
        -3.7749051639       -3.3200776849       10.9295075033
         0.6254782727        4.4762659377        7.8519340684
         4.7113316896        5.5484369547        7.5874263188
         6.6040178557        2.2122571282        7.6291321968
        -2.8129483389      -10.0471617053        7.2841471379
        -8.5655765057        4.7978615969        8.0350514920
        -5.6034774097        5.9239756181        5.9259521512
         7.9351877298        5.1460828150        5.5433221537
         6.4437756602       -7.3516979913        9.1193529135
         2.5594573366       -3.5604412112        9.5276750149
        -0.8689223876       -2.0542432969        9.0928014835
        -1.8205824440        6.5328984409        5.7448272416
         6.3806746541        2.2489071620        3.8531616846
         5.5633657275       -3.8314371509        3.7539272140
         0.1714475647       -8.5217380924        9.1824220178
        -6.7450834396       -4.8134561234        9.0932356674
        -0.6910954899        1.6304343200       10.0025418324
        11.2635704579        4.7554755662        7.1130000443
         9.5892799464       -7.6753885486        6.8528079876
        -8.5816129943       -8.2981154336        4.1441615183
        -7.0228337766       -1.6043328808        6.8881812583
         3.2676231946        2.7165886171        5.8969760854
         9.3416805656        3.9032708721        2.2162527946
         7.9955323095       -6.1735683507        2.0187628852
         0.9403328659       -5.6430365753       -0.0326951736
         3.3559982024        2.6211047827        9.6345047865
         1.3712296643       11.9254439540        4.3107085850
         6.5994910863       10.6306535496        0.9302062141
         4.6178446241        5.5277816600        3.8067450231
        13.9560264410        2.1195246572        0.3246880640
         8.1177467443       -1.0813784134        3.6964558883
         3.5503709534       -9.7401239722        5.3151816394
        -1.6546253263      -11.7990313113        4.0916642657
        -1.1423694046       -5.4488976750       -3.2561836808
        -3.1483852040       -2.6251216719       -1.7226138594
       -12.4527786331        6.3778988424       -0.7691788925
        -0.2337034734        8.8924475502        3.1329363669
        11.4362573934        7.5475778669       -2.7788982385
         2.0883250984       10.8051694927       -5.5571378573
         7.7012360524        0.9251582184        0.5563632077
         7.1533367648       -9.7996896628       -6.3341909768
         4.7573422843       -0.5967296238        2.1712686900
        -2.3473073889      -11.7527817797       -2.6469644762
        -9.3683879976        0.5729967096        4.7216937072
       -10.5589459388       -1.5920128036        1.7385986393
        -6.8708271582        3.2728891111       -0.7175374658
        -0.8108219388        9.4160922060       -3.4901102280
         8.7312150226        5.8573946775       -1.0295462951
        10.1832837397       -1.2641022711       -1.2509652892
         3.7125097055      -11.7115551582        0.2319585116
        -5.1514731266      -10.1621612140        4.1800254897
        -4.0530717992        5.8402947864       -1.2304128607
        13.0764684853        0.3470760376       -3.0299063746
         3.2845453805      -10.5739767033       -6.2540842679
        -5.1025999919       -6.2563439074       -6.6730478320
        -5.2395046176        3.6945772276       -4.1359445196
         1.9419446135        6.2610842770        1.5318570003
         4.1520035488        2.2942546323       -4.5921416795
         1.0369652708       -8.0557344311       -4.7569716299
        -7.9566379694        1.1350498860       -3.6177585548
        -4.6371105968       11.7210140418        1.4455688536
         8.9331108154        7.6331952749       -5.6823982859
         3.6133671121        5.2126265514      -10.3805969001
         5.8101317042       -4.0142028299       -6.1332738179
        -3.3927160193       -3.2295416348       -5.3972096518
        -0.0613111146       -3.6778342662      -13.0493231772
        -2.6732229324        1.9754623318      -13.5802050453
         0.3924501379       -2.4130254657       -2.0138914796
        12.5644383225       -3.4941844756       -3.1061968460
        -3.0002619067       -9.0130151883       -8.3068074071
        -4.6095674914        0.6828737778       -2.0888603786
        -2.1690051941        2.7679466997       -6.2425881417
         9.0378037739       -3.0010220693       -4.4671881630
         0.8698186555       -8.5642442247       -8.5415720273
         3.7378778735       -2.4043298904       -0.8484891873
         0.4016738629        7.4568597609       -6.6100535940
         9.4293221190        1.0214182728       -8.2223053642
         5.2899541532       -0.8960157999       13.2076416340
         2.5858197842       -3.6677922229       13.1754384932
         2.0351967484       -0.3583051618       11.4898605126
        -0.8640666253       -1.9825240239       12.9257583730
        -0.3310896820        1.7765733993       13.6031536623
         4.7709201944        5.5421157536       11.3471391100
         8.5250303808       -1.2816722163       11.1304950351
         3.1520092097       -6.8912218919       11.1549042106
       -12.8836514620        1.0309153423        3.2614147772
        -3.6364480750        0.4044305793       12.1120501501
         6.7385421912        2.1697610955       11.3727722679
         5.9091802976       -4.1559962843       11.2578583594
        -0.3579462173       -5.2588804110       11.1088657116
        -2.8893994411        4.1307886034       11.7299338816
         0.9098779636        4.7800085885       11.5719947306
         6.0481923372        8.4966546968        9.2336180982
        13.0515103060        1.3477768858        6.9330208678
         6.8769107387      -10.4237865632        6.8313041456
        -3.8190999427       -3.5772669886        7.1557522687
        -5.3925338896        6.3599958298        9.6212370319
         9.3886981506        8.1163687968        7.2261637637
         9.1337141021       -4.5442125311        9.1063999737
         3.0446457709       -6.7276822370        7.4787268981
        -3.8967865025        0.0028258295        8.5067346703
        -1.6069638304        6.9950344336        9.5013188869
        11.6864712725       -1.6623974664        8.9443897457
         5.7846575817       -4.0287514479        7.5081079295
        -3.3452120609       -6.7467313148        9.1946751628
        -1.0208594346        1.3092825637        6.4023853071
         3.4331333793       10.2765735627        6.9792626714
         2.1894545056        7.6309145443        9.3641648381
        12.2200165626       -4.8518676019        6.8079887949
         0.7770080050      -11.6768348125        7.0912750796
        -9.9360939111       -2.7543761887        8.8593149245
        -6.1441678767        2.6290624791       10.1977305378
        12.7385185385        3.4976624391        3.7417697727
         8.9054127501       -4.3692153632        5.2863568162
         1.4837853703       -9.0529924389        1.8318555613
        -9.2913769228        1.0303893305        8.5141597561
        -0.2732613552        9.6982610708        7.0790412533
         9.9662067321        1.7805338646        9.2287758402
         4.5363152353       -5.6011237587        0.6040128657
        -6.8110275029       -5.1230281715        5.2884686422
        -6.3475207592        2.1816127458        6.4936582861
        12.2125859145        5.5964908665        0.4851029057
        10.3528487342       -8.4718596288        0.2175551462
        -0.5879372798       -5.5675680870        3.4240539054
        -8.6380391746        4.2939540365        4.2297350317
        -0.7724367585       12.1664621145        1.1622544041
         4.3030288014        1.1945969058       -0.9852365245
        11.3745676370       -6.7199412499        3.5390787541
        -2.1934332722       -8.7744324412        2.1492961900
        -4.1272541835       -0.3915807857        4.8757037180
        -5.6636739430        5.3627130803        2.1702091356
         9.7333131350        1.8082477705        5.4151748627
         8.6805296637       -9.5298777754        3.5552782330
        -3.4271366138       -6.9596825339        5.3548625047
        -7.7715758570        8.5098786604        7.3899355009
        -2.4514211162       11.5681502360        4.6024676804
         7.4432148350        7.2206866649        2.2384282644
         6.1372950235        8.3973872409        5.4975426536
        11.0804097682        0.4917002343        2.0472933254
        13.5933009374       -1.7426776025        0.2180260985
         3.7008081205      -10.0426747277        9.0108653204
        -3.9438151396      -11.8892960175        0.9541557375
        -5.6328461863       -7.0548767259        2.1680976697
       -10.0512836303       -3.1743988043        5.1688385060
        -8.4220881496       11.0859299225        1.7045453902
       -10.8113437633        6.8926523406        5.6910883643
         4.8563325019        7.6525155343       -0.4418642039
         1.4151550968        9.3883342334       -0.3096606303
        14.4046739443        0.0316143712        3.5475445976
        10.5698198533       -3.3200012910        1.9710603707
         7.5482550404      -11.1784638493        0.2225889467
         1.9888570354      -12.4654924827        3.5129832035
        -7.3825805547      -10.1560357131        0.9728159418
       -13.4564840525       -2.7490389669        3.7126459879
        -9.7167082641        9.0672472434       -1.2891964843
        -4.0784099862        8.4804360989        3.4313237773
         8.9645951572       10.1708172379        3.9430641914
        11.4804555772       -1.5648705577        5.2244635153
         3.1460819504       -8.3370427393       -1.4990129946
        -8.9405463556       -5.0863573181        2.0818774253
        -6.4310600425        1.7326644867        2.7259783755
         7.8055999181        9.1714682164       -2.4117448510
         0.8772138842       12.4999341663       -2.2961993110
        13.3695128327        4.1861946041       -2.8920843880
         8.4262312035       -6.7347258967       -4.4493984167
         1.5375180162      -11.4009323474       -2.9244393664
        -0.1993325342      -12.0022491193        0.4723736282
        -6.1242965294      -11.8770386249       -2.2384314892
        -7.6147007309       -0.4317881416       -0.2184677710
        -9.0802820305        5.8888328199        0.7363347247
        -2.9838154936       12.1879089693       -2.0273827036
        10.2156602533        8.9325182640        0.5737567165
         9.5586512609        0.7477784461       -4.4618003973
         5.4362935235      -10.8559094764       -3.0748337267
        -7.7646554839       -6.9430058293       -1.0483501657
        -8.0612216736        9.5081394971       -4.7700443835
         3.1081430164       12.3731610748        0.9143895456
         6.6989686969       -0.8986844515       -2.6824003925
         6.8711351879       -7.8700577351       -1.2439021642
       -11.2486689969       -6.5970598709       -2.6096284461
        -4.6165621768        8.9249510334       -3.1953783508
         9.9898121160        4.8063876430       -8.0991147657
         1.1269108201        0.8556334428       -6.3241897341
        -1.7305067152       -0.2483148758       -4.0917882381
        -8.5874070638        4.1931407858       -5.6814303222
        -2.4430613309        6.1733200504       -4.5903624456
        11.8954981113       -1.3959043323       -6.3143678932
         7.1958055324       -2.8177881638        0.5024545603
        -8.2012168953       -5.3422966618       -4.5471611698
        -2.6894738774        5.8470721857       -8.2898033790
         5.4800804589        9.1078194551       -5.6090262748
         8.0778735888       -6.4611803584       -8.0402735710
        -0.6435796139       -8.7143934182       -1.3487567668
        -9.7983871293       -1.8845910828       -4.8686525466
        -5.1449465185       11.9723155938       -5.2077919049
         3.0936901638        4.5436766051       -1.6936545579
         3.8364314507        1.7197646311      -11.9805258151
         3.1177563748       -2.0870773122      -11.7025835739
         0.7114555665        4.0211708298       -8.3591291640
        -1.9397249466       -0.6489258555       -7.7684351389
         0.6788746652        0.1078516374      -13.6190096023
         6.4642680367       -0.2803799673       -6.3372787922
         6.3026044192       -0.5078538126      -10.0696656030
         2.2870847697       -5.8533930598      -10.8852061147
         0.4803106402        3.6419666613      -12.0990539714
         0.2026789669        7.1145504355      -10.4287905764
         5.5355437933       -4.2815141494       -9.7723112605
         4.8250210316       -7.4647195494       -4.8221612625
        -6.8286293773       -9.2834970741       -7.8865874544
        -1.5215513706       -6.3940433368      -10.7356493149
         6.9823271196        3.2796568799      -10.1519358647
         7.0612879104        3.5041747907       -6.4046109814
        11.2801263504       -5.1881230687       -6.3381912042
         0.1866295707       -3.2355723804       -9.3775553384
        -8.9318043296        3.8076898257       -9.4695019944
        -0.1225361275       10.5100383375       -8.6404077355
         4.0455253750        2.0504980409       -8.2851901704
        -3.6405166233       -3.6820176209       -9.0935564089
        -4.2418478215       -0.7630630633        1.2146673792
        -5.5515773154        3.3228339930       -7.8828824247
         3.2535281780        8.6258521116       -8.6276796121
         8.7802589750       -2.7474016780       -8.1667138281
        -0.6332698220      -11.1033634495       -6.0710981023
         2.5222817132       -5.3772536936       -7.1542501904
        -3.2056810191        8.9070824788      -10.2990033182
         3.7588162076        5.5316993155       -6.5440962523
       -11.5767270054        3.1629900182        6.2230338636
        -2.4416674061        9.0488921724       -0.0217304512
        -4.5065379848      -11.4840598479       -5.7643890688
       -11.9259870040        4.6433925756       -7.2044567735
        -1.3424000298       12.4582421814       -5.4988133728
        -5.4871695419       -0.6223235129      -13.0925857341
       -13.3192690637        2.6413121971       -0.2366569254
       -11.8491638544       -6.2441871551        4.0328957341
       -10.9846382038       -0.0015185312       -1.7138074173
        -9.7144658552       -6.2868325200        7.2269336322
       -12.2708873345       -0.5927763181        6.6878916261
        -9.9062161373        2.1733480701        1.2748064025
       -13.9397099979       -1.1523520325        0.2399414415
       -11.2396210377        8.4999205222        2.2054140209
        -7.8570407362        7.9692542038        3.6790589920
       -10.2394993819        3.7547366237       -2.2143135627
       -12.1408545933        4.8009978904        2.7565818007
        -9.4768920942       -9.9845648985       -2.2578242673
        -6.8029627080       11.5798069767       -1.7560936753
       -12.8700367557       -3.0948184941       -2.9371847334
        -6.2493729191        8.4832630429        0.2347104694
       -14.3163054374        0.4555336276       -3.2404914786
       -13.5734336642        4.2051394044       -3.7431482514
       -10.6971409618       -8.1517445812        0.8983354647
       -10.8888830395        6.9064432547       -4.2772011129
       -12.4378765870       -4.7079499136        0.5602365407
        -9.1455461802        7.2562382156       -7.7218435930
        -9.4630678246       -3.5212200670       -1.4000036712
        -2.9677070008        9.2706034413       -6.5962046305
       -11.6561137450        1.1642008595       -8.8429756030
        -9.9126336748       -8.3879327844       -5.7452234755
        -6.3017490420        9.8112972215       -8.1812194189
       -11.5652374921       -4.9271525261       -6.0909682980
        -5.7942511433        6.7594187046       -6.1652222702
       -10.1618741113       -2.3724393431       -8.6441176769
        -2.4192159596        2.4021347983       -9.9213868437
        -3.8753218064       -4.1105988159      -12.7556521494
        -2.1603705983       -1.0580270403      -11.4657500091
       -11.3198143661        1.5905708645       -5.1530332347
        -5.2576257202       -0.1825977954       -9.4332082918
        -5.8287490970        2.9096047494      -11.6051901794
        -7.0589062809       -3.2721996678      -10.7806372123
        -2.9378948304        5.4616200304      -11.9848312795
        -8.6020568129        0.2704552659      -11.0113510306
        -5.3630278376       -6.7294014737      -10.3602604382
       -13.1323990646       -1.4233403754       -6.3926848324
        -8.5429132351       -5.8751802832       -8.3193639274
        -6.0994698602        6.4054396592       -9.9577049825
        -6.7756527448       -2.8096288060       -7.0624582715
        -7.4931077891        6.4039340238       -2.7347524499
