        12.2382360592        6.4913970957       -6.6946733318
       -9.9197074619        8.5299576708       -2.9295435809
      -10.4934004744       -5.7105466458       -7.5026483022
       -7.4129663357        7.0822971867       -8.6191466706
       -7.3313180567       -5.5342709069       -9.7689018571
       -8.4967730117        0.6043567782       -7.3762726995
       -4.8810710555       -8.5275711011       -9.9184917641
       -8.6566818830        0.9386723860      -11.0766345528
       -0.3816260642        6.0708061662      -10.7195926686
       -5.4011666954        1.1513247040      -13.1541979994
       -6.4527033950        4.1480154289      -10.9770961172
       -6.4139108538       -2.2090468350      -11.5559381676
      -12.7562314647       -2.6014357346       -7.1083375037
       -3.0959408363        4.2583493243      -12.9026555684
       -4.0145634915       -5.2761249528      -11.7833703548
       -2.9888974551       -2.3130821460       -9.8478308103
      -11.6214083556        0.3827368733       -5.1899447342
       -7.2051172418        6.6138257661       -4.8319562034
       -9.6584314945       -2.4264401250       -9.4081758644
       -8.2602589376        9.8977749182       -6.1234677379
       -8.1381732955       -8.7609950599       -7.8292437589
      -11.8390325947        0.7191007416       -8.8931314593
       -7.4402084920       11.4926184913       -2.6861613650
      -12.1424347155       -4.9106828693       -4.0744551066
      -12.7963670014        3.6499746547       -6.5381388612
       -9.8152119209       -8.0153012346       -4.4375566944
      -12.2085423891        5.3799315955       -3.1354568372
       -7.3844742260      -10.9838817489       -4.7415989644
      -14.3053319841        2.1409654826       -3.2980145342
      -14.2805162263       -1.7226270509       -3.6504499624
       -9.0167282367       10.0743918813        0.5236371917
      -11.3407135112       -7.1359994896       -0.9746065136
       -7.9000822000        6.7939851403        1.7762922827
       -8.8961401133      -10.1431679393       -1.3003921999
      -13.5955578561        3.7858098902        0.1274205991
      -13.5458387424       -3.9507881251       -0.5783005944
      -10.5155786508        8.5467076231        3.7255991031
      -10.3268337913       -9.1952131708        2.1426914151
      -12.7633074576        5.3908475116        3.5466210578
      -12.6881654987       -6.1406782876        2.4922353300
       -9.3807771003        1.4430987653        4.6269105637
      -11.9874393213       -0.6563735270        6.3056281456
       -9.2862378751       -6.6360392269        7.7105383889
      -12.9403929911        1.5558451181        3.2523602792
      -12.9161759061       -2.3125905148        2.8984009473
      -13.7185051150       -0.0861427131       -0.1977772592
       -2.0905723781        0.9456388483      -11.4718585438
       -5.0558373641       10.1076669381       -8.2987727582
       -9.4511180647        3.5223271193       -5.0285828125
       -3.7403488930      -12.2268329342       -5.0554674938
       -8.4374306583        8.3209780890        6.9746636728
       -9.3715706638       -2.3567471684        4.3451149011
        6.0151741479        6.3177955936       -8.6574605551
       -3.0480567710        3.9008506936       -9.2683877268
       -6.2665563293       -2.5053804779       -7.8248473075
        0.0587216317      -11.5324612754       -5.1293106490
        9.0861020132       -3.0470336499       -8.2384752481
        2.3863064791        7.7955765538       -8.6655894764
       -6.3099982523        3.7770024751       -7.2449408941
       -4.8052229781       -8.7377590967       -6.1789949562
        3.6207573935       -2.7910980332       -8.2689801258
        3.9664827886        1.2359762289       -4.7612608069
       -1.3458410326        9.0841714083       -8.5580245142
       -9.6993824338        3.9335807700       -8.8278493602
       -2.0679320521      -10.3023903544       -7.9657871684
        5.0935184246       -7.5650544635       -3.9181591045
        6.6841908055        2.9874248164       -6.6572578245
        6.5614525486        2.7835215773      -10.3170933758
       -1.9837272107        0.5783318144       -7.8164114040
       -3.1201022442       -1.9629436041      -13.5317952027
        5.1499525037       -7.9811496519       -7.8396155193
        6.3829401598       -1.0621869683      -10.2567245146
       -4.0887795241        7.2191983504      -10.6558359047
       -5.3124067799        0.8101150965       -9.4880752795
        2.4909991163       -6.0434231768       -9.9650580275
        6.1562009977       -4.8955757062       -9.9750344474
        3.7909175490        1.0896748050       -8.3969336146
        0.5616045078        3.0387219877      -12.7823881439
       -3.9557029285        6.8210063763       -6.9950479177
        0.5362762891       -0.7247445561      -13.6806623392
       -0.0814784493       -4.0263432099       -8.1524021065
        3.5913673544        0.9597194544      -12.0223874759
        8.7717922272        8.0679781281       -6.6860570696
       -4.8683147336        9.5852916929       -4.6305342991
       -9.4093869467       -2.7045616483       -5.6004202809
       -2.4737783113       -9.2884854765       -3.3564168284
        8.7940515884       -6.8741163331       -7.8682252814
        5.1448920598        9.5226148454       -6.6302389120
       -2.3684381292       11.9747064980       -6.2454022660
       -7.1291939671       -5.7574094242       -5.9518299637
        6.3289477964       -4.4057355324       -2.4773366452
       11.8685402336       -1.1607594179       -6.2985240786
       -3.6833372065       12.3631712558       -2.6274505431
      -10.5740156491        6.8077644877       -6.3608523295
       -2.8902350562       -2.6432250730       -6.1383178935
        6.3001507109       -4.7158196563       -6.2556531312
       12.0800548070        2.6811744225       -6.5145961927
       -6.4213234499        8.2164720797       -1.4342070548
       -8.7195202051       -4.9660394068       -2.5584113125
        3.5597219998       -8.5957870021       -0.5208654659
       12.6477084874       -2.9486367516       -2.9443513605
        0.9698933702        9.1123363513       -1.5027367849
       -8.7895942656        5.1989423378       -1.6201561657
       -6.3361991373       -7.9850322995       -2.8391281829
        6.0733961486      -10.8438107156       -2.1730976593
       12.8892781102        0.9186132868       -3.1832029019
        7.3740503144        9.6562191724       -3.4581405250
       -1.2326756781        8.8921829753       -4.7176843278
      -10.9539431981        2.0166568624       -1.8019777594
      -10.9282075151       -1.8316828208       -2.1554005793
       -5.1827500694      -11.3780327825       -1.5992128708
        0.7485432819      -12.6419181797        1.4546748589
        9.7649137245       -9.7290644784       -2.3613836633
       12.2338458523       -6.7686105364       -2.6556730295
       12.9815099784        4.7765795463       -3.3724358739
        0.0178722503       12.1733944547       -3.2134488825
       10.9106407760        8.0638366326       -3.4728820759
      -10.1917416395        3.6328632132        1.5816630564
       -7.8367370857       -7.0584600970        0.5386959520
        4.5204666388      -11.7795563393        1.2413772511
       14.0075880318       -2.6187265314        3.5992902203
        5.9359363113       11.0997858141       -0.1759787982
       -5.2870256998       11.1460354063        0.5795207373
      -11.4314580449        7.0182801963        0.3140346992
       -7.5426215810       -1.9135917870       -0.6725198327
       -6.5843621309      -10.3353467062        1.8112313317
        2.9542304411      -12.5276143644        4.6847222531
        8.2347022132      -10.6675986443        1.0456759798
       13.1675462882       -4.7128103469        0.4712534014
       13.6537861013        3.0144344295       -0.0073091833
        2.2834834955       12.3420655019       -0.0663887700
        9.5017700112        9.5660477718       -0.2124727562
       -4.2648880246        7.7770591662        2.0620036998
       -9.2986025794        5.2414217848        4.8904756332
       -9.2602089835       -6.0827247286        3.9338139663
       -7.9355716489       -9.2216352942        5.1689326757
       -0.2206126246       -9.4874184022       -0.2417225678
        7.5335726378       -9.4319723014        7.5922398331
       13.5401183619       -0.8591873858        0.2041589361
       10.8910351511        1.3529101324        1.8445057605
        4.4574505283       12.4113789216        3.1275224506
        8.0490018259       11.0011269305        3.0531608199
        0.7314261320       11.7826719310        3.5110761805
      -11.9081180325        3.1776573080        6.6124406838
       -3.0130905702       -6.3469489266        6.1656692032
        9.2288914346       -8.6656425033        4.2179475476
       12.3405328664        4.5815028592        3.2892496133
       -6.8787222321        9.8293424886        3.8063168053
       -6.4989058389       -0.9574753466        6.3576865913
       -0.6657650045      -11.3525805286        4.8355421852
       11.6971939937       -5.6833908469        3.9302744028
        6.7617916768        7.8527839681        1.6313618257
       -1.4472775312       11.9812766612        0.4014200913
      -10.2789213698       -0.2046504420        1.2762203956
       -2.9102369927      -11.4865510359        1.6284104412
       10.8032392291       -7.7713992559        0.7824955367
       11.6898559521        6.3626321767       -0.0990924046
        2.9185843446       11.5926410591        6.6237391694
       -8.9331268340        4.7860606484        8.4670081130
       -6.5909285582       -4.7872473694        6.1479322868
        6.6589623741      -11.5174451404        4.4532352431
        9.7567917589        3.1190307981        8.9236820969
       -0.8776198941       10.6760747234        6.8691712332
       -9.1195280086        1.0066339481        8.3236970547
        0.5686379794       -7.8360904367        6.1251606685
        9.0764191417       -3.3942619641        5.5126730184
       10.8033576739        6.0101760382        6.5550115181
       -2.0288119273        7.7821377392        9.1329333638
       -6.3527520695       -1.0118569297       10.0924754248
        1.4846282285      -10.9416034656        7.9389209903
       12.4381595819       -3.5067245466        7.0217681981
        5.3067461077        9.2736989281        4.8972277851
        1.7560425901        8.7653142375        8.9738359021
       -6.1108612821        2.8417261895       10.0709002661
       -2.9131206275       -6.3227993776       10.0125414570
        5.9458912542       -3.0808994328        7.7513527655
       11.7097490186       -0.2017018408        8.8965102219
       -4.7004704154        9.6117952178        6.9791630136
       -3.5977253763        0.7647638938        8.1500287924
        3.4373026541       -5.9905883867        7.9575807327
        9.3591037004       -3.2246883143        9.3195013050
        7.6800813857        6.3970780029        8.8231456095
       -5.7196096956        6.6098064844        9.1214155670
       -6.5137132935       -4.8578530900        9.8971996882
        4.3427138694       -9.0839823716        9.7472867663
       12.8287087216        2.7290826314        6.6323196476
        5.5209292715        9.5726869342        8.6101891990
        0.6395797987        5.8053540738       11.1960122223
       -0.6339316216        2.5519937279        9.6001375224
       -0.0095588774       -4.4790643057       11.8793199763
        6.1587272710       -2.8899044255       11.4907700198
        6.5559182178        3.4533077207       11.0934147768
       -3.0701074097        4.7434293091       11.2563151559
      -11.9549000039       -4.4887339527        5.9240037138
        3.6258873853       -5.8243407459       11.6687705561
        8.5586155797        0.1321568848       11.0949611953
        4.4088261783        6.6787215689       10.8915863200
        1.9884139622        0.5621875093       11.6057286176
       -0.6771277717       -1.1145265261       13.6412609174
       -0.4505725413        2.7709696802       13.3003756528
        5.3504909697        0.4625931575       13.2100444812
        2.9018950211       -2.5182613233       13.5025395488
        9.2954668258        0.8073819117       -8.4400142050
       -0.2987447771        5.8814382852       -6.9052891457
        0.1135593544       -3.8223339876       -4.3897299592
        1.5156061336       -9.0968043110       -7.8122863759
        9.1125332185       -2.8061068720       -4.4156514852
       -2.8865192086        3.5060560627       -5.6733472249
       -5.1473414704        0.4807901593       -5.8161260482
        2.6062905246       -5.8715141190       -6.1602910227
       11.6003885766       -4.9902020971       -6.0320860413
        4.1579182256        1.5117533714       -1.1383923721
        0.5706350788        2.8100418945       -8.9667055240
       -0.2969656254       -4.0229243612      -11.8992306506
       -1.0443075319       -7.1033980748       -6.1403883332
        0.8387132823       -0.8340570895      -10.0722822481
        3.2683376662        4.6027665249      -10.6498329573
        6.0506280173        6.3758329538       -4.8554486008
       -3.7882947501        6.3092694597       -3.3610551584
       -8.2473283042        0.2661394454       -3.6729370624
        1.3290690830       -8.4637254333       -3.6558626478
        6.8088401519        3.1589666608       -2.9699047883
       -0.2044555755        5.8471695094       -3.0619750137
       -6.0860188102        3.3568134828       -3.5061627616
       -3.7931548156       -5.7584548259       -4.2788785167
        3.8481715555      -10.7197940326       -5.3237836511
        9.4399815007        4.6616153175       -8.5409668890
       -5.2959813115        5.0050772229       -0.1983199539
       -2.7492977582       -2.8730390180       -2.3966061261
        2.2852539521      -11.7890237022       -1.9711961708
       10.0981358523       -0.7417961185       -1.3019360695
        4.6193114014        7.8862844989       -1.6063977523
       -2.7096561266        8.9535193522       -1.1991137866
       -7.5666488374        1.8768144515       -0.3272668496
      -10.1449582127       -4.0127742044        0.8895863067
       -3.9137615881       -8.2522106528        0.0455981747
       -1.5211764358      -12.5661265646       -1.8011202247
        7.2897127718       -7.5380395981       -0.7290059043
        7.2681300643       -2.3798104543        0.5938225491
       10.2517773178        3.1114078342       -1.5034701937
        2.4373344808        7.7371450140       -4.8283447381
        8.1742928933        6.3927097513       -1.6179296303
       -3.0796461802       10.9048758861        3.7304823294
       -6.7135641972        3.5141765829        2.9299226572
       -6.7167382659       -3.9441701404        2.3629300566
       -5.3221123961       -7.0839015281        3.3762508282
        2.0144450713       -9.4537639460        2.9109122449
        4.1574714804       -9.2394761683        6.0264034421
        8.0968340285       -0.3009913416        3.6761537813
       14.2498397045        1.2346028530        3.3600970134
        3.1481349028        9.2437552714        1.7038013180
        5.4585359450        4.6871109234        0.2062820772
       -0.5485324402        8.6600687070        1.9772682748
       -0.7665630230        2.3968636125        5.8574968708
       -1.6479600211       -8.2158339598        3.1213083010
        8.2661577606       -5.5279016109        2.4028887618
        8.9099618176        4.6627463255        1.7555289035
        1.6148669886        8.4780359192        5.1825127264
       -6.3508350040        2.8388564530        6.4286909484
       -4.2803550603      -10.1848172587        4.9955372255
        6.6344560395       -6.3424450954        5.7972290440
        9.4683970899        2.8504066904        5.1211491919
        0.4661147274        5.5741657217        7.4518796933
       -3.7766179954       -3.0993685547        8.1600482183
        0.7241904575       -7.7553281197        9.9622788581
       10.0199149603       -6.4948521433        7.3343961217
        7.4144992751        6.0918357060        5.0203156551
       -2.1329546588        7.5445447083        5.3249338843
       -3.5985638406       -3.0177116277       11.8653312850
        2.7093376807       -2.7230076900        9.8292639484
        6.8899575792       -6.2058569910        9.6059926090
        6.3434809969        3.2168312478        7.3522551509
       -5.8232450859        6.4482987094        5.3061389760
       -3.7114117924        0.7476962991        4.4708362666
       -2.1033441519       -9.5088324094        8.0072766854
        4.9883358805        0.0417690793        5.8502364178
        4.2163358631        6.4365652919        7.1838428498
       -3.3964358187        0.8619611747       11.8504505657
       -0.8815399969       -1.2993980923        9.9803765149
       -0.1883598868       -4.6115462642        8.1223741893
        5.1817007949        0.2478870469        9.5357246378
        3.1108917906        3.5204550707        9.4164847604
        3.3777130149       -2.8596633097      -11.9482589604
        1.4098383047       10.8484808240       -6.5220446996
       -6.0471783149       -2.7763279922       -4.0647270933
       -1.1840472863       -7.2061227615       -9.9591861353
        8.8158616209       -6.5864496292       -4.1295677765
        9.5062869708        4.8412090191       -4.8193363220
       -3.2351296263        4.5150745271        7.4961714621
       -5.6949840930       -8.0408567031        7.9377121477
        5.7350984976       -8.4345516586        2.6603759839
       11.4566434191       -0.4177015231        5.1871927980
        8.7019276740        9.2416849299        6.4330727159
        3.2822322871        3.7268884276       13.0935219553
        3.3827333924        4.6240565663       -3.0737293385
       -1.8142142378        0.2098046635       -4.2397787679
        1.3654922852       -0.5887601224       -2.8690764359
       -3.9229272159       -5.5396993145       -8.0494201004
        0.6486259905        2.7210664904       -5.0745309779
        3.2868471985        4.5600817650       -6.8665283137
       -2.6709160720        3.1251041812       -2.1082086131
       -5.3024377778       -4.9447756617       -0.9504694098
        0.1594818804       -3.2479484357       -0.3906367482
        3.9029358989       -2.2570304824       -0.8584174290
       -1.7153352827        5.5447704688        0.4019055554
       -9.2501514388       -2.8167101576        8.1071607086
       -4.1849301572       -1.8632930587        0.8739160253
        1.5823317262       -0.0755845033        0.7478469385
        1.0657526147       -6.3512765029        1.2308700368
        2.3622696843       -3.0789895645        2.5047532801
        6.6119821876       -0.6505688350       -2.7698337019
        7.5141183638        1.4479681917        0.3423093784
        1.8957237464        6.0385131081        0.2178000901
       10.2628528187        7.8586995580        3.1879472628
        2.7781707382        3.0225761039        2.0497800151
       -2.5811601674       -5.0404216277        1.5102588126
       -0.3386648137       -4.6550506528        4.3628604517
        5.7074557485       -3.2495291666        3.9976969666
        6.1052261832        2.9450613621        3.5901350010
       -4.1365418732        1.8438919049        1.0521771554
       -1.0559201405       -1.3915993817        6.3322344520
        2.5233983518       -2.8853744799        6.1492429611
        8.3471332818       -0.0839612353        7.3895404285
        2.9312341533        3.3051908122        5.7191119735
        1.0959210949       -0.7775120436       -6.4668349393
        3.7142031560       11.0354599976       -3.3931801043
       -4.9082945368        0.1507807615       -2.1715718301
       -1.1859681471       -6.2828909437       -1.8151794363
        7.5886580154       -9.7770705836       -5.5478070443
        9.3493381944        1.0107411504       -4.6418124878
       -0.7940051214        2.3206663561        2.1606007521
       -3.8973538981       -3.0620402559        4.4640802968
        3.2436069726       -6.1275048014        4.2518822095
       10.6482362177       -2.5056780366        2.0851114308
        4.0276870511        6.1203232644        3.4515459896
        1.8207849857        0.3780997939        7.9170245531
        3.8078762938       -2.6342394028       -4.5814412666
        4.7979345450       -5.3301476436        0.9029333428
        4.8107097747       -0.1868676574        2.1984470505
       -1.5630413815        0.0349631891       -0.6675583921
        0.7774892497        2.8542178697       -1.2934042352
        9.7644438921       -4.5716068953       -1.0273526762
        6.5314192601       -0.8718760818       -6.5331521513
        0.3754300804        5.3909549810        3.6722623421
       -3.2908868465        4.4344937160        3.6934768625
       -6.7895021666       -0.2179433803        2.7207794593
        2.5867493263       -5.3715485434       -2.1994000662
        1.6664443966        0.1843488182        4.3030757914
       -1.1758014769       -1.4511597187        2.7180196150
