        13.3098684762       -7.0354558084       -3.2521102787
        10.5176790862       -7.1660599439       -5.8591352698
        -1.0617003713        2.2056325292      -11.6404872092
        -7.4163655957        2.4276608560        5.2860455690
         1.6730990064       -6.8938316797        7.7648656010
        -1.3620703749      -10.8810380132        1.9127150547
       -11.3423692383       -8.7825312387       -5.6066792736
        -3.2284283010       14.4108767543       -1.7155852312
        -1.2418990861        2.7487213731        9.7473761375
         9.3297752152        6.0972449355       -5.8192849613
         3.4175749298       -4.0209739815      -12.4759024677
       -11.7282837653        0.5601598623        4.6907606004
         1.1593685311        7.3733062946       -2.3289670003
         4.6422477412       -9.6628757125       -7.8795386298
         2.5427731313       12.6092301178        4.8611423448
        -5.4412468279        4.7715808332       -1.0664237567
         5.4919795419       -6.5842133359        8.0617904174
         4.3693101833        5.7866033158      -10.9407775538
         0.5294142968       11.0500866615       -7.6140341080
        -3.2291173934        5.4145244010      -10.8689798882
         4.0062686877      -10.2999239783       -1.2680047164
        -2.6932363780       -3.3975495491       -1.4682810000
       -10.7572443501        4.3848501276       -4.1487209648
         6.1300541496        7.4617952904       -4.3220231990
         7.8630474642        6.2575492575       -9.3596355646
        -4.9079357387        2.0170996394      -11.5893833923
        -3.4015107104      -12.8781726010        4.2950860240
         1.3641594523       -5.9138780473      -10.0430465929
        -9.9717107448        7.8678755190       -5.8168478197
         7.4401234493      -10.1214812712        4.4511760043
        11.7769261881        2.4870660831       -0.6497161953
       -12.7112528917        0.7413275209        1.0028294389
        -8.2662978490      -10.7153007878       -4.4508870060
         4.7800327331       -1.5312705336        4.1839334933
        -3.0099475282        0.2785185355       -8.9487647048
         2.0950042350       14.6358855300        1.6045599521
        -0.3385799726       -8.8729993288       10.1891275343
         5.4376623288        4.8494925748        9.9827927150
         9.9681382865       -5.6571069464       -2.4559682369
        -1.6320244751       -7.1971145163        2.0887343422
        -0.5548688825       -0.2906914692        3.2206061790
        -1.9328572790      -14.4116989272       -2.0592514293
        -3.4855582799        8.3805747897        5.0519164833
         6.2341513492        8.3986849586        8.6436700792
         7.5573897752       -9.5805782945       -5.3160774438
         6.6635300824       -3.1881749691        6.8437270933
         5.4793185400        3.3920962514        6.4450865455
        -1.9290238961       -6.3004486434       -8.1724111811
         2.7613550806        9.3206315309       -5.0246014078
         2.5906426137        7.2913486723        1.1945968578
         8.8587151888       -2.4224843351       -4.0818637055
       -10.3065949644       -6.0045057977        4.1202455926
        -2.5797861810       -5.7992441373       10.9684525378
       -10.8019827677        3.6800955666        6.5523236139
        -3.9592754537        1.0738575811        4.1358673309
         6.4282904909       -3.9583709438      -10.0764596519
        10.7431604195        2.7091453673       -4.3637720529
        -1.3779903456        4.3360469959       12.9983845158
         2.8736741927        0.0619466693        1.5526469800
        -0.4494062254       -4.3386161529      -12.9193837266
         2.5303968827        1.5200636092        5.0227693707
         1.5305259337        3.6875118100       -2.3773552703
         0.1294586381       -1.7248055806       -0.0701760396
         1.1017302636      -10.3807183729       -3.8287654900
       -11.8526354340        7.4091991897        1.6337836241
        -0.5633453431       -3.8062278199        8.4927224740
        -4.8691001566        8.7111170592       -4.4963707238
         5.0953397820       -5.1961357591       11.4726372145
         0.9498723835      -12.5145431979       -0.6582513229
        -8.1050558636        1.6094031216       -9.5372199821
         6.5390412213        2.7729057451      -10.4230795095
         7.6884149215        0.3058639894        5.5356242243
        10.5867197003        2.1968226764        6.8084788371
        -6.6720848906        6.5838728700       -7.0482351319
         5.8989818507       10.7476230210        5.5452089667
        -6.7004064206        9.7360173635        6.4329333454
        -5.9127595187       -7.3952020665        6.9899363641
        -7.5122863865      -10.9794862591       -0.6742449237
        -3.2126999983       -0.3426087569        0.4641955079
         0.4513604533      -12.7174934850        4.7335764982
        10.5975441812        9.1142093054        0.0749328305
         5.8094500217      -10.2961242878        7.9378292849
        -1.3630088005       12.8315442650       -4.7056283033
         5.6679488961        1.9238934833        2.8950811975
        11.7744035136        5.6798366512        1.3729178879
        -6.2429561913        7.4010448703        9.5126522446
         1.6639678146       -9.6181849087      -10.3291379940
         8.8634071569       -8.0007717556        7.3294061643
       -10.5967467630       -8.9896561064       -1.8635499463
        -6.2961106165        5.9626240589        6.0479846113
         3.3860351537       -2.9708597080       -0.8160873719
        -6.6952788579        8.1680370987        2.9372470998
        -5.1474020908        1.3348417542       -2.3157232235
         3.8702741042       -4.3965942427       -4.1799344653
         4.3739288075       11.1909657903       -7.7603275250
        -5.0067867886      -10.4727379722       -6.5104866789
        -1.8260440509      -12.3441950002       -5.3092495930
         6.1437863312        4.2184271832       -6.9114758635
        10.6010313260        5.9060386465       -2.2146349061
         2.7852337754        8.8828291941        4.6033402362
        -3.6592723548       -9.1700168697        4.4677534409
        -2.9596645701        7.5476117288       11.5223864603
        -3.3343034478       10.7448362700       -7.3431570293
        -1.4162411775        8.8381522123      -10.1566476322
        -4.3878314942        2.5791073215        7.5673565335
        -4.6298747186        4.1193899138       10.9779012826
        -2.8306925825       -0.6861945646        9.0313247476
        -7.1131562140       -5.0422634417       -9.0896975828
        -0.1894169798        3.2447195559        3.3623314348
        -0.4113802345        5.3737293447        0.3156805270
         1.3794942490      -14.0517174173       -4.0240244644
        12.9657048015       -3.9179588236       -1.0735077404
         4.2952124266       -5.8607498174       -7.5585301908
        -8.1142905059       -8.4795573890       -7.6219957115
        -4.5763602234       -9.1056901731        0.7149889952
        -8.4699569755       -0.8150663571        3.8422458518
        -7.3217130660        2.9981150929       -5.0737667425
        -0.9563371378        1.2235227953        6.4795264825
        -0.9700831987       -2.3602814252       11.9092138871
        -9.1131066655        9.8773973169        0.5230757368
       -11.8566260107        4.1941253847       -0.4876010703
         3.0959295513        6.5897749123        7.6667087023
        -4.3916153959       -4.0988122889        8.0882183790
         9.1049148108        0.6277733083        1.9310215189
        -6.6509471089      -11.1202683950        3.1090969281
        -4.7833310447       -5.3298620680        0.8727298231
         0.6298358446       14.7191137604       -1.9873643153
         4.5033344055       -0.0933417159        7.6858200572
         6.0385717361        6.9330321148        5.2770401574
        11.9687951306       -0.6590026550       -2.7770040293
         8.4799303031       -4.8808653544        9.5500114127
        -9.5839269680        4.5491027102       -7.7399699147
         7.4104105781       11.1956409972       -0.6419136982
         0.9694178817       -4.4625493368       -6.6666383447
        -4.4388492983       -1.7264048969       -4.1965819423
        -8.8571405078       -9.2439889822        5.6410350457
         0.8981675462       11.0618162280       -2.1754315629
        -7.0467493263        5.1877655514      -10.5835831946
        -2.9430302100       10.7547851231       -1.9014878199
        11.1615914555       -1.0448346290        4.7226248771
         4.1930575235       -8.1563297881       -4.4704845238
         2.6180861566       -1.1108790658       -5.6664970915
        -4.1588628359       -9.1267235738        9.7890801682
         9.6014197369       -2.5246269035       -0.2642030289
         8.7524010437       10.9420635840        2.9576320909
         5.9439846653       11.2828515942       -4.2388318979
        -8.1329947548       -0.4451370194       -3.5449687084
       -10.9708890696        7.6730475617       -2.1073557990
         0.8273921678       -6.7002192731       -3.6024999455
        -5.3618441126       -8.8951603080       -3.0492855664
         1.1695834293       -0.9677185929      -12.1937360066
         7.5780889461        0.9031547665       -5.5778669409
         6.2226445088       -1.1764618471        0.6053412931
         1.8594420309       -3.2757886399        2.6372641445
         7.3471221450      -11.7154436670       -2.0797913657
         8.5503771745        3.9135327833        0.3167135575
         7.7324233159        9.3735670651       -7.0652312278
         1.2434975462       -8.1742988080       -6.9661811638
         8.5051993823        3.7975681529        4.1296368769
        -0.9708701742       12.7163956056        0.7149625936
        -9.4481253941        5.7761409255        3.9308502620
        -8.6659663231        6.0850328097        0.2774882947
       -10.2168077424        1.1191767620       -6.2846384812
         8.8262292547        7.2298043640        2.7883021183
        -6.2226400203       12.2387340641       -0.6021082197
         2.3929089029        2.9931004705        8.6168229208
        11.6054081395       -4.2496788071        2.5221734650
         2.7911754069        2.3922311355      -11.4604823471
         4.7083561596       -7.3099780900      -10.9223554853
       -12.7580725907        4.0026733581        3.2358917963
         8.0360385762       -0.5306466762       -9.0822330199
        -5.2048718874       -6.6589115473       -6.2192705087
        -3.2341828404        3.1283356657        1.2404095274
         2.5468139914        3.9165009718       -8.1449164673
        -4.3279679282      -12.8516073833        0.5255559256
        -5.2448235769        8.5364363721       -9.8542965152
        -3.8547360459       10.4817245315        1.8431499629
         0.6705632338       -8.8430469474       -0.4585660973
        -6.1287183544       -2.0919858246       -0.7765528090
         4.3221076087        1.2756075475       11.2062270522
        -3.8088541442       12.1007633859        5.3106418174
        -0.3079949125        6.9377756582        3.6330730782
         2.4848482458      -10.6075806141        2.2801019242
         2.5157911688       13.0131894493       -4.8986586389
        -9.6272438410        2.5235318474        2.1791190579
        -6.8282094002       -7.2958781537        3.2589151615
        -4.3893903486        5.0098794152       -4.6430178603
        -3.4068488361        9.8783792719        8.4886920661
         5.4516846236       12.8464134750        2.2928366368
        -1.6827628278      -10.1122252471       -8.4836292664
        -2.6238874740        7.0714694578       -2.0683360799
         2.9896247467       -2.5534397674       -9.0976133986
        -0.0386668938        4.7273840094        6.6391995681
        -0.1328552069        1.7173706403        0.1166727171
        10.8963355440       -0.4718859015       -6.5106463766
        -7.2308256224       -4.1228665505        5.4456718979
        -9.4521647279        7.1890777122        7.4030390959
         2.9081205620        5.1114330368        4.3759133383
         0.1298665552        6.1740006075       10.0089574889
        12.5105881752       -0.7669828189        1.1274096989
        -6.2789478557       -0.0644366821       -6.8745861996
        -7.1407426829       10.2696228047       -6.9442043037
         7.4253341579        4.0705938041       -3.3036684492
         8.6530000893        0.7413686723       -1.8698977821
        -2.4712207275       -7.0563661997       -1.6599690050
        -7.4134694376       -3.5302631577       -5.5714233284
         0.1658847769       -8.9728888291        4.8970801919
        -5.1949794740       -2.1762630990        2.9845215813
        -0.0564528106        9.8658589866       10.3983474435
        -3.5305741568        6.8019891917        1.6166981025
         8.9628301524       -9.8130873074        0.8940588311
        -3.2287349829        4.6270287598        4.6844835982
        12.1766537029       -3.8057255977       -4.9248512925
         9.6091335389       -1.3771739116        8.2280183025
         4.0013356551       -8.6254650968        5.1972076296
         4.2735273337        9.3283532801       -1.5094513236
        -1.2400495196        3.6767169312       -8.2070162482
         9.3572726942       -3.8795874753       -7.5583287047
         5.7425934433        5.4233257687        1.9505873336
        -9.2702352175        0.4302372528        7.7252654267
         1.3945673513       -1.8355938925        5.9515356362
        -2.9582273027        6.9373658757       -7.4122809244
        -9.2288813520       -1.9075194590       -8.3210343401
         2.4191251210        9.0579904364      -10.3456140336
        -7.0485246094       11.8462096857        3.1768077315
         2.8669387118       -2.0987698146       12.0923276371
         8.5497055318       -6.0103568792        1.0878908387
        -6.3913510162       -6.0642106222       10.4602750983
        -9.2769741695       -6.0926262378        7.8293426627
        -1.1583426273       -1.4171944197       -6.2360984825
         1.2620069766       -5.5147294840       11.2920751809
        -1.0788878800      -14.5512881079        1.7103649200
       -11.2047727624       -5.8751272190        0.3647507226
        -6.4338652238        1.0906938849        1.2649220312
        -8.2213993628       -4.0196625767        1.7114514787
        -8.4455846806       -6.9628646183       -4.1930242805
         5.9825637081       -2.4837476598       -6.6534294587
        -2.4568577780       -2.1636362408        5.6635546422
        -7.6934714515       -7.1588091564       -0.4707423447
        -5.6943835726      -11.1133566692        6.8453460107
        -3.8231169218       -4.6930541887      -11.0886583646
         7.5256151503        1.7319467482        9.0986491691
         0.6088296669        1.9411088609       -5.4155314462
         2.7554090331        3.5911246002        1.1264668943
         2.1856640901       -6.9262021384        2.4628161854
         2.3604250980       10.9793662177        1.3993823169
         3.6549455479       -4.9100677310        5.3263090990
         0.5742525780       -3.0484105424       -3.3545635572
         3.0533650704        5.5967866013       -5.0220866815
        -9.0432893962       -3.8945381340       -2.0566065588
         4.4988069833      -11.8953163459       -4.7072847912
        -7.7614291983        3.9091858863        8.7888421371
         3.7049860698       -6.6198506704       -1.0544054633
        11.3667202885        5.7312690664        5.2148610349
        -5.2098344458       12.3956649836       -4.3529222947
        -6.2660528670        0.6240999519       10.1431897785
        -4.8284481414       -8.1381004936       -9.6077636641
         3.2817974305       -3.5003289812        8.7187843879
        -0.4595195013       12.1245223594        7.2837555213
        -5.8730449538        8.5163409893       -0.7843037248
         0.8434609360        0.5249239241       -8.8106623986
        -3.8917381033       -5.4452363519        4.5866967068
        -1.8719743734      -10.9870435886        7.3181735798
        -6.2996328169        4.4723057793        2.5649645479
        10.1264765073       -4.5650438367        6.0792472805
         2.3364927440        0.2259319978       -2.2345335508
         9.4904132041        2.9208486456       -8.0010179345
         4.6218350647        7.4826114084       -7.7536365866
        -4.1476215505       14.1363928820        2.0444164721
         3.2600577445        7.9586218104       11.0429998787
         0.8300920204        7.2475384550       -7.6072100516
       -11.5744187873        0.9184598967       -2.6746035352
         0.3974375625       -5.2518909511       -0.2629707188
        -0.6720627352        5.3443219579       -4.9290575448
         7.0540939128       -6.3115551812        4.6010079763
         7.0295161464       -8.0172627869       -1.8685698613
        -9.8787511903        9.4511921775        4.2793733190
         7.1819245721       -5.7786605662       -5.0409859987
         4.3029232711      -12.3305807200        5.0275261156
         4.2808483691      -13.9712825306       -1.4677694540
        -5.5469006678       -5.1625829436       -2.8236904090
         4.2849467328        2.2218486691       -4.5354961360
       -12.4021173074       -2.5331543066       -1.2082722719
         9.1443706134        8.7626484657        6.1455959487
         3.4881757738       -8.5683581368       10.5015917194
        -2.3033082149       -4.8321214627       -4.8084276658
        -7.6964365293        6.3693067730       -3.3925657780
         8.2145541143       -2.8568103155        3.3232002982
        -2.2158919936      -10.7406993977       -1.8623317199
        -5.8696812614       -0.8273153196        6.6504538178
        -4.1762321673       -3.2031025991       -7.6501194882
       -11.0698715714       -2.2991887043       -4.8551483775
         5.3538770700        2.0563693534       -0.8799784433
        -2.1713802286        3.4022189830       -2.3071423965
        -3.1060705444        6.0815500392        8.1197485188
       -11.5933953116       -2.6573956820        2.5506481073
        -9.4443363327       -0.7000974910        0.0814396288
        -6.0266782884       -1.5294384232      -10.4253977302
         9.2177629962        9.2870279009       -3.5114987127
         0.5914629958        5.6186602561      -10.9487679540
         1.9843305238      -10.7120842765        7.6830509079
        -2.7051259456       -1.1964033703      -12.3402441294
        -2.0879158299       -8.6016969328       -5.0740487338
        -0.5771612688       10.6203710974        3.8831059363
        -7.8329988435       -2.8119396406        9.0970526445
         4.0544289566       13.0607505730       -1.3289270824
        -0.1422121885       -5.2018185223        5.0117428221
         4.5834240722        0.8256584527       -8.0541752319
         1.5277285912      -11.8768080119       -7.2056711476
        -8.5411050934        2.7562994903       -1.4884699400
       -10.5650622398       -2.8034900633        6.2579078530
         2.7624866908      -14.2783849513        2.0761702143
         5.2054942078       -4.6252925718        1.8896925715
        -3.1330112656        0.8482168717       12.3708678804
         7.5008023711        7.3843009489       -0.7720176075
         2.9418020738       10.3830393480        8.0390123609
        11.9658879910        2.4418512351        3.2538751324
        -0.1939674898        8.4418234897        7.0021300611
         5.5845854012       -8.3860042613        1.6914069244
         2.3982638597        4.3780878473       12.1829494215
         1.0364008323       -0.3877396272        9.2817460411
        -2.1360592008       -7.1646431211        7.4161355669
        -5.0628725224        3.4298143306       -8.1178595146
         0.6746101690        1.0731313453       12.5927575959
        -0.8575780824       14.2752608281        4.0962758888
        -8.1912751188       10.1487287634       -3.2419762800
         4.4885005938        5.5547982148       -1.5653702024
        10.3703767950       -9.3944659638       -2.6787493235
         7.6366168503       -7.2532220526       -8.4208318184
         5.6508276775        9.1550341400        2.0813977842
        11.8949574599       -7.3873602161        0.2757527486
        -0.6898070369        9.0274307089        0.5145102304
       -11.9474683602       -5.7229643655       -3.4189702306
         8.4632512064        5.2966404604        7.6823384932
         5.0335284173       -0.6504335683      -11.4889972898
        -1.0778472842        9.1015648588       -4.8393333475
       -10.3335622614       -5.3687619108       -6.9885898936
        10.4123230676       -7.7090233933        3.8186218150
        -1.4244365548       -0.0231451448       -2.9072698152
        -5.1150115492      -12.5986450241       -3.2643054255
         6.4038379681       -1.7970516768       10.3812222194
        -0.8471064154       -2.8671771620       -9.5779450244
        -9.7608610779       -9.1384188315        1.8981980063
         6.6533283050       -4.3002254369       -1.6261752692
         5.5839001754       -1.0706872301       -3.1708896404
        -1.9009332524       -3.5411247740        2.2345715806
        -4.7848136354       -2.6524560317       11.4982366164
        -1.5136143830       -7.7648765711      -11.5272310244
         5.9058416070      -12.1262373699        1.4997576182
        -3.1944052167        1.7074648150       -5.5433478624
