         7.3069989637        7.2717900340        4.4355186603
        -5.1519097062       -1.2184449457       -5.7383126106
        -9.8087996461       -8.9677015054        4.4654446368
        -7.8082625040        4.6912025242       -9.6719346470
        -7.0931770926        5.0764400036       -5.9415786623
         2.3242748367      -12.1405817105       -0.3361629562
        -2.8792664569       -1.9941952676      -11.7628886273
         3.0820556822        2.0503672587       -9.0313971951
        -1.0906081552        3.0311693847      -12.5332442346
         5.8986234451        3.9629044806       -7.4060612969
        -1.1499883851       -0.7651121176        3.2714323406
         4.4622399260       -4.3615145122        1.3462187923
         2.4065604043        5.1489830134       -2.8544666773
         3.5353578793       -1.4813881475       -5.0589472702
        12.9828069518        4.1463368559        5.5370795272
         1.9102387040        5.0760200421      -11.0834905478
        -5.4612639834        7.6219831254      -10.3788461852
         1.0886859394       -2.8462928555       -2.8259867853
         7.1114116212       -5.0594976702        6.0342705688
        -1.2048915442       -6.7755750714       -0.3479425600
         4.3325322216      -10.7980403178       -7.7745555963
        -2.2683586354       -1.5666203145       -8.1246614425
        -4.3940702222       -7.6326808840       -6.8551760005
         2.3676461198        3.8045001009        2.2002376457
         9.4511850967        4.1034289026        4.4475330516
        -8.6347439813      -10.5252570771       -5.4269488001
       -12.2280093080       -1.3279756867       -7.9615114247
        10.0927233857       -1.6805477335        8.9366315151
        12.9585634737        0.2338735189       -0.7403215382
         8.4643340907        5.7071011839       -5.4728660625
        -0.7690438111       -6.7134127802       -7.6862618384
        11.1833477798       -5.8593218308       -3.2318607230
         3.8677072506      -11.7093851109        6.2448903077
        -1.3080281385      -13.0346292904        0.4673918771
         3.6591183895        9.8384578072       -6.9299759448
       -12.0366707274       -5.7937179336       -2.1408990598
         0.0541572630       -3.4773425817        0.6141472666
         2.5246771120       -9.6692989388        9.2141147149
        10.5245557191        2.4818486545        1.1116932450
        -2.3949411061        5.7714876635        1.3074925258
        -8.6627645945      -10.5798656955        1.1980724424
        -2.4631978895        9.0562584339       -4.1591523494
        -0.0092495186       -0.0040990849        0.0234960822
        -8.1034746073        4.4232998856       -2.2736053810
         8.0901744945       -9.5572085991        1.4074669927
       -11.9875830189       -5.7482603051        4.4530781061
        -7.9253474709       -0.8363096878       -3.2258189884
        -5.5332236719       -3.7013152519       11.2458786774
        -5.0765484704      -10.3544212092       -4.2859229538
         1.5091282057        9.4620986647        5.1633659190
         3.6815041090        4.8482155942        9.4457841866
        -3.0258222593       -4.3600756439       -5.7263943400
         1.2214147411        6.7822266756        0.4330062618
         8.0449155056        7.8147459777        8.1554717349
         8.4258169053        5.6662325138       -9.3248749027
       -12.5881995131        3.6338067557        0.4033014071
        -1.2692690336        6.2277782860       -2.3603579462
         1.1392589763        8.3823576051       -9.2947544184
         0.0056089806       -9.6768028190        1.4828601780
        -4.3082195084       10.8091641604        7.8710624252
        -0.0746586022       10.8581678724       -6.5345319935
       -10.3024183717        1.3841328802       -1.4397404871
         2.1602298296       10.0413256861        8.8921508822
         9.3822626869        1.7291195279       10.6068554584
        -8.0228319054       -7.8000971645       -8.0714289204
         8.8600511059       -8.7742089711       -2.3251538319
        -5.8939034734       -0.0802483153        7.3330415771
         0.5688588440       -3.4331529601        8.9021720187
        -2.4453547552      -11.5241112288        3.7928197192
        -5.3042780038        3.5240492358        2.4143023441
       -12.8545681678        2.0324881409       -6.1694080519
         1.2903548295       -6.2208096797        2.4511425043
         6.9566549248        2.4253074421        0.0549455611
         6.8884935827      -10.5713949908       -4.9431684850
        -4.1859128587        4.7037875356       -8.4577446956
        -6.9408983904       -2.4114863864        0.0284245972
         5.4623618048       -0.1727859982      -11.0638871179
         7.9214634140       -1.8635692686       -4.6353936606
        -9.8456791055       -9.0312649253       -2.1283881998
        -0.2580162158      -12.5458029651       -3.2471440252
        -5.0335139656       -8.1123151461      -10.4973416793
        -4.8192879687       -5.5464221786        0.0404153136
         0.7412824897      -11.7978289711       -6.9418648930
        -5.8784948462       -3.9906362583       -3.2538001924
         0.0326398271        3.8366944132       10.2018886960
        10.0754424946       -4.1404258801       -6.4775339918
        -2.5316524746       -1.6641050897       12.7982391530
         0.1843262769        6.1589546621        4.0755711084
        -3.8771581142      -13.3780015361       -2.4480561404
        -3.6028700592        8.6480552989       -0.4827356470
       -13.8515632121        1.3610986413       -2.5048381974
        -0.4744257243       -0.3758390929      -14.1402835105
         6.1899768792       10.3618709250       -4.0614736794
        -1.2112887048       -8.0113622442        4.7607477441
        -6.6159329649       -4.5041552497       -6.9418541383
         9.3410421494        0.2569439361       -1.8164454349
        -1.2703518923       12.5431038016       -3.3021013598
         3.6244047612       -8.6362419458        0.5742720610
       -10.5072499380       -2.4658977769       -1.0266232161
        -8.4035903086       -5.6508356882        9.4077784537
         2.2517530647       -6.0873950947      -12.0588243163
         5.8355185990        1.6651835049        9.4578634049
        -8.4453311894       -5.6937705412        5.5581420128
         9.4752832714       -7.9599009117       -6.0749457487
        -9.3643121548       -1.7127137646      -10.5219842953
         4.2908777038        5.2684406042       13.0670328156
        -3.3396979515        5.2166464889        4.8792484069
        13.8678349197       -1.3451278219        2.5923270918
        -3.2086375762        1.3464551172        0.5962968013
         2.4535875562       -2.2061014827      -12.5135458937
         3.5831665704       -5.0135155622        4.9184509108
        -3.7112731370       -7.0634242419       -3.2019339805
       -10.5001570563        0.3119129018        6.9789376054
        10.2162646490        4.6061003502        8.1676207826
        -7.2348121830       10.2983203134       -5.0232049774
         3.5466848930        2.3795995786       -5.2588779999
        -8.3850554547        7.9948441884       -7.8467108485
         7.3015116364        4.9823054529       10.6926229822
         2.2427614708       -2.0386568914        2.9274514118
         1.1123955673       -3.0171598771       12.6134145094
        -4.7702157902        4.2891938942      -12.0983194262
        -6.4345568252       -2.0774447987      -13.0184282598
         0.1197560496        0.0401662710      -10.4767214239
        -1.1184124349       -8.3691717117        9.3819642169
         5.6847955543        0.3045256280       -2.8358445488
         3.3379839001      -11.5814220989       -4.0816242295
        12.0577295736        5.8091853446        2.2265281573
         3.5372761155       -1.3420463660       10.2216916798
        -8.0708398639        9.5751949226       -1.3133760678
         9.8286766486        8.9811714780       -4.3799308666
         2.8408943854       -5.6796925913       -8.4183719362
        -1.4618247022        9.0539038731        9.7136515812
        -2.3901834878       -5.1419330464        2.9378602593
        -4.7655882086       -7.0157245830        9.4741280279
         8.7138125957        1.2937311660        6.9643932382
        -2.3018435981       12.1520715772        0.4290102739
        -2.5400917068      -10.0861459389       -1.3957157768
        -5.9340587162       -4.0030814032        3.2571209806
         9.0039759279       -3.5941653741       -1.3420998867
         5.0370881314       11.9388227271       -0.7847299066
        -0.0048639287       -3.8294343120      -10.1153436341
        11.7469531365       -4.3895180679        3.4025298678
        -3.8449222880       11.7230943258       -6.1504235899
         6.4394337141        2.0935487005       13.0791145098
        -6.8642870531       10.5833409845        5.0382738250
        -0.5413365104        3.3941273455        6.5519018962
        -7.2790043379       -4.9671224968      -10.6106183529
         9.5123490162        4.0977090448       -2.1715185709
         5.5542375287        3.7155931642      -11.1660564910
        -3.3146529099       11.5920983382        4.1758095278
        -0.7178475958       11.8083810078        7.0349904271
        -0.0974128431       -0.0253091442       10.5467224008
        -1.8895894492       -5.0627447081       11.1644918824
        -4.1074131113        0.9369700487      -13.7744140636
        -0.6077442826       -4.2346097525      -13.7547900521
        -3.0073835681        1.8515539250        8.8819307887
        -7.3360524563       -8.7320925885        7.3707079776
        -5.7817854829        7.4016860421       -3.1443781124
        -0.5498162841        3.4453219401       -8.8227413046
         0.7904696810        6.7253886631        7.7732580936
         6.6901172160       -6.5615732675       -0.4246347945
        -2.8700571094      -12.7214752991       -6.1124958794
         6.5091653911       -1.7251563625        7.8054003637
         3.0464045202        4.3737559894        5.8089301881
         0.4838992116        0.3819477255       14.1857042895
        -5.8764268155       -3.9480326796        7.4855429203
        -6.4903977841        1.7409361445       -7.7186054083
        -4.3853467207       -0.7806234639       -2.1264896822
        -5.2818887843        4.0966155722       10.8882019277
        10.8635285345        7.3731200176        5.5510033943
         2.2887845541        1.5806998002        8.2083449058
         2.5585265705       10.0951247100        1.4824038550
       -14.0350262555       -2.4738307221       -2.1361532468
         8.6831742806       10.5923488193       -1.1119779844
        -8.0706031656        5.9869347973        9.1541900914
        -8.4454868505       -5.7192610366       -1.0388469659
       -11.9185430332       -1.8581403964        4.1163180649
         5.7709105933       -2.0967751545        4.1070516730
         2.9258218210       -1.7293990120        6.5713642352
        -6.1706197780      -10.3514731072        4.1488444210
         1.8004292726       -6.3687010483       10.9282501223
         5.3173412894       -3.5054134075       -2.3228376721
        -0.1651030222       -6.1484972812       -3.9894327819
         4.1105879826       -0.8847682466       13.8471506730
         2.8920439277       12.7318033695        6.2015427199
        -5.4421396316        0.1868264266       11.1443149155
        -7.3281793546       -7.2836479079        2.2685953332
        10.4234595757       -6.6515914881        0.5007468155
        -8.9864293677        3.6104555704        1.4320924347
         6.2124937320        8.8533389720        1.0875192549
        -8.8402126444        8.7912657400        2.4190899031
         7.1523393680       -1.3010580034       11.4837128373
         4.8915144962        6.9036521344       -5.1461212241
        13.0653291995        4.1173123156       -1.0874451043
         6.7480211129       -1.3849747616        0.4639171339
        14.0530306910        2.4887603381        2.2217809984
        11.9349794544        1.8729615832       -4.0293574562
         7.3480288501        7.2955798735       -2.1836066353
         5.7995605484       -7.3850344957        3.2371379105
        -2.0747292905        8.5147479723        5.9825441539
         5.4797798373       -7.5987781490       10.4758312584
         4.8373996171        5.5566042122        0.0430314181
         9.8674782086        9.0455649551        2.2142607156
         1.4102812986        7.1839416838       11.4514551705
        -3.3622069501       -2.2713372038        1.0269807094
         0.0599884860       -3.7934125081        5.1585361395
         2.9049571607        2.0114878946       11.8555669487
        -3.5249865674       -2.3648247315        5.3340638553
       -10.4050953679        6.6691953327       -0.4083596446
       -11.1639142292        5.8757717061        3.3237457078
        -6.6719557838        6.5782491929        0.5161814398
        -8.6945314509       -1.2780520918       -6.8796362310
         7.8266287736       -4.6714670149        9.7659064945
        -7.1380456857        1.3209527025      -11.3936071734
         3.0260260159       -1.8385073283       -8.8029115825
        -1.4881153584       -9.4519015915       -5.0743824420
         2.0968180089       -8.5035043254       -5.8895958333
         7.3554104705        8.7447172370       -7.2847805134
         5.0554454565        8.1228950714       10.5826176367
        10.3173121571       -1.3695581567        1.5259122428
         4.8601220906       -8.0364332575        6.8431097352
        -1.2754229888        6.8178373134       -7.0491676604
         3.8975279244       13.3876486916        2.5363099408
         8.2386978578       -2.1081309087       -9.2553681480
        -3.6389912847       -9.8262809068        7.0177149431
         5.9129148718        0.0937082304       -7.2517706700
        -5.8603205926        3.7700032986        7.0968256720
        -2.9074628254        1.7437217779       -6.4868807953
         3.7175317120        8.5663472666       -1.8479190922
        -9.3093759458        2.1054492492       -5.1188367923
        11.0045324529        7.4430158823       -1.0886649743
         0.6885050143        0.4392998460       -6.8168066422
         8.0926366560       -5.9720361161       -9.0621302352
       -10.8599673654       -3.5250877154        7.3508027015
         5.8929891117      -11.0587917604       -1.2342891880
        -2.2270282212        2.0538354133       -2.8439326281
         4.7860553993        7.0291326241       -9.3904811707
        -7.2852934428       -7.2572290967       -4.3513259548
        -2.8159126343        5.6909144102        8.5115719616
         4.8658056661      -11.4615912973        2.4966294231
        -5.6728461540       -0.2916168746        2.9196657009
       -11.7306839648        4.4071920684       -3.3124047420
         8.1188704756       -4.4072963961        2.3635744729
         5.8996725127        4.0054859158        3.3371830933
        -4.2739379417       -5.2702171411      -13.0062022663
        -2.1374045470      -10.0312025341       -8.8022768120
        -3.6988251717       -8.5583682322        1.9344990583
        -4.4487466993        4.3752322228       -1.2583542682
        -5.7549461023        2.1112979735       -4.0209482688
        -0.0427962592        3.8054495375       -5.0786121442
         9.5137156126       -7.3638990058        4.2480730671
        -2.2920400413       -5.4029379061        7.3535127995
        -0.6709549964       -0.4273079121        6.8893040712
       -11.6209907825        2.0341613063        3.7408760232
         2.4660490665       11.5347338740       -3.7028945603
         1.4867592165       -9.0441022133       -9.6192759377
        -3.6612578153       -4.8404801734       -9.3649526235
         1.1017202132       -9.1790027442       -2.2215648522
         7.2546537675      -10.2795180908        5.1179630034
         7.5062905835       -5.6753244950       -4.1032499555
       -12.9436456444       -0.2183884659        0.8278853241
        -4.8730824892       -6.8933927307        5.2307217796
       -10.0558208275        4.1563790753        6.5685744821
       -10.8416969609       -7.3581090420       -5.4655875764
        10.6697973196       -5.0188661152        7.0990354508
        12.6069130920       -3.6179665204       -0.3139590641
        -5.8209077826       -1.6492165796       -9.3771687431
         2.3114008378        5.4151510521       -7.2716120189
         5.9506112740        4.0146727488       -3.1727317956
        -1.0696906911        2.8555418302        2.9081299454
        12.8720323652       -2.0154956217        6.2575695210
         6.6381012157        4.5193974995        7.0230588982
       -10.9835486833       -7.4283739006        1.1740833791
        -9.4547805279        7.9765200755        6.1695798855
        -1.7795353528        6.3839353569      -10.8403590582
         8.6559856655       10.5399834770        5.5127973623
        -0.0366622581        3.4760291224       -0.5259054451
         1.2954491404       -6.8041769553        7.1373393556
        11.5015501758        0.9018818777        4.4083893078
         5.7720985789       10.9123017546        8.0115146518
         4.4037353319        0.7950477627        2.2116324985
         5.1718073634        1.2329987251        5.8208616267
        12.2472577186        1.3438960155        8.0478189438
       -11.4841654661       -0.8861137456       -4.3224452120
         7.9436880132        0.8507051832        3.3097387570
         0.0965052737      -10.8450850850        6.6259269268
         3.3609968677       -5.2047085292       -4.7887855180
         3.7310154489        7.0756515034        3.2860761089
        -2.5024814587        9.6842610311       -9.1216955436
         2.4865459263       -9.0449786163        4.2528285257
        -4.8433080437       11.4749005100       -2.4026785103
         1.2922644417      -12.5301862360        3.3943251834
         3.2166184657       -1.3294119073       -0.5076457304
         2.5498624553        1.6762450009      -12.7239511118
        -7.4876315321        5.6934457559        4.1965539021
        -2.3471857004       -3.7918520205       -2.1148581266
        -8.2185063771        2.1225236852        9.3416119983
         4.4156046196        7.6451858751        6.9403364512
         3.3754104609        2.2805281867       -0.9428251913
         8.2458205272        1.9471659117       -5.1272686707
        -5.8698973205       11.0710805474        1.3285872108
         4.2054976927       -4.6845325243        8.5512333596
        -3.5201989424        1.3651649272      -10.1349851618
        -5.0177444900      -11.9301136884        0.8728765335
         1.1721979765        0.7810626108       -3.2015371069
        -6.7371113378        1.3985728624       -0.3792502478
       -10.1945859021       -4.5909216821       -8.0838309751
        -9.3270953626       -0.2417168201        1.9027700896
        -2.4323480891        2.2207657923       12.5933929441
        -1.3865321467       -7.1781418511      -11.3610637075
         5.0826021896       -7.9588525609      -10.3193608748
         5.7018892049       -7.5229859912       -6.6880976030
        -4.8397355978        8.0542413997       -6.7475512759
        -3.4781227159       -2.4133849754      -15.4132850293
         8.3384840995        1.7801188493       -9.3709796219
         8.4659616458        5.7336190906        1.1228224538
       -10.0750482750        1.6981907436       -8.8474388047
         0.2798974812       12.5550033157        3.3380570664
        -8.2297781257       -1.9333363016        5.2119004325
        -5.6781691220        7.5356857466        6.7835979782
        -9.4942144814       -4.0829885923        2.2563760024
        11.6379631423       -2.0180776372       -3.6514781464
         2.4119938145       -5.7628028653       -1.2197786182
         5.8805660416       -3.7562133547       -7.0093285179
        -7.5066613908      -12.1205364443       -2.0989171155
        -9.4955716309        7.3824681038       -4.1544562974
        12.0070773330        5.7624724924       -4.3678225393
         9.3262016463       -2.0891239551        5.2072516647
        -1.0817545769        9.1882216509        2.3118227435
         8.4044481370       -7.9758832098        7.9427144552
        -6.1918154407       -8.8426073059       -1.0021390281
         0.0153304970        9.6878362543       -1.3925315603
        -5.7502368851      -10.9000785243       -7.9245359740
        -9.4299194707       -4.0881937690       -4.3635557203
        -3.0618580382       -2.0370050116        9.1075941415
       -12.9614806166       -4.1317583923       -5.4516889043
         4.7864021650       -4.2597992887       12.1952093535
         1.2315932783        8.0218689420       -4.6728093561
         1.6701775448        1.1479753241        4.5791499613
        -3.5177316530        1.4935780962        5.1381749930
        -5.0543855869        7.9671696433       10.4164246169
         5.0973445087       10.3652440974        4.3725251223
        -2.2185480823        6.0911845298       12.1556458322
       -10.6514970051        5.0372233072       -7.0066739787
        -7.9046499932        1.8790968153        4.7230291930
        -3.5648767714        5.0295228061       -4.8274126477
        -4.7114733416        8.1467954556        3.1777864679
        10.5182768695       -0.2971878398       -6.8916619215
        -1.6497648134       -1.1338252108       -4.4948879139
         0.5611592770       -3.3817718061       -6.4675512114
         1.3290658011       13.0467920619       -0.3773893408
         0.6574753354        4.2177925614       13.8276679239
         4.7329609306       -8.1355077390       -3.0850673064
         5.3038794674       -4.0832078088      -10.8008664751
        -8.3182803629       -1.7658743561        9.4538064063
        10.8783278855        3.5389458191       -7.2650422237
       -13.0464208753       -4.1023020362        1.1731419870
         7.5267857721       12.1321506538        2.1850904689
