         7.9024848332       10.9244995406        5.8701102044
        -1.9278726721       -1.6183374815       -8.2115052714
        -4.5602769405       -5.7634049691       -0.1608081221
        -8.3980769975       -1.6537264149       -7.1935063110
        -2.7721039019        8.9593609817       -4.2166000849
        -0.8803663050       -6.8168210046       -0.4313768401
         2.9640830278       -2.0016195365      -12.4373285742
        -2.3943969064       -2.0553422514      -11.8717545066
         6.1298721565        0.4485357425       -7.0547225250
         1.3085915927       -2.7532253953       -2.8066949024
        -8.5683818711       -2.2193708686        9.1441470489
        -1.4514425267       -1.1730863282       -4.5616012632
         0.8528619166        6.8404175760        0.5031686266
        -5.7251788921        1.8613551437       -4.2192060034
        13.8045616117        3.1677085032        2.7346839821
        -1.3809014335        6.8004349499       -7.0718989270
        -5.4872087235        7.4184092036      -10.5399822458
         5.9490130267        4.3202370846       -7.1993248077
         6.9943090290       -6.2075099358       -0.2324531570
        -2.6280058836       -4.4604015932       -5.8569859114
         0.9312381317       -3.2984667582       -6.4668908062
        -2.8463250996       -2.4813672885      -15.5437751073
        -5.8954369651       -2.3057683862      -13.2516863036
        -0.2063083356        3.4866493822       -0.5157704107
        12.7069400613       -1.4169756373        6.6916000202
        -7.0586915537       -7.6309743938        1.9756751617
       -11.2897519537       -1.4124057050       -4.7343144091
         4.5412647475       -4.1078935912       12.3163015336
        12.8563168709        4.7633100700       -0.5944137364
       -10.6551309545        4.5606973802       -7.3631296352
         8.6304918975       -1.6299875511       -8.9831413829
        10.7305890024        0.2959011119       -6.5397638777
        -4.9555420179      -11.1325384289       -8.1972218275
        -2.0126126826      -10.1891954170       -1.5383320822
         4.4495857737       12.1797375969       -0.5628520180
       -12.8843679591       -4.7305313476        0.6908149145
         4.1945577391      -11.5415498471        6.3052216289
         7.5452520892       -9.9393058102        5.3025565909
         5.8069615754       -7.6197908176      -10.1819903376
         4.5995453267       -4.1337252688        1.4710895109
        -5.5804715517       -4.2474662683       -3.4830155957
         2.2795124164        5.5774392659       -7.1779613332
        -2.2387241105        1.9714873141       -2.9198815445
        -0.2858565814        6.1440569715        4.1039887435
         0.4044721173       -9.6711746773        1.4230600289
       -10.9458056619       -4.0846489970        6.9449129388
        -9.8544259162        1.2635291756       -9.1956309110
        -5.9537931598       -4.2657246503        7.2551818651
        -4.4257202748      -10.5460268158       -4.5099659156
        -0.0488479278        0.3284053367       14.2284078480
         3.6552068569       -0.8032670145       13.9857773704
         4.0245545272      -11.3630582727       -4.0263484550
         3.6003175519        2.6070043534       -5.1349819214
        -2.9149474730       -1.8578385140       12.6982256113
        -0.4352444500        3.4771885365       -8.8294580446
        -0.6591487115       -7.1591185774      -11.4447138666
        -4.2149667712       11.5690981593       -6.2403815025
        -7.1414674462        4.7687303597       -6.1730711820
         0.0446947894       -3.8082989718        5.1328075765
        -9.2207201299        3.1667364004        1.1187996271
        -0.3922058391       10.8915497742       -6.4996212472
       -10.7628362237       -0.2341729949        6.5992535047
        -3.6540953046        4.8895305314       -4.9368892501
         1.8943790272        1.6452587761        8.2896719744
        -6.6767180083       -5.2473976110      -10.8858795248
         0.3735898322      -10.8647785281        6.5588645218
        -9.5313848062       -9.4475208172        4.0792855974
         5.8558185880        2.3263228764       13.3327897736
         1.7629442202      -12.4712648151        3.3634554189
         3.3933601179       -1.6220455858       -8.7073918862
        -6.3174045119        1.4759154631       -7.9410404654
         4.9828684310       -7.8291778577        6.9519701288
         3.4076832180       10.0506389394       -6.7737949363
         8.1414166253       -1.4219134627       -4.3783230040
        -2.7825589789        1.6487004444       -6.5846520360
        -8.4616832680       -6.1034598154        9.0768962674
         0.0524135810       -4.1689656375      -13.7950477551
        12.7484745546       -2.9742308014        0.1004124372
        -3.1637530974      -13.5578939318       -2.6688162304
        -3.4165856836      -10.0277686824        6.8294019827
         1.6055766282       -9.0888040861       -2.2356878030
        -8.1698802852        1.4700965012        4.4406867174
         5.8354415522        4.3362994914       -2.9385656112
        -0.8560597545       -9.4677374742       -5.1793455332
        -6.3032474411        7.2153888333        6.5968752888
        -3.2995264235       -2.4271714877        0.8889820636
        -3.2969199541       -2.2319366978        8.9867767739
        -5.7683160114       -0.5751192699        2.7092250800
       -11.9698866345       -2.4519426915        3.6803122860
         2.0123850661       11.6686415670       -3.5785184579
        -6.8201313893        1.0452462294      -11.6379727685
         0.5103877741       -3.7556661887      -10.1340499335
         2.2318755190        5.2899457811       -2.7511009857
         2.7519787819       -8.9356659400        4.2783518972
        -3.6972058790        0.8237801680      -13.9131024943
         6.8011558350        2.7733258115        0.3153783750
        -5.0107634344        7.8589779449       -6.8880831800
        -2.1021985513       -3.8787481751       -2.2228610900
       -12.5686285572       -4.7193545081       -5.9275184598
         5.6965033146       -1.8295010111        4.2926256785
         6.2794796367       -3.4017320853       -6.8277007971
         7.3328904138        8.1546228715        8.4769428220
       -10.3518583834       -2.9617220112       -1.4127257355
         3.9989358950       -8.4427132818        0.6461483982
        -1.3521842272      -10.0559960420       -8.9314972927
         9.0510539662        4.5414795277        4.8043899209
        -4.0206654654        8.4717632815       -0.5832513930
         9.2067275372       -1.6564462254        5.5173434180
       -12.7813341892        3.0203565875       -0.0351978002
        -3.7942976205       -7.7909011258       -7.0536289968
         3.7605720911       -4.9849179402       -4.7009152264
        -0.7073003253      -13.0855566973        0.3451378015
        -3.7858910856        1.2972928650        5.0140766975
        10.6316420074        7.9903298486       -0.6532443402
        -1.5058436311        6.1835324674       -2.3859802651
         3.3885005421       -5.4673259116       -8.3493044578
        -8.5095222441        7.6315052311       -8.1104123352
         1.3227295688       10.0911341187        9.0032905881
        -2.0502170185       -5.2106649981       11.0631759442
         0.4031309937       -3.4481490233        8.8957876841
        -7.7103151243        4.3700984819       -9.9272632089
       -10.3220151326        0.8963593747       -1.8043538777
         3.7611440533       -1.2561632010       -4.9488572221
        -2.6771385940        9.6173680522       -9.1716938513
         7.8975057782       -5.2540035964       -3.8756319029
         2.9441097555       -5.8854097534      -12.0100622504
         5.7015269957        9.1501955494        1.3547511719
         7.6785034062       -4.3443517925        9.9985466587
        -3.3081540455        1.1947317610        0.4779323370
         9.5091083155        9.5270327744       -3.9677502140
         2.2463349850       -8.8858770406       -9.6129086199
         2.2137366363       -1.9346754667        2.9864357441
       -11.8524493554        1.4497277692        3.3280413709
         1.3544624279       -6.7714991294        7.1323741061
         6.7551685860        7.6009702281        4.7314704913
         5.7393672051        0.6175060555       -2.6395602267
         1.5560766762      -11.6841603192       -6.9789424904
        -1.3317724340        2.7908328591        2.8761870009
         9.6864971374       -6.9076344979        4.5293947499
        -5.5782669225      -13.9005653620       -5.6420985609
         3.2366229066        7.2376827988        3.4532595024
         0.2579616956       -6.1093909660       -4.0291544801
        12.5358747032        4.7499230903        6.0173866990
         1.0265924850        8.4973477507       -9.2257343185
        13.7927668458       -0.6691109699        3.0649008238
       -13.8273116590        0.7062462661       -2.9935226966
        -5.2368916379        7.8945544016        3.0326215027
        -8.9222469430       -2.0998214033      -10.8583355315
         8.1549764458       11.0272544201       -0.7441643553
         6.2780150541       -7.1737318249       -6.5288449793
        -2.2743877885        8.9223616733        9.6841347803
         0.1599091768        6.7169289115        7.8230545267
         8.8869594117        2.1224076194       10.9421098248
        -6.1572144555       -0.4034526528        7.1173912749
         5.6951460487        4.0392126932      -10.9899325991
         5.1148958190      -10.5053021691       -7.6791154478
         3.5416518063        5.4105143607       13.2594022229
        -6.7933267143       -7.5728376806       -4.6436670872
        -7.9261105163        5.3018608305        3.9409272124
         6.4477858439      -10.7366437306       -1.0918163215
         4.3992750669       10.5842132237        4.6010510052
         1.9860468834       10.2053786091        1.6129564798
        -2.0151747694      -12.8127383160       -6.2975336738
         9.8232015319       -1.2383505904        9.2727901515
         9.3005130079        9.5136011861        2.6105242363
        -3.7860483066        5.0245099321        4.7702769855
         1.4836626428       -6.1592874241        2.4525477647
        -4.9033399633       -1.4269691309       -5.9285142057
         5.8175715820        0.1656981069      -10.8812098979
         2.3555263721        2.0781983632       11.9485507049
        10.2608054629        7.8691449320        5.9723674879
         1.7040531170       -6.3372282375       10.9415873006
        -2.9777709277        5.9154634957       12.0800188718
        -8.1357736085       -6.1097315074       -1.3653163110
        11.8686861857        6.3835496431       -3.8925176098
        -3.4257933481        1.6556716056        8.7763501624
       -11.8613016422       -6.3401335812        4.0001785095
        -5.7571145337       -4.0291587212       11.0273226540
        11.7991718261       -3.8197064689        3.7822638815
         3.6270004712       -4.8571148864        5.0023075038
        -8.3649926109       -6.1191376687        5.2290667637
         4.8745556621        1.4560412108        6.0099205796
         9.3374825964       -8.2963260778       -2.0663685447
         6.7674122085       -1.0398705277        0.6912105055
         0.6240148115        7.1877779909       11.5196247751
         6.6409677241        5.2708929152       10.9726821198
        -3.4177487337        5.5031282096        8.4186929975
        -9.0830218337       -4.5111451807       -4.7155799378
         2.7019128810       -8.3352851239       -5.8607461172
        -9.3653425167        8.3412649947        2.1305201811
         5.7964098115       10.6759058751       -3.8142909474
        -7.5736261194       10.2123077894        4.8234884431
         3.2194997423       -1.2349258907       10.3248938476
         5.5509463944        4.2776987486        3.5668675807
         9.1898920311       -3.1195803673       -1.0531002919
        -2.7389652471        5.6480654054        1.2394409967
         9.6589279751        5.0548618531        8.5508776076
        12.9227377100        0.8904590424       -0.2928766383
         0.9856036826        8.1107046605       -4.6070927781
        11.8202133174       -1.3977266533       -3.2655493635
        -8.5024452603        9.1868937524       -1.5678305024
         4.2481882334        8.3043523334       10.7947616168
         2.8025533095        2.5004974460       15.6198287861
         3.1200187838       13.5524383288        2.7251505937
         3.0803118040        4.9760427704        9.5973896708
         6.7839128109       -1.0227621131       11.7143359495
       -10.6638865276       -7.9496724032        0.7521853084
         5.4552740802       -7.3912499946       10.6053350209
         0.7920998166       -3.0329059478       12.6258085901
        -9.3393540764       -9.4755640693       -2.5165511434
        -0.0675610617        3.8440846759       -5.0711020327
        -9.2362115548        1.6866602137       -5.4417146259
        -5.5746519155        3.2541573440        2.2298854296
        -6.8758464635      -12.4609931416       -2.3945859827
         5.3089456349      -11.2184086267        2.5958968960
       -11.8861348810       -1.8694563602       -8.3982373732
         3.2727625722        2.4638901272       -0.8108042010
         5.2138023598       -7.8585538261       -2.9660919740
        -5.8169923041      -10.6538118852        3.8744194783
         0.4539024077        0.1170852110      -10.4683311829
         5.3930982123        1.8939189124        9.6707363427
         3.3379195199        8.7570271983       -1.6855698969
         4.1059666714       -4.5262329512        8.6546480584
         2.0078765596        5.2394398317      -11.0030135884
        11.6470908238        6.3867978000        2.6851880788
         0.8833348541        0.5276137229       -6.7892043755
        -0.4925723133       -0.0915619338       10.5427755621
        -6.0437413035        7.1409354490       -3.3244890885
        -5.8593704809       -4.2938144887        3.0237156448
        -0.8344381154        3.0565328009      -12.5580593171
        -4.0482985240       11.3980534270        4.0939195400
       -13.8351453245       -3.1342679430       -2.6453183356
        10.2886838013       -0.8575128363        1.8769075021
         4.5309203422        5.7981095457        0.2432914627
         5.5441055375       -3.2087499348       -2.1607356790
        -5.7391655776       -9.1151304153       -1.2584464117
        10.0449751224       -7.4279468190       -5.7861482410
        -1.0057509631       -8.0833230028        4.6658505084
         4.7050779195        7.1748592582       -4.9514232252
       -11.6800504024       -6.3523026801       -2.5930387131
       -10.0714755482        7.4751457221        5.8539841495
         4.2573642398        1.0063380443        2.3712058473
        -5.1358498197       10.5464231416        7.7465312421
        -6.7995334932        1.0790277200       -0.6190341975
        -8.2455928567        4.0447994264       -2.5479266921
         9.3522935185        0.7443540754       -1.4939526958
        -3.5812996868       -5.3878537276      -13.1795116094
        -4.2848775330       -8.2784289821      -10.7139231042
        -4.4737356990      -12.1571513238        0.6313224691
        -2.9271881862       12.0281588135        0.3888706227
       -10.4964686658        3.6278351470        6.2164369010
        10.8843922197        8.0252629046       -7.1491322472
         7.1915212392        9.1237431198       -7.0189404448
        11.8545489258        1.8955124547        8.4834372672
        -4.7288409673       -7.1429793107        5.0190715506
        -5.8538104497       -0.1407442333       10.9443028546
        -1.2460189235       -0.8308622364        3.2205906919
        -1.7819308170       12.4926515836       -3.3010377736
        -3.1145257420       -4.9504568378       -9.5171096140
        -7.3663918475       -8.1291377248       -8.3869311568
         8.2152063885       -4.0067184972        2.6161280612
         2.6481206755       -9.5879067623        9.2342335239
         7.5511803485      -10.1727176490       -4.7583028397
        -8.3222291920       -2.3533922712        4.9057804357
        -7.1708750109       -9.1138407579        7.0627833253
       -11.5744312359        5.3109566245        2.9413183613
        -7.9553128341      -10.9141386070       -5.7870683008
        11.9304351104        2.5042016673       -3.6185744286
         8.1046242122        6.1437714135        1.4544435798
         8.4746560960       -9.1463750851        1.6297515601
        -7.5713143007        9.9743226802       -5.2415508753
        10.6918519295       -6.1193512422        0.8221637131
        -0.0237758502        0.0084455653        0.0178959930
        10.6261781585       -4.5315610516        7.4339533746
        -0.9605281661        3.3317409077        6.5386393588
        -5.8807492488        3.7735812315       10.7040846602
        -8.6973012977        5.5360483074        8.8777276726
         8.2907248271        2.3986005984       -4.8370866496
         6.8132353526       12.4837406607        2.5123294609
         7.7473478111        1.2269482947        3.5964388406
        -2.7254015677        8.3749948192        5.9324688700
        10.3205420640        2.9954789032        1.5015659558
         3.7623957747        7.8176529699        7.1308495128
        -1.5712289217       11.7259339835        7.0475580633
         3.2765790811       -1.1518876533       -0.4058764005
        -0.0922521945        4.1922927291       13.8680008835
        -4.5789303689        4.1315706845      -12.2476587437
         7.1125400115       -4.7383755748        6.2429700749
         2.9046230413      -12.0019931281       -0.3248586788
         8.4803879520       -7.6027067043        8.1770154889
         8.3413219491        6.1647999014       -5.1255777715
        -5.3304181971       11.2461372131       -2.5338668313
        -2.2566886409       -5.2591870132        2.8205802841
         2.0169770654       12.8305481525        6.3521505862
        -1.0560447104       -8.4651634912        9.2862107473
        11.5444225011       -5.2614582547       -2.8764588444
        -1.7394503529        6.3655704859      -10.8784269949
        -4.2843806566       -0.9709029101       -2.2923138918
        -4.7643036492       -7.2889999237        9.2630124753
        -6.4696443473       10.7689605530        1.1549559514
         0.8342824946        9.5022512208        5.2520894706
        -9.3760545067       -4.5433237256        1.8984902863
         2.8664046106        1.8767546062      -12.6307541898
        -0.4773307100       12.5407978066        3.3923735601
         6.2864108218       -1.4488011974        8.0164993302
        -5.4278032167       -1.8692848084       -9.5893311200
       -10.2961473318       -7.8390959121       -5.8815297115
         8.5392187149        2.2499283335       -9.0933037816
         3.2660103317        2.2656056579       -8.9128846766
        -6.8302925123       -2.7382386555       -0.2336808872
        -4.6293729418        4.1708998199       -1.4051940664
        -3.0029693914        2.0261001347       12.5070098034
        -7.7776022518       -1.1953771157       -3.5139894252
         8.3921705447        6.1069166125       -9.1606095731
         0.4500587133      -12.5122067860       -3.3216775648
        -4.1372493630        4.5538000906       -8.5877480998
         0.0048317359       -0.3078965201      -14.1557570630
         4.7288973130        7.3253825341       -9.2153695518
         9.3505467440        4.5819129419       -1.8034524221
        -3.2554455222        1.2593913494      -10.2529671720
        -1.6324321458        9.1177201429        2.3037787776
        -6.3084751143        3.4434206074        6.8930753629
         2.0761021781        3.9121824045        2.3020666787
        -8.1977753834      -10.9790242192        0.8520776680
        11.2583573003        1.4437736256        4.8189314241
         6.0153712524       -7.1047054531        3.3881320778
        -0.1905745197       -6.6854128237       -7.7474055090
        -3.2662735885       -7.2064813797       -3.3693227525
       -10.7215850632        6.1633120677       -0.7576831649
         7.0280754681        7.6761008818       -1.8773674496
         0.1835748706       -3.4621590968        0.5891880645
         1.4268514786        1.2079262309        4.6399549180
         2.7533508559       -1.6189168488        6.6546859595
       -12.9580943108       -0.8462091446        0.3628162706
        -9.7152414425        6.9442331904       -4.4641793020
        -6.1627039380       -4.7758977092       -7.1943035459
       -12.7358699934        1.4467527273       -6.6163656311
        -2.0304260876      -11.6471543632        3.6372085101
        -9.6913356297       -5.0288161055       -8.4612300574
         8.3673131031        1.6810809157        7.2770976293
         0.6827457215       13.1018001456       -0.2837976841
         6.1314223521        4.8011343120        7.2810631280
        -3.3619234380       -8.7307869437        1.7536105026
         2.5981874296        4.4894632993        5.9377502057
        -0.4259253243        9.6915324494       -1.3596803217
        -5.8340669466        7.6579864518       10.2499197129
       -11.8296105102        3.8567714265       -3.7136612645
        -0.9123455412       -0.4940093806        6.8594530104
         1.2336738808        0.8777910506       -3.1619922209
        -3.6088064652       -2.5564379243        5.1948384797
        10.4691002936       -3.5773833048       -6.1526388417
        -2.2998557046       -5.5442420024        7.2375089841
        10.9040120815        4.1786057674       -6.9004890569
        -7.0225482281        6.2507233730        0.2969589543
        -0.5452419033        3.7836043706       10.2069322930
         5.8498493591       -3.7403834277      -10.6370782785
         2.7131609420       -5.6167989832       -1.1723621717
        -8.6584069281        1.6688612359        9.0487202037
         8.6705999650       -5.4950644793       -8.8107444570
        -9.3838306242       -0.6992388780        1.5641077509
         4.9164179466       11.1415356059        8.2631617628
