        -4.8902573758      -12.8916654286        1.3633446513
        -4.5942133284       -7.4310002623      -10.1039648592
        -1.0765900673       12.2541971167       -2.5293571087
        -4.7666729796       -1.9806016097       -8.8670074203
       -12.9765803711       -3.6709751823       -1.3044497175
        -5.1112110417        8.3290267987        0.8840612646
        -5.1125534129        5.4418147768      -11.6534956582
        -1.5949736988       -0.4024762326        5.5969616949
         0.9793979872       14.8871174984       -0.7929899108
         3.4411254618       -1.8865133943        3.4912961583
         4.8594908071      -12.1314313778        5.8706690892
        -1.2707524548       12.1252354701        6.0272183934
         2.6636141430        4.9342202814       11.3940651137
       -13.3141248833        3.3524640685        0.5652527509
         0.5170021457        2.3758613145        9.4752044687
         2.5691440015        4.1230288708        1.7063774898
        -5.7840871998       11.9401747375        0.0457700756
         6.3717736424        5.3747972082       10.4652270341
        -6.0684245377       -4.7577455179        3.5503422145
         9.0000506778        0.9063249077       -9.0798137513
         3.8837478235        8.2193138261        9.6766317064
        -1.6298456124        7.3219012713        1.6611026380
        -9.3993914797        4.3331219484       -2.3215681489
         6.4926894256       -0.1222618903        8.6774776935
        -0.1354930131        2.7267712297       -3.5237957094
         7.8461252260       -2.7387071059       -9.6977091439
         0.1577229072        7.7977711867       10.4880772514
         8.8330004838       11.7001772484        6.9207021680
        -5.7648841411        0.0357558721       10.4786074983
         3.4215968758       -2.1948254713       -5.2141747029
         8.6026299056        2.3653754550       10.2599581303
         9.5261191024        5.4599380290        8.1632763258
         1.5492761802       11.3124306098        0.0492011417
        -9.6852928569       -3.8216929495        3.0712494680
        -2.6853079309       -7.4270787910       -1.4087998312
        12.6260447192       -1.4353917842        6.6817389174
        -6.9350847744       -4.3993313169      -10.7582116973
         9.0845003425       -4.8387497932        1.6847006113
        10.9304924333        1.8693389843       -5.8086477423
        -8.7566534409       -0.1297654116        3.6889446168
        -3.1011443059       -3.7644279757       -2.1030243215
         5.2062421192        5.8429374343       -0.2014096020
         3.3258626320        3.4973949435        5.2052067123
        -6.6615142413        0.8750314562        6.8316312705
        -2.1871717307      -13.9751440247        3.8529353125
        -8.8342025010       -5.2401977072       -4.4943212952
        -7.8316157297        8.9997271050        6.7923678678
         0.0181219185        5.1584762407       -0.8027210497
         2.1061726612       10.4882156186       -3.6789514497
        -0.6148476299       -1.2349090404        9.0363690610
         5.1718197920        2.0674156652       12.0684639118
        -7.7438460050       -7.3233130646        9.1589885376
         5.6446321426       -6.7810801200       -4.9098507008
         1.5537378339       14.0800359718       -4.5074336996
        -0.8508995144       -7.1573851241      -10.9166449179
         4.6037499082        9.5784493705       -8.4458467435
        -7.0845178483        6.6387167529        9.8029488489
        -2.2036232017      -10.3627823356       -9.1933541274
         6.8947651819       12.0643267348        0.6531485619
         7.7641562452        7.4967630495       -9.4053534795
        -4.0556320092        2.2605086799      -13.6213286483
       -11.2714920728        4.4375740703        3.6649582578
        -3.5596941205        7.3468852549       11.1643348844
         6.7391810359        3.8462707247      -10.2018230357
       -10.2406949621       -4.4722298594        8.3641441123
         5.2566958914        8.5918182704       -4.7772605840
        10.1162585860       -1.1034977798        9.4592763253
         1.5280815198      -10.7675013015       -1.5250608124
         5.0362938947      -12.0290456019       -0.8373277238
       -11.3551833345       -1.8219761684        5.8340673682
        -1.7787022626       -0.8225958326      -13.0564702825
        -9.1934380512        5.5221721281        6.7594721719
       -10.3379103802        1.8732613950        6.3962199151
         5.5032567079        6.0459362208        6.9851877917
       -10.2910907987        7.9088028078       -3.1235284587
         7.9592440655       -9.5426710518       -0.7936678330
        11.4730876996        6.4872923211       -1.4376118793
         1.6984063505        5.2084629263       -9.1552622161
        -6.0321213402        3.4178726447       -1.6712568367
         3.7335182330       -7.6916158482       -8.0818719023
         3.9416005733        2.2528066317       -8.2536199881
         4.2539421258       13.1331996755       -1.9391186085
        -0.8993504711        3.6083114284       -7.1228150728
       -12.2449954271       -5.5020492307        5.1510845251
        -7.6797310987       -2.7885541433        6.2644669408
         2.0820397007       -0.4587429453      -12.4194432189
       -12.6124684255        2.2403432563       -5.6115618506
        -5.6462165536       -8.4168843490        4.3787145866
         2.1277633019       -5.5986559916       -5.4766174797
        12.5783802771        2.8606764293       -2.4081078626
         0.4561169385      -11.7581398575       -6.7118343388
         5.6110276082        0.1824244180      -10.8613138706
         9.8139535172       -1.7819360572       -6.4342549980
        -1.1163462435       -9.6218198334       -4.0551888966
        -6.2790925740        1.3553863849       -7.6168220831
        -5.5654374779        4.4964930528        7.2885713604
        -5.1156840393       -1.1150343479        4.1741250807
       -10.6748651699       -1.2030005805        0.4787415927
        -1.6651583547       15.8358075320       -3.3566847750
       -11.2368286307        6.4347081130        0.2912182752
        -7.7741020421        5.6077560647        0.9866080117
         8.1434262275        0.3573579742       -3.8319661468
        -4.0318228438        2.5044491902        4.7121110377
         8.0152291057       -9.8684327404        5.9232065306
         2.9244790057       -6.8897362348      -11.6058466668
        -2.2410849303        8.0582156498      -11.5718944957
         4.7713254999       12.1945809949       -5.6332319471
         5.0514003340        5.9075696339       -7.5056680036
        -1.5893437851       -5.8966402839       -4.7057294721
        -1.7092038846      -11.3486636681        6.6722855898
        -7.5963875563       -1.9346030927       -6.1636640191
        -2.2272961874       10.8860782346        0.8175122920
         2.4949151367       12.5404253775        5.2337169884
        -0.7321593949        6.1899772141       -4.4098234379
         4.4212362488       -2.5650345924        7.0075114118
        10.8381334807       -7.0164140684       -0.8068505126
         7.5008106055        2.9444001010        6.6237073945
       -10.3810767591        5.2330288068       -5.8952902939
         3.3558337254       -9.7764784487        1.7146702709
        -4.4155845819      -13.4967792861       -2.4644770026
        -8.4306183753       -1.0609637959       -9.6702467109
        -1.4943730913        7.1046201177       -8.0179322338
        -9.7012222481        2.4900285634        1.0057931777
        -9.8599410914        2.2487667597       -8.3651138937
         8.5253147604       -7.1917086117        8.6864629330
         7.9404976236       10.2281217539       -6.7125204499
        -7.7249000976        8.0387605360       -6.0388314141
        -0.1443600433        2.5203354657      -13.4556751338
         7.4257365054       -5.8131001670       -1.6052225742
         6.0277036703        3.2635604094        2.5946568349
         5.4638973878        0.5452405277        5.0097855677
         1.9186093255      -10.5412928990        7.9071750278
        -1.3076359327        9.7036645319       -5.2763576038
       -13.7820334809       -0.9813693554       -3.9032260301
        -3.7458457671       -8.2803939322       -6.5189418284
         0.8653060312      -15.8314610581        2.5504612068
         3.9408682573       -5.2654437368        4.3262763730
         1.9034754019        7.9035726918       -6.4647363177
         1.9028659638       -0.2035325857       -2.6995164226
        -6.1112446876        6.8231222596        4.2899217983
        12.1510690117       -3.4488121590       -0.2566956002
        -6.9882388885        2.2523336264      -11.0484388770
         6.7357077208        9.1732076696        5.1727754653
        -5.4344447059        0.4790586862       -4.2419804205
        -2.3517806516       10.5375135212        9.3642333358
       -12.3736176705        0.7857415416        3.2091308175
         0.9727654113        6.3094806531        4.2544659280
         7.4714370868       11.1971320096       -3.0544724133
         4.0151095731       -1.2764949193       13.5717666802
        13.2612776314        0.1774298406        0.3511393252
        -3.0874023897       -6.7030894751        2.3256998805
         0.5425583450        1.6095661151        0.0119053537
        -1.1383407127       -8.5753973270        9.3059802954
         1.9156417982       -4.0819417999        9.5875222274
        -4.8556021574       10.7077591442       -6.0981044613
         3.8346991262        0.7118024829        0.9417317877
         2.4351463279       -7.7585292202       10.5115434869
        -6.8924026438        4.3749813385       -5.2693251992
        -2.5168755577        0.5291627059        2.1710402907
         0.4562716928        1.5712714010       -9.8489101083
        -5.5472607129       -1.0724840087      -12.3086326129
         6.2201131053       -0.6416210679       -7.1537954106
         4.6019946479        1.3922846905       -4.5821064668
       -11.5891143001       -7.0252531349       -2.5205253482
         6.2543233527       12.8110442559        4.3696405813
        10.9675001097        7.4370078944        2.2510953723
        10.0657746577        4.5585849995       -8.4165996691
         4.7602860792        9.5036454749       -1.0871657690
        -8.6274766848       -6.4364362753        5.6097375098
        13.7129271692       -2.4903134264        3.1757302888
        11.0469728420       -7.4471989886        5.8689316548
        10.0389487095       10.0038960993       -0.4550858886
         8.1983611382        5.7926240541        4.3125915539
        -8.2189146568      -10.0855439560        6.4514458400
         5.4480425764       -9.5471802019        8.7181540389
        -7.4652749549       10.6579339201       -3.2342680960
        -1.8905450460       13.2552782452       -6.0885546478
        -6.7823670354       -3.6649666811        9.8965235688
         2.9931785330       -0.4563466447       10.1857304097
         1.3729369155       -4.7472511021       -8.9350164170
         4.9454480579       -6.0355591193        7.9240681808
        -3.9337346208       -2.8113329565       -5.4448565426
         0.3912372979       -2.0683512326       12.5097485291
        -2.6757341406        5.8688322534        5.0004389032
        -0.2731438365       -2.6080897070       -6.2561888999
       -12.3886637542       -4.3121243690       -5.1422043510
         7.9236671825       -3.6019894082        7.7463556634
        -1.0269964428        3.7571524205        2.4862337460
        12.4750374182       -6.0358246567        2.5588855956
         9.8511991529        1.3188020072       -0.3582890586
        -2.0878078020       10.6508040219       -8.8247615378
        11.6115105641       -0.8010443926       -3.0549551199
         8.8693305380       -4.3078204614       11.2656225685
         2.7371230935       -1.3264820814       -8.8251252818
         0.5348144540       -3.5105994551       -2.9243318295
        -0.6713000317        8.4358279497        6.8280008390
         8.3461523405        6.6084616769       -5.8215971623
       -14.2203402479       -0.2884679099       -0.0879462450
         3.0889520589        3.3024693226       -1.8862448572
         4.2738816582        2.8213288467        8.6236969531
       -11.1959325158       -8.1076503333        7.6982921710
        -0.5156134535        8.6889283460       -1.6739685031
        -0.5406620505       -4.9673108094        0.2939810252
         7.5400193585       -6.3617846884        5.0859359560
        -7.6589057986        3.4873810649        4.1480477180
        -7.9472083683      -10.9564031163        2.6700688103
         7.5796154215       -0.8047705855       12.2254373516
        -2.6298871283      -10.3402222836        3.1043530558
        -0.0652406119       -8.5522636771        1.0423987350
        -2.8268759851       14.4488778034       -0.0331821043
         2.0811854591        7.7266053115        0.8927415768
        11.1429321405        2.0449283232        7.4235442823
         5.3713294704       -3.2639061109       10.5894883326
       -10.5539661331       -9.6558433537        0.1279261842
         7.2247818097       -8.9405801111       -7.4952708612
        -4.7331141032       -9.3708927397        7.9635499041
         9.1328353895        3.9552345854       -3.1227660911
        -0.1662599548       13.5701292322        2.6176569559
         4.4439482648       -8.6811742689        5.1175687437
        -9.2288668187       -0.7834320190        8.9593622386
        -0.0922950859       -2.3858503643        2.8764349811
        -5.2461791849       -6.1472011745       -3.8310703489
        -2.6192855625       -4.0011449966        4.9688883609
        -7.4187057772       -8.5571259376       -5.6186228131
        -3.9354677098       13.0228096203        3.3329358817
         6.2012895222       -7.3228634692        1.7911844813
         7.0944374221       -0.2696542048        1.7248334202
        -3.9770643393        9.6995508097       -2.4946086162
       -12.0128236714       -6.3130880012        1.3332031121
         9.4611178178       10.9046839324        3.2328268286
        -3.5315633299       -3.0785403416        1.5416039825
         4.3995304499        6.8086367026      -11.0945265555
        -3.4928217120        3.4537505318       -4.5033987130
        12.2353804950        3.8302766623        1.2918908602
         2.8713729096       -6.1039443962        0.9247495014
        -2.4098968459       -5.0310726235       -8.2024992608
       -13.2570850641       -2.8910477892        2.5469909448
        -3.3139377986      -12.0442580953       -5.8919019304
        -9.7633103778       -4.3670535932       -8.0528014537
        -4.3630881724        7.9874094136        7.5659904547
        -2.3577289804        5.5046264192      -14.3285100008
        11.8280407009        5.5325346039       -5.1141177891
         3.3150976046        3.1522131537      -11.8693669037
        -4.9938467618       11.5607410332        6.7084947360
         7.5876584465        8.6149760566        8.7594484087
        -1.6104761862       -4.8714805853        8.3820097344
         1.9877691363      -14.4008456395       -0.7899519193
        -4.3177922412        4.3764005319       -8.1109743628
        -8.1905651426        2.9346925626        9.4685638880
        -3.2279881008       -4.1322141842      -11.6998752836
        -7.7677787865        5.3368992663       -8.8033278572
         1.4792038769       -6.9055660816        7.0575038081
         1.1612140354        0.6910394991       -6.2405351823
        -5.3264722349       -9.2249763200        0.6177827551
         0.5561241114       -3.8845454946      -12.3781872734
        -2.1733595385        0.8207663491       11.7925519003
        10.3502277072        8.3572570891        5.9293761737
        -1.8105803449       -0.3578960480       -3.6252173973
        -6.7879789426        7.0655141617       -2.4326215358
        -8.0316258283        0.4516199060       -1.5252156237
        -8.3402349473       -7.2327363499        1.8773133928
        -4.1869474043       -6.5138831903       10.5194224123
        -7.5449007800      -11.6814719662       -1.1587862591
        -0.3723877477        3.0871350804        6.0103745590
         0.4003778814       -5.9851854498        3.7089530848
         1.3660818316       11.5096832040       -7.3164002211
         9.6108388843       -8.5390958167        2.5585368449
        -3.1370226485        1.6344865824        8.2760330862
        -2.1477795110       -7.6864515813        5.8394811680
        11.6814332327        4.8263891732        4.9667561784
         1.2891652692      -13.2564957869        5.3124814295
         7.3324925279        2.9838448442       -6.5034259232
        -8.6232649416        9.2644349324        0.1357978294
         2.1216528713        0.2568821631        6.7781445286
        -4.5760641661       13.3024500125       -3.3062479115
        10.4248524432       -1.2888912266        2.3653142964
         4.1578283513       10.2798012916        2.6268310485
         4.3465245780       -3.4165204763      -11.3683024888
         9.0730566214       -0.4629136690        5.8224241536
         6.9552080450       -3.2378702257       -4.4329144156
         1.0104401735        6.1381926472      -12.7252737393
         7.3469596304        8.3627759637        1.5192559137
        -4.8528362844       -9.8517192251       -3.1644369484
        -1.0106460703       -1.7634586021       -9.6568296090
         8.7310131271       -2.2462979084       -1.0582854384
         6.9471607781       -2.9012573869        4.2234405473
        -6.0783902968        1.5105242560        1.5609580136
         5.6732047214        4.9700939737       -3.8427212951
        -4.2101943580       -2.0115026058        7.7472467790
         0.8864564739       -9.6180576985        4.5130130374
         5.0335615086       -4.2295396770       -7.7135480182
         2.6076250573        6.8914798226       -2.8020936678
         3.0368272653        8.8420002442        6.0314242458
       -10.2378779615       -1.9099431495       -3.3101496651
        12.8141569261        1.1925057121        4.0256484067
         4.2211482355      -11.3709746088       -7.4346053343
         1.4500314131        1.5989776249       12.9440976866
        -5.1738313165       -5.6629878684        7.0616514355
         4.0139399565       -4.6171772459       -2.3726568049
         8.7425793536        4.8920437177        0.5911206992
        -5.0285772465        8.0677738416       -8.8701333324
         5.1184494759       11.3770343927        7.7815535819
         4.6329575168        6.6349835265        3.4377492006
        -0.0182656489       -8.0002790319       -7.3350621146
        -1.9737298480        5.2159722441        8.5973866505
        -4.4873787642       -0.5065064662       -0.9575186666
         6.4548677921        2.3445579209       -1.0863237997
        -0.6094970951       -5.7145023464       11.8314600681
        -6.6647010248       -2.8649205555       -2.7002104208
        -3.3080017860        9.4531332419        4.1894823566
         1.0541068804       -7.1295145543       -2.2452490739
        -7.0300943163      -12.2150220408       -4.9735299382
        -4.7025047099        3.7270000504       10.9230638334
        -2.2359932118      -11.0732874971       -0.6847048468
        -5.7296008070       -5.5191288701       -0.1418557614
        -8.2637613922       -7.6690925550       -9.1243720526
       -10.9473491675       -7.6450450828       -6.3225012289
         9.0641911078       -7.9843014531       -4.1573753904
         0.4169829915        9.9601987364        3.4571011191
         0.3987213321      -12.1902190217        1.8012053614
        -5.9333478189      -10.6299605351       -8.3346047470
         4.5409274914       -8.3341185327       -1.5951518636
        10.5282650555       -3.9013002443        4.9403764215
         1.5423134600      -10.0884734246       -9.9807889676
        -5.2056904392      -12.0397909564        5.1632818192
        -2.6240657202        0.4761794088       -6.9214285416
         7.8758379064        7.4949282713       -2.1578838288
        -4.3698915083        4.6864663810        1.6649207478
         2.4232118638        4.2991597062       -5.5344104147
        -3.3585370330        6.0955201924       -1.6865709347
         2.9840497809       -4.9009569754       13.0016586116
         9.4088128778        2.2819629898        3.3925796120
         6.6017664431       -6.3256067764      -10.2560317320
        -0.9976074663       -1.3804855808       -0.4163230114
         5.3257889166       -1.1275088922       -1.8516243694
         3.6254007749       13.8668782742        1.7904889116
         3.1178631547      -12.9001021810       -4.1164807109
        -6.1014395728       -5.2684418054       -7.2802563819
        -4.2095881914        7.0795332857       -5.3114762945
         1.1907171717        8.8610564371      -10.0672428510
         0.9639972147       -3.2452030709        6.1733802766
        -0.6616305330      -13.3011442788       -3.3586016796
        -7.9264969007       -7.9373234514       -1.8865511840
        -3.3717257041        1.2902148682      -10.2654656028
         3.8317385546      -13.4584292582        2.4701790359
        11.4218959654       -4.6268179396        8.4677819185
        -1.0830632206        4.4861299982       12.1093400211
       -11.6249818470        1.4408103391       -2.1179975994
       -11.2004724884       -1.0486712366       -6.8581788249
         8.5860437486       -5.3992790366       -6.9987319490
       -10.0969992946      -10.3242182629       -3.6745628753
         5.9573631920       -6.8209245158       11.4438190012
       -12.8917176602        4.9743687440       -2.9144756531
        -1.6849745329        4.4816218697      -10.7608405426
        -9.5524263030        7.7584360952        3.5450119454
         5.6839606633       -3.6477336276        0.9201221815
        -3.2129253164       -2.8629696314       11.2539037061
         5.2665554916       -9.8095016818      -10.7174125364
         1.1801861263        0.9425994861        3.4477719371
         6.1739000178      -10.5230932779       -4.1712703445
        -2.7158842790        2.5149171814       -0.9161147074
         1.7736087671        5.6578607147        7.8586891803
         2.6474767055       -9.2654498226       -4.8246457272
       -10.9274849859       -8.9166237118        3.9443439137
        -6.8543581741       10.5010742665        3.4288879535
        10.4125227447       -4.4235686006       -3.6427132610
        10.5578318012        9.0765824493       -4.1381046568
        -9.3737567464       -4.5994541313       -0.7105713464
         2.3652819403       -2.4857618073        0.1241788336
        -7.0976843859       -2.1543756985        1.0342081323
         6.6936103426      -10.9913508085        2.5881683728
        -1.7745834149      -14.7034386539        0.0531478051
        -9.0408620191        1.4394775437       -4.8951893737
         1.3847587802       10.9735996019        8.6053147082
