        -2.9640923224       -8.7341525768       -6.7280224561
        5.4630934879       -3.7020383634        1.6325873572
       -0.2995531625        5.6764825642      -13.2034603804
      -10.7716916420        6.4751288304        2.4549711355
       -7.4577997282      -11.3371761425       -2.5027228705
      -11.9459492694        5.4515126792       -5.1664591516
       -6.7604437877       -2.2094428600      -11.3268375653
       -5.3103421130        1.4088855102      -11.6262416365
       -3.0761391329       -0.0727992303        1.4468182956
       -1.3963191728        8.7171565144        5.8113685626
        0.0321044160      -10.2007532065        8.5525319050
       -2.5496977433        2.6385491764       -0.9664561426
       -7.3213866137        0.7739458176       -3.5915808518
       -5.7447709893        7.7213621165       10.6099103017
      -11.3638436452       -6.5426507514       -3.7724894925
        3.5205515341       -9.8425568323        0.1930710629
        1.5683128119       14.7690017473       -0.2157802124
      -10.2721811966       -1.3722142988       -2.9122571482
        3.7771200429       -2.3283805135        9.8946510559
       -5.9490128980      -11.0389465662       -6.1058533223
        1.4314928263        2.0444197985        6.6889784809
       -3.4332984234        4.8048793112       11.7073697004
        4.2316545602        7.5660825496        9.0460126486
       -3.0732364254       -1.8546463727        4.6561255912
       -2.3597072079       -0.1686246099        9.5480153189
        5.5557150882        2.5682172153       -2.5193946114
        2.9607729286        9.3156427236       -3.4402356642
       -5.7803704556       11.6675645785        5.1811634998
        9.3963055181        3.4726318076        9.2177454275
       -5.9873210520      -11.1556518517        3.7178400609
        5.0790756497       -7.1397314968      -11.2232877532
        1.7723339010        9.0062722351       11.5272757189
       11.6057915004        6.6778127736       -3.7165209285
        8.9532507105        6.4081627062       -6.5023864760
        3.5672284728      -11.4582935322        7.3426332486
       -4.7299150790        2.7812014738        8.7082763654
        6.3570614650        3.2264632148       11.6706494904
       -8.8804578130       -4.3856245289        2.9155187915
       -0.7275542315       -3.0446839651        2.0696273482
       -1.9954513150        8.3722193837       11.1030702558
      -12.1984590719        3.2314457632        1.2567561482
       -2.5440694583      -10.8066022658       -0.4037200886
        0.3926664463       10.7554541613       -9.3323263601
       11.3271701616       -3.2349325165       -1.3937784441
       -8.3666862388       -0.9883632074        4.6419057156
      -11.7746714336       -6.5801686927        3.6983507477
       -2.4352913873      -12.4312145002       -6.8416721887
       -5.9445641064       -9.3089573468        0.3705326504
        5.4035623266       11.5337220806        5.6172095086
        3.4987002202        5.5996221729       -3.3097568231
       -7.7432446909        2.3975524068        6.2759183999
       -0.3781142452       -8.0884076438       11.7181219466
      -13.1777659460       -3.5648012346       -2.1652655450
        8.1404573496       -1.9106885025       -2.8359118760
        5.6445683975        9.5780995117       -0.7375892554
        7.9213571934       -9.0212559778       -4.6110893106
       -2.1130647225        8.2177336484      -10.8839140091
       -8.7342656465        6.4884169899       -7.1357941118
        5.1830090856      -11.3595177282       -6.0334514043
       -0.1209356549       10.7682537387        8.6920454381
        6.1930206994        6.1402647842       -9.2060784128
        4.0066477633       -3.9619581499       -5.7899327359
       -8.1502699048       -5.8049217276      -10.8742940576
       -7.6094930215        5.4113338817        3.9147016840
        2.6728983880       -5.8197433179       -8.7186017736
       -3.0672926782       -8.9509683973        2.9178881215
       11.3150891509        0.0350165542       -3.4989842796
        3.0077657182       -7.8662251574        7.3159794222
       -4.8406548764       -6.8493205003       -9.4148768999
        3.2997246663      -13.6793308574       -3.6540834283
       -5.4970825283        5.5224295591       -5.7562675250
        0.4868634555       -0.9883972684      -12.7474613394
      -11.8474475607        0.0545166715        3.4190077707
       -6.4146804141       -9.0601862423        6.9447737006
        1.6411563672        3.5469636767        3.3891442201
        0.4819661515        6.9942975208        8.6805311325
        8.9343999692       -6.5711562905       10.0408976327
        8.3963999750        0.1396376442       10.6127946469
       -0.4349137939       12.5489519457       -6.1089213095
       -0.4940502111        3.8815673305      -10.1380682579
        3.3449320686        0.4544199141        2.2197119052
        4.8925691760       -0.7351715352       -4.3341355038
        3.7281387824        7.4083785971       -6.6516376256
        2.7766435365        2.2937315376       -5.2255940474
       -8.4558200516       -2.7394171259        8.0696283462
       -0.2136828648       -4.8683501501       -1.0811581458
        2.7983763888       -4.0888335904      -12.0687978299
       -3.9093773510       10.1281144160        8.2277693835
       -6.0403933885       -3.9904235327        5.4879898563
       -0.5425768400      -10.1326915708       -9.3350061114
        1.4342613529        0.5161482335        9.9609491054
       -4.3445973778      -10.5894558546       -9.6202736332
        5.1684507054        1.0296777733       -7.6587958194
        6.7100305254        9.4805099098       -7.2795219160
       -6.4243314600       -5.5637017184        0.3806761224
       -8.7105684224        4.6997246936       -3.7679426297
        3.8921274263       -3.8878914398       13.3300848343
        0.1043608783       -1.5061235414        7.0010265469
       -8.1757696635        5.0803063699        0.0777677121
        3.3705376575        5.9111737500      -11.8301962974
       -0.1860243691        5.1779056487        0.5842343729
       -5.8291672648        7.7582572324        1.4253923150
        0.8725070923      -12.2272506707       -1.1795700300
       10.4225373845       -0.0633196756       -7.3281683654
        5.6877471685       -7.0123250816       11.9660522491
       -3.0702924226       -7.0958580242       -0.3658740669
       -3.9178887743        9.9701226287       -1.0338733818
        0.9961305115        7.0975025661       -9.2941482002
        4.8612776881       -3.7985062448       -2.1303881560
       -3.3032425047       -1.5247500454      -13.0218185323
        0.4995492145      -12.2078365538        5.3096384380
       -6.5418593273       11.4572796090        1.3401860977
       -1.3463906875       12.4703056321        0.4030653903
       -3.1411010783        8.1671830475       -4.3507397779
        9.2800524325        4.6977744196        0.7906407205
       -2.9848089097      -10.7044200066        6.1982577749
        7.7923241372        4.6402379314        4.3390319310
        6.2804935459        2.5892006721        1.5026707869
       -2.0348181318       -1.3288033186       -6.8446498707
        1.3893096532      -11.9770477724       -6.5302077309
       -9.8273719575       -4.5678482712       -0.8773508327
       -1.0949587513       -6.3364100149       -9.1203558274
       -4.0089391752       -0.2633460619       -2.2815381682
       -0.6386332989        2.2392797625       -7.0267129883
        1.1001417723        7.2373317034        3.3781821899
       11.1561578524       -6.4720547340        0.7126046253
       12.5789676906        0.1873841748        4.2600143693
      -10.6779121177        1.8474467670       -4.9341655384
       -2.3796933457        4.4630934463       -4.2837355512
       10.3137490018       -3.0146016951        9.5134258821
        5.9022293901        7.7369870851        5.6460901861
       -2.9577677153       -5.2476117696       11.2155982216
        7.1117196121       -3.4367029300       11.4331949673
       -6.9528420370        5.7046104721        7.7377632979
       -0.7513251838       -1.2213493737       -0.9918003261
        1.5936983993       -2.6187233438       -3.3851958904
       -6.2113195224       -8.6908276269      -12.3358020873
       -3.5811927139       -3.3949660828       -0.3322261666
       10.5022994222        9.9426100318        1.5480797490
        8.3610246928        3.0349785943       -8.3377723798
       -5.3941512456        1.1575841213        3.8485929917
       12.0178374491        0.1191287035        0.3892869390
      -12.7145983254       -6.7547815850       -0.1094204753
        7.2997248274       -2.0380917029       -6.6766710267
       -4.0194488535        3.2311246953       -8.5115172690
       -2.2970511974        1.4070496648        6.2609675492
      -12.8223280264       -0.1815734901       -0.3874605000
        7.0675935691       -1.8928181852        7.9211138632
        5.4631358735        2.7879934079      -10.9608737583
       -5.9855646478       -2.2027894307        2.1381111400
       -0.9922968454       -4.5956934599      -12.4737909094
       -4.8009836716        1.1741224387       12.0358000183
       -1.9784069293       16.1388117896        0.3465608184
       -1.0559406492        1.8248899527       12.5720549298
        5.0565905397        1.1754003077        9.0351792776
        3.1938876246       11.1688324554       -6.7470207206
        6.4238069019        7.6874594505       -3.9858555943
       11.7039663753       -6.3887092478        4.5394285869
        1.9780235834        2.5697093257      -12.7749346669
       -1.8166210737        2.1044624820      -13.2371048044
        4.2801728371       -0.5412816995      -12.2144274539
       -3.8212159864        4.9761809177      -11.6728897961
        1.8482299766        0.7921797705       -9.6355187420
      -12.0511274389       -0.0386719394       -7.8060376755
       -9.3723678426       -9.5184516367        4.4541355334
       -0.0832268258       14.5813327295        3.2520462909
       11.9705332674       -3.1610650041        2.4810868522
        7.5896521491       -0.3168879784      -10.0579407597
        2.8054536237        4.0659438308        9.5938658761
      -10.7334750903        0.3015371580        7.1451266971
        7.0612924172       11.6640240956        2.1384845522
        6.3196729742       -9.1392580529        8.7793725632
        8.6416235740       11.6891959009       -1.3543197581
        9.4250588891       -1.7736116781        4.9455002200
       -2.0225206529      -14.5074093002       -0.4726917291
        4.0744777118      -13.5940355505        0.1294672202
       -7.3143899646        4.2553767882      -10.0159277973
        7.2332357767        9.7673811928        8.4707600250
       -5.5895842272        3.6771383421       -2.4107099328
        6.1588385247        4.5406642119        7.8419088710
        0.2568930762       -4.4814906859       -6.2322872146
        3.2667848570       -9.6084576336       -8.9265707845
      -10.1023242270       -2.9155706582       -9.3655011514
        5.6894276960       -0.5572733889       -0.4013907030
        3.2053319888        3.6870298310        0.0164079291
       -3.2487701562        6.2878960901       -0.9886702400
       -6.4052133858        7.3870293796       -2.4398511204
        8.5730441429        4.6249068809       -3.1185863792
       -7.1403742928        4.1634514569       11.1425285162
        9.1669129113       -8.8242150608        3.0953566785
       10.8357875783        6.7300915413        3.6463711700
       -7.1314994902       11.0571455313       -2.4946664508
        0.0830749068        0.0075334245        3.8172406695
        2.4392315137       -5.8672568188       10.5808154598
       12.0593022365       10.0119125168       -1.9038450733
       -4.7716961677       -5.1356728339      -12.7155552025
       -3.2657133101       10.2701364755        2.8286907019
        9.0398648856        7.9410691253       -1.2842630407
       -9.7940561444        2.0609878600       -1.2280374112
       11.9100042801        3.4079730327       -1.6982759475
        2.3862809338        9.2732656364        6.2109811340
       -2.0947282239       -3.1048810408       -3.7443512489
        2.5759630754        0.5191959231       -1.9577707439
        2.7122530930        2.5249451524       12.9015401912
        8.9984432095       -4.9686788153        6.6952347323
      -11.2774367105       -3.1656716152        5.4549331640
      -10.8336024051       -9.7260493978       -1.6867950485
        3.0631994455       -9.5181360111       10.6759680256
       -1.5851145534       -6.8225841959       -3.8823277402
        3.5141850350       13.2135677423        2.7111971831
       -4.5668178065       13.6539708127       -1.0742170818
        3.7540524414       -0.7513372804        6.3661346075
        6.0799543792        5.8286958982       -0.6341937583
        1.3906800979       -1.0975612417       13.2196621387
      -13.5848216273       -0.3723750658       -4.2356790332
        9.6826907905       -3.3918760869       -9.0857739300
       -5.0315897502        4.0442698386        1.4710602624
        5.9516742812       11.4723272482       -4.0788017712
       -6.3969064827        1.0016684322        0.0931643456
        8.6042636487       -5.0259205887        3.0380427081
       -7.8684392532        0.7190693922        9.6995705329
      -11.1540178057        3.4923778470        4.9859724409
        6.4455873275       -5.2967978484       -8.2431151435
       -9.3035688397       -7.7445922628        1.1324143546
       -9.8320164445       -6.2253712795       -7.3848532062
        4.0654567321        9.4910491922        2.7571761560
        2.9801610860       -6.2075587530        3.8822339096
       -3.0246648292       -3.5457233034        7.9178405566
       -2.2454957688        6.2807059402       -7.6348403984
        0.8394014156       -8.2454527738       -6.4068762314
        0.3221607444        5.4547942760       12.1435886241
       -1.9503398901        0.3476396397      -10.0495865058
       12.4700844739        3.4905400419        2.1725695697
       -8.3887821725        9.1803149748        3.8034663324
        2.9184030183        5.5449120889        6.2060756698
        0.8389912537      -14.1599536500        2.0648934943
        0.3333632216       -8.5201026148       -1.1273640471
      -10.0730093187        3.8026022791        8.6855596198
        8.6027640331       -8.9341803469       -0.7286973030
        5.8691611077        4.3443357396       -5.8968056101
       -3.9000070105       13.9268917781        2.7413108536
       -6.3832101678        9.2527136882       -5.8085188806
        7.8749373162        1.4001052858        6.4799925815
        7.5076012807        7.8586377942        2.1900230590
        2.4452225452       -2.7362589060        3.7857518603
       10.5939697733       -3.3219181539       -5.2666881865
       -6.4715907679       -7.3459508753        3.6690036228
       -4.0081164425      -12.8393148555       -3.2962803028
      -13.2011189329        2.9789758136       -2.4711804938
       -3.5888372576       -5.1721333406        2.8803660614
       -8.7454598035        0.6737782680       -9.8177175986
       -7.4275750557        2.5838622344       -6.7650911058
        3.5304431286       -9.7051488453        3.9287501636
       -3.4653514119       -4.9758955831       -6.5475279298
       -0.0008455257       -8.4811483606        5.2901009915
        0.6215289970        3.5422314099       -2.5747813386
       -8.9603885470       -6.1701038611        6.3203635064
       -0.7821107636        4.9892337149        5.8162229988
        1.3035812752       -7.6398768357      -11.6520734124
        5.6836749358       -3.8617004918        5.2336978712
       -7.9246134041       -7.5402189275       -2.4352106207
       -5.4119703095       -2.1124466715       -5.1030271735
        0.3655079976      -10.4405167694        2.0983721547
        5.6997346631       -5.4349048188        8.6064880021
        4.7724876639        2.5178461765        5.0071631714
        1.6785776371       -0.8933553396       -6.4809886567
        3.9793280341        9.2263997301       -9.9312501457
       -8.8422993084      -11.4830018652        1.1305132172
      -10.1378990101        6.8521135609        6.2607760651
        6.8276712441      -11.0167716505        5.4220834487
        5.1456125379       -0.3102125242       12.5768258585
       -2.4683148629       -8.1674845188      -12.0320795181
       -0.7489754040        8.8101777417        0.4851707358
      -11.3678047156        6.0284852530       -1.3644840553
        6.3050458456       -7.4188920362        5.3644820364
       -7.6137503918        9.3731550315        7.6355317199
        5.5385934363        9.5718653356       11.8929268410
        2.3818363101       13.0141039524       -3.4993025349
        0.8129971903        5.3193490911       -5.9110023646
       11.0545841046        3.3052205031       -5.5269858893
        6.5678831585      -11.2200379429        1.6788139650
       -3.0214967387       10.0361023033       -7.6392882721
        5.1207392533       13.2691779448       -0.7872128334
        8.0144040667       -5.1258278524       -0.7227913612
       -2.6314995921        6.6135176286        2.9101654449
        9.5373106900       -8.6283056009        6.8410314838
       -5.4606955914       -0.6007505160        7.1917749540
       -6.4291471471       -7.2424600866       -5.9715905768
        4.5492748074        5.7283816519        2.8120804412
       -4.5247538925       -9.1086299633       -3.2166441636
       -9.3541828202       -9.4456716681       -5.2937188228
        2.1672907043       11.0905472093       -0.1705577662
       -5.4521672142       -2.2930615290       10.5232741935
       -0.7099819861        0.5919063858       -3.9437771022
       -9.0598877786        8.8245446659       -0.0564556160
        0.5263624256       10.9153000407        3.3200305954
        8.8236433391       -6.6484692214      -10.7539830900
        4.0902507765        6.1050595073       12.4724533229
       -9.6379205137        8.3522744887       -3.8855663276
        7.3117169912       -5.2199167715       -4.5306306699
       -3.4226872878       -8.5981895131        9.3925430811
        9.4128788986        9.7534444706       -4.5994082155
       11.0330970264        3.4663393870        5.7345269192
       -0.5622075594       -4.7239813385        5.2194789497
      -11.7751564075       -3.3103386988       -5.8355920193
       -2.3716946851       -1.8123651096       12.8339236331
       -6.9244400376       -2.4019354632       -1.6020277847
        2.7036116685        7.3927662895       -0.0939238852
        1.4156202485      -15.9359129585       -1.2431108796
      -10.7115857534        3.5162189222       -8.2592630066
        0.3821016105        1.5380453687        0.6203346815
        2.9695180224       -6.0959836298        0.2215742991
       -7.8134624515       -9.1101279845       -8.8668895012
       -8.4134012614       -4.3316904132       -4.4769073888
       -3.3979369518       -3.2458388739       -9.7785755237
       -5.4151467271       -0.3329490017       -8.3535124367
        6.5842267580       -3.6204479924      -11.5430828122
        1.2542665745        9.0022717926      -12.5447875490
       -4.0782256150        1.5206391095       -5.3583828022
        9.2446518990        6.6892112278        7.1446034520
        6.0176622591       -7.4720645193        1.6929022884
       -0.5094431502      -14.2235186819       -4.0428104234
        8.8862842850        9.8614705804        5.0113572484
       12.4396544936       -3.1228702604        6.3461825613
        9.7250501194       -6.6252380707       -6.9911443845
       -2.5681082622      -12.6995719623        2.9165110233
        6.0269860961      -11.3470016964       -2.2284497543
       -2.0206324062       12.4158209843        5.7500622411
       -0.5927623708       10.7202852232       -2.8308429982
        0.2029514930        8.9213235853       -6.0585509037
        6.3316871477       -0.6595347809        3.6425704668
        2.4635007594       -4.2840688779        7.1582503802
       11.0512701964        0.2157101109        7.7786651281
        5.4567614118       -7.5851008446       -2.1688141352
        2.7598052531       -9.9827209206       -3.5788756649
       -1.9866901788        2.9598509344        2.9781923786
       12.3009325563        6.7746637735        0.1119321798
       10.4740188302       -6.5514718967       -3.1364866011
       -3.8430310372       11.8692005401       -4.3752420197
        1.8117463529       12.9503200071        6.1606628030
        7.5496069827        6.6158906657       10.5946845085
       -0.5234449063       -6.4148652972        8.4514261806
        0.0092977887        7.1090244221       -2.7206024820
        8.8189173135        1.4123850042       -1.0477589832
       -9.4168418543       -1.1592080288        0.8778289446
        3.0266273013        4.0686021328       -8.5510480303
        2.4057146591       -2.4037434178        0.2195868449
        0.1504313197       -4.7326304182       13.4461086829
       -5.4377543557      -13.0074180583        0.3347290311
       -1.2206444906       14.3547085992       -2.8799317260
        8.8216498950       -1.8142789345        1.0449267050
      -12.3586807684       -3.3737436507        1.6902948800
        9.4171899590        1.4461090378        2.9033474054
       -8.7428885904       -1.0608548483       -6.4618881597
        4.1776764807       -2.2538362668       -9.0007970359
       -8.7922286192        2.2212400757        2.5149158053
       -0.1811695026       -6.7290922374        2.1035546848
        0.0456901686       -3.0682781664       10.2258921261
        7.9852472001        1.2885848023       -4.9323285720
       -4.4434503719        4.3362182965        5.3389917152
       -1.0497011497      -10.5289099422       -3.9714840603
       -0.9749138625        3.4327077865        9.2211507692
       -5.4340611010        7.3568342507       -9.0437789557
        2.2028000729       -6.2859640048       -3.4917075646
       -5.9908998204       -5.7180331767        8.8111277584
        3.6925431859       11.2847162005        9.0540148308
        4.0155807929      -13.2269125690        3.9054780329
       -3.2526277159        6.3624962557        8.2390352299
       -5.0096588342       -5.3374457267       -3.1267851528
      -12.2025867231       -9.9242025700        1.9066399088
       -6.7991355381       -3.9551853853       -7.9727505492
        0.3727791692       -2.7511276571       -9.4936056279
        7.0377357669       -9.0146359772       -8.4048421161
       -3.4970259796       -6.8931126671        6.1191534890
       -5.1211017634        8.0028920812        5.2814613311
        4.6270576402       -7.6686718249       -5.9341644491
