       -10.2138119237        2.5897007235        8.9213925073
        -4.7852030546        3.9317537236      -11.3301468468
         5.3088558630       -5.1020537020        4.4690227326
         4.0302565848       12.0640712143       -4.4344377135
        -7.1105171608        1.8862092281       -3.6257117480
       -12.7659745074        0.6568451225       -0.8131570000
       -13.3960867747        1.2507608569       -4.6413877599
        -7.9261076576       -6.7640635829      -10.7269313453
        -8.3145632413        3.0644581567       -9.7872410350
         4.8266065455       10.7265484274       -7.9138963442
        -7.3360905709        2.3987274705       11.4921475825
         5.5443986095      -10.9925416274        6.9409933927
         5.1534339739       -7.3248730057       -3.5164953688
       -13.2320476565       -2.2991078022       -3.2217453921
        11.0462983070        5.2733897040        5.0924741435
        -3.1842179039       -1.0977578159      -10.3710366364
         4.7506509607        4.8200694469        3.9202388415
        -2.3685226413        6.0882761931        4.0059979982
        -6.9519708883       -1.6326185571       -2.2810085258
         8.8505484333      -10.3070276057        5.2139611922
        -9.4380549114      -10.9449675691       -1.4085751107
         7.8379530888        6.8533186022        3.7970619229
         4.6776829775       -3.0180747149       12.3630249286
         4.1215912496       12.2346970564        5.2451433604
         2.5371862252       -6.9839058723        2.6263446147
        -0.9671222300       -5.5791627687        4.1352457785
        10.6781469057        0.7510073822       -6.9961156565
         1.5986067197       -1.9997215167       -3.8477025269
        -1.5517815603       11.1940985288        7.9279468723
         9.2391710721        1.0952087613        9.8944387808
        -6.4054000031       -8.8376876879       -1.6578559055
         3.3815502193      -13.5730973592       -2.4568188544
         2.3872491133       -0.1514630398       13.1532097653
         9.3026133097       11.2217616151        1.0921477981
        11.4191019493        3.6680953165       -4.5622319821
        -4.0432126339       -7.7021967303        4.5128846413
        -7.0129356106        4.2766390763       -6.3902991404
         8.6888778184       -2.4782437647        0.8364789871
        -3.1058157221       -0.1622290346        1.2644479662
        -0.0338723404       -0.7173034640        3.6995285811
         7.8735725041        3.2706603411        5.2899413492
        -9.8442731463       -4.1034776795       -8.7675785001
        -6.6632245101      -11.2821847962        1.2680263547
         4.4717666798        8.5462564046        4.5832602325
         6.4754422382       -3.9716965713       -9.0089492711
        -9.3854020333        5.6281959555       10.9667270067
        -1.9230804232        2.4559784955        3.3805221654
        -2.4278481929       -5.5416486046      -13.5098523787
        -4.5223651819      -11.7055520728       -5.8815123391
         5.8132870221        9.9179543707        7.8176106541
         8.8185387884        4.0996815072       -7.4382515705
        -1.1162476837        1.6649906936        9.6258007652
        -0.3012647745      -12.9900645523        2.8056596537
        -7.4467020653        5.0120781751        4.6327400436
        12.5633522669        2.2907362017        3.0624552382
        -2.1991472947       11.4860006810       -5.6867889989
        -0.0438943366       -8.1419883442       -2.8021422652
         2.6632792752       -6.1825460835       -0.9459197631
        -1.6220889096        7.7612421821       -6.3907431326
         9.3831833037        0.3261595221        3.3051873264
         9.3296288323        4.6518447801        8.4759427038
        -3.9079541163        0.4246159430       -2.4539186770
         4.3952699509       -0.7140755920       -9.2201271625
        -6.6974095835        6.5308623551       -9.2532234427
        -6.6890295568       -5.1415955831       -0.9404559290
        -2.0917545214       -2.1929714009       -4.3905778023
        -6.0899892917      -12.4840075507       -2.3912843600
        -3.0388667262       12.7035222954       -2.1512629982
        -3.4695681540       -4.7999142092        6.9435287532
        -1.2048481770        4.7190734684      -12.6836614345
         9.6350763169       -5.7027162504       -7.9542119002
        -2.8608143677        6.5522201414        0.1060511918
         0.9153106898        1.4603951783      -12.7438911119
         0.9027100866        9.9021299047       -4.2720343265
         6.0680447479      -12.2162740358        3.3006235843
         7.9377021201        1.1906631387       -9.7938881013
         5.6182756720        6.7820480892       13.5973462308
        -1.4016893343       -0.5465138503       12.5998303863
         2.6797398696        1.9900357855       10.2116374289
         2.5879398175        4.8659096711      -12.0395689715
        -1.4248917920       -9.4825120244       -6.0176825789
         0.9122885966        3.9387107914       -1.8843815788
         6.3102564391        5.0588135819       -4.8557156118
         6.9700618414        7.9353206270       -2.3201203193
        -0.4024917752       -4.5412651735       -2.0656531678
       -12.5465698554       -2.8986631593        0.6129568827
         7.7797298796       -5.3392845243       -1.5600189009
        -8.0169705667       -3.1195529430      -12.0627840420
        -9.7045037191       -7.2549989398       -0.7005337723
        -2.9252074251       -4.0680727583       12.1198257202
         3.1073540906       -7.8807766989      -10.5931798232
        -0.5164457547        1.3875221691       -3.8342276737
        -8.5203070533        0.7196455209       -6.8319506068
         4.3608718760        8.3300321249       -5.0573801251
         5.0166472279       -0.1616743739       -4.3291015809
         8.6060503151       -9.7604298968        1.4966903234
        -6.1785640333       -5.7802395304      -14.0044692413
         1.7195914124      -10.1580098413       12.2276264472
       -12.0224408278        3.6530990900        1.4786114248
        -9.5951795550        2.8355246684       -1.1217762436
         5.8530903389       12.8683253905        1.8656375749
         4.7031387232        1.5762836010      -12.0359614564
         0.4595062453       13.5035829005       -3.6338443468
         0.6653974906       -6.8885504431       -7.9186973547
         4.1179025629        7.8795969153      -10.4348524260
        12.0416360515       -4.9833045189        5.8755371595
        -7.0993580131       -9.8173886353        4.8214814314
        -4.6959706172        9.2716025318       -7.6456931895
         2.3896053961       -9.2451509943       -5.4293475591
         5.6806990680       -0.7891412379       -0.4202600320
        -6.2646938523       -9.2908996379       -8.3416859904
        -0.2295150762      -10.6390250840       -0.0072805993
        -8.1017816602        8.2459838748       -6.0276918460
        -8.5641556739        9.1983937941        1.3660241144
        12.6411042352        5.9116562500        1.6720268986
         2.1861697830       -3.5320105555        3.1898251377
        -3.3944785726       -6.6956105018       -1.8737577471
        -1.1411996948       -7.8552143058        6.9819588605
         7.4421708928        7.5304105473       10.3211710680
         0.6545821750      -15.4470006511       -4.3228413022
         6.8811723345       -7.6170321191       -9.8703387866
        -0.9342827255       -3.3211144552        1.3650493813
        -4.8478983817       -8.0360801271       -5.0977352052
         4.0223614176       -2.9943642140       -6.4058648161
        -5.4490740994        7.6812107408        2.6949375704
        -5.3222276394       10.7971537151        7.1262977874
         8.1732102757       -9.1027336855       -2.2872387649
        -1.7703193743       -5.8377927091       -5.2278226873
        -6.8941360970        4.5276447370        8.4386491217
        -2.5348579008        9.0305576310       -2.8256216097
         1.7135587316        2.7394104514        3.9943703121
         8.2406019166       -5.9966790140        2.1604066979
         5.1380684814       -7.2921331259        7.4709860419
        -2.4298940328        0.3267001411        6.2976246429
        -8.7268664956        2.2164094203        2.6091107276
         7.4362978468       -1.1283458858       -6.8184134241
         6.0112584790        4.5299587109      -10.1328184742
         3.0373134934       -1.8425845433      -12.6209976591
       -10.1908028117       -0.1764860766       -3.4533181568
        -0.2513350203        3.5891396801       -6.5371560120
         8.1442011667       -1.7899686165       -3.0072947444
        -3.1427755693       -7.0846959595       -8.4258123613
         5.7830982321        2.6896480392       -1.8942331005
       -10.3551257917        3.3914900778       -4.8217370996
         1.7151931023        8.6909939258       -7.7800316780
         1.3165618117        6.3086311467       -4.8104638141
       -10.9434620674       -0.4616066159        6.7032367066
       -11.1117290027        3.1327356394        5.2124766432
         7.7081472112       -0.3191579951        6.7694215905
         3.1052591188        7.1190062979        1.3457229077
       -11.5968519690       -3.4853573636        4.3661747917
         2.0212446086       -5.6077954019       -4.6443587161
        -3.1880160517        4.8602245969        9.1693237881
        -3.3327763496       10.2070548956        0.7570415552
        -5.9316547695       -3.9271103227        9.6744551997
        -8.5451511504       -1.3628782154        4.0717568428
         0.9974866936       10.0400015836        5.3209717152
         3.5563699472        5.4625766004       -7.5858854635
         8.5097540924       -6.6576957632        5.7650963524
         1.8810619711        0.2794204182       -6.5483764831
        -1.8318313523        0.1383154771       -7.0864879503
        -3.1143243935        7.3509490499      -10.6463707648
        -2.6965030392       -1.8438237348        9.2125328093
         0.4950051561        7.4976548756       -1.3544919467
        -5.9021807373        8.0905106068       -1.1819892837
         3.0202659610       -9.8796815184       -1.6825732486
         1.3717067503        6.3906625205        4.6812821853
         4.7944224996       -0.8694239284        9.1721062618
        -3.5189046304        5.0458239649       -7.8889198099
        -3.6426668373        8.5930952282        9.8669390466
        -9.9876354012        6.1171993290        7.1899024249
        12.0009875948       -0.6425324898        0.6493447814
         3.4988965749       -2.1630396994        6.1422439456
        -5.2838899610        4.4045591313       -1.8527345808
         4.3109785529        5.4399233971       10.3837811522
        -2.7299952874      -13.9964830083       -3.3811765341
        -1.0747674406      -13.1196280494       -6.7881157211
         2.1909270634       11.1680274313      -10.5902285989
        10.7733658798       -1.9078886714        7.8928698599
        -9.9882565046       -3.7258130070       -2.0683525733
         5.5810991034       -7.9873102086        0.3071330723
        -7.9174950697      -10.1870957749       -4.9067069443
         8.8703746136       -4.9507150496      -11.6719114609
       -11.7196324654        2.1709733372       -8.0378920636
        -5.1619699467       -0.8511262792       11.8480130458
        -0.7559938242       -2.0416564451      -13.2139487609
        -8.2948720903        5.8485604521       -3.0656039023
        -3.6060900896       -9.1373999129        0.9895845930
        -0.7545765039       -0.9527008820       -1.2909817467
        -6.5796525482       -6.9249776824        7.3115839475
         9.8096646499       -5.3583158066        8.9503875957
        -6.4111373191       -4.5964675997        4.3858920512
        -5.4429045868        0.7222763179        3.7994491587
         1.3116479863        0.6478197143        6.9414004444
         0.5925684928       -0.8864957962       -9.8981475304
         6.4089648567        5.4918523022        0.5977676306
        -2.8018943329      -10.7150501538       -9.2374172437
         2.3668683482       14.4359743778        2.6263014123
         9.4923614205        3.9233881391        1.8576006191
       -11.5210507999       -5.0177948865       -5.3284364036
         6.1066250541        6.1626635563        7.1232316172
        -0.6837863738       12.2336292234        2.7132093660
        12.1401087541        2.9846038634       -0.7652671973
        10.0849758416        9.9020055553       -2.4457239260
        -3.7130252169       -3.0453290803       -1.1432072900
         6.5227623134       -5.9614949456       10.6772051644
        -5.6811704127        5.8990837921       11.7167063198
        -9.6119604182       -7.6893876065       -7.3297437620
        -0.7769918764      -11.6125041624        6.3658113770
         3.4034533438        3.4362219458        0.7508021972
        -2.8022628999        9.7254575071        4.6154174170
       -12.9012093368        4.1746874747       -2.2511169057
         0.8684584568       -3.6852440997       12.7350573311
         0.1806198073        3.0067300612       12.9149578355
         7.5123194373        4.0152140183       11.8044688579
        -7.8194358099        1.6046078607        6.3583735764
         3.2970811857       -0.1611428652        2.2849339449
         2.2850695138       11.4125609679        8.5335285136
         8.2287031416        1.7568071575       -4.4468483100
        -3.7771735534        2.7670004806       -5.1298516163
         2.0086839756       -5.6999708353        6.1986061032
        -9.9840788565       -9.6222748774        2.2134623763
       -10.4931815955        6.5203319780        3.3388374747
         2.2499108615        2.5270441411       -9.3109294750
       -11.9221777333        0.1018973436        2.9857230324
        -0.7051304019       -8.0952313721      -11.1923952325
         3.2022627962       13.2977449665       -0.9127922034
         8.2698663534       -8.8653641144        8.7281246715
        -0.5820537394       -6.9711162483        0.7009612355
         0.0901740938        5.7878407040       -9.2653583140
        -4.5117185330       -8.2680991404      -11.6579629640
         1.1085461215       -1.4808605555        9.8530108209
       -10.1884161094        5.6663784447       -7.7603991918
         6.3634056292        1.8964584179        2.0704602287
        -0.2839763447        8.5957667360        2.1003824151
         3.0935967086        3.0993531135       -4.6721179978
        -5.7251455405       -1.6342895658        6.7331594160
        10.2481611264       -6.4128044028       -4.1408132768
        -3.3094267509       -2.5179758004        4.0706810843
         2.9009052824      -10.4516092557        2.0110363366
         3.5819965844        9.6283878391       -1.5571863692
        -4.3846356592        3.4996712874        5.8971050287
       -10.9678735274        6.8508604012       -0.5199472017
         4.7269809906        1.2397520011        5.4569010187
        11.7105708093       -4.2537983543        2.0652892294
        -4.8816411510        1.3439844544        8.9005983547
         5.5030609655        2.1893544794       -7.2427320927
        -3.3029983926      -12.8406099599        0.2786771857
        -5.1402329279       -4.3306893867       -4.2960207865
        -6.4287794425        0.4112525716      -11.7743263896
         6.6861759060       -3.7733964162        7.5273706026
         0.4926543686        8.1246206470      -11.9176895430
         2.2905020119       -2.5306434192       -0.2497452565
         0.0514557924      -14.3044284198       -0.7486657825
        -4.9732140792        6.8471419637       -4.7758858449
       -12.2044906899       -6.4618820180        1.9749915641
        -7.3700334521        8.2149523123        9.0565070016
        -0.4697630066       -4.9680307356        9.3926419273
        -0.7143382321        3.8292681854        6.5891230458
        -1.0681403638       -4.3859869396      -10.2645260650
        -3.0607369123      -10.3541311563       -2.6126988788
        -9.1714508020       -4.3297154737        1.7070345743
        -6.6776201831       -1.9416491665       -8.8236038912
        10.7970373430       -7.1125577586       -0.3338449002
         3.2017953878      -13.9251289983        1.3179860283
        10.9957758108        1.6656642105        6.5147413819
         0.0813708461        4.9844260452        1.5104637917
         0.0893726504       11.0927851966       -0.7776250015
       -11.6862482635       -1.4292064387       -6.7333163781
         7.4688029135       10.3069672321       -5.1947794927
         1.7893158548       -7.9090084075        9.2382434782
         4.9733361394       -9.4977200807       10.4646108306
         4.8244518054      -10.2628549121       -8.0430830953
         0.1516996571        8.9020295135       10.5439589245
        -9.0230187595        9.5029638054       -2.4997598449
        11.2043226656       -3.5462153711       -1.7666312825
       -11.4296604999        7.0416438945       -4.3811824960
         2.6623462361        7.7659898839        7.8856871836
         0.5540019671        5.1697486156        9.8179598458
         6.8192104272       -1.7031410418      -11.9166253595
         6.7036653555       11.6896803159       -1.6894864475
         7.2099447786       -4.6602785583       -5.3309088321
        -0.3445777093       14.7004891735       -0.1380671213
         2.7690507996       10.7882288667        1.9734674514
         7.6266895100       -8.4041031893       -6.1282048315
        -4.8619804604        7.1506079779        6.5364812404
         0.3036258109      -11.7948469257       -3.5570360601
        -0.6262927472       -7.1956144054       12.2651570304
        -6.1396789095       -2.2110921948        1.4473866064
         9.2192484844        8.1908206614        6.9873004704
        -6.5532565343       -5.5696038777       -7.4907161928
        -6.9465006988       -7.5095685498        1.9394102445
         9.1515991401       -3.2161986377        4.6862222604
        -3.5931917046        2.6774021261       12.2609442087
        -4.5459355740       -2.3062705541      -13.6523386861
        -3.2399900358       13.3629114203        5.2214888688
        -1.1211596909       15.8761236263        3.3512664489
         1.0261256562      -10.5519705401       -8.7462168403
         3.3101646592       -4.3870244750        9.3027923026
        -1.9720690132        5.3441088889       -3.4581025336
         2.7029011915       -4.1752049113       -9.6738851168
        -0.2064310708       -2.8174290942        6.5306662081
        12.6431770816        9.4830317472        0.3146153756
         2.9952388260        4.0818975981        7.1740603949
         6.1069026898        0.5567846415       12.1845596317
        -2.8837036269        1.2071370508      -13.2154431748
        -1.2425499830      -10.1362061713        9.8724885622
       -11.2338618160       -8.5692510604       -3.8861050808
         9.5190109904        7.0174052439       -4.9708351254
         2.7394569422      -12.8833787403       -6.2043629083
        -9.8682879583       -0.4630011747      -10.0735174634
        12.0805517708        6.5917381221       -2.1198306505
        -0.6056632934       -9.3053877776        3.4949626920
        -3.7301332204      -11.4845720100        3.8712238157
       -13.0123154195       -5.8482696681       -1.8141385929
         0.2724025189       -3.2014839184       -7.0372117426
        -1.5464059074        2.3921618102       -9.9024429729
         9.8325746008       -2.1296317529       -9.3828693846
         6.1781227892        9.2116157116        1.2122705682
        -6.3116668523        1.3462905458        0.0586183161
        -1.1272220203        7.5202281125        7.2895134071
         4.7521839349       -3.5879652497       -2.7632734161
         2.7239723132      -12.8282797011        5.0266406799
         9.4981265130        7.5123352227        0.4445245070
        11.4364390608        0.0610923149       -3.1994547496
        10.6084885180       -2.8469075958       -5.6012197938
         2.3591776132       -9.2749171194        5.6737487149
        11.2133461939       -7.7969408036        3.4487933458
         3.9698945553        9.1138250119       11.0968381047
        -5.3011943975       -0.7664050919       -5.6159993779
         6.8485511575        7.4348696589       -7.7439593353
        12.4256384872       -1.3499055715        4.4741508658
       -12.7394236245       -9.3708520195       -0.4359082969
         8.9239258403        4.6429973791       -2.0082021537
         5.1261461049       -5.1267400478      -12.3244131713
        -4.8217851046       -4.6151169155      -10.7482587843
        -6.4306876873       11.7386101152       -0.5466864433
         0.4525537436        1.3758502482        0.8584668562
         5.2232067419       -4.2489323641        0.9618176266
        -5.9612537653       11.3616769370        3.3065297294
        -9.4648680144       -0.7451274835        0.3251875310
         1.8451607736        6.5197518578       13.0334461633
         8.0163253321       -2.3777949388       10.5982516326
        -3.7851483732       13.8615522280        1.4130891698
        10.9606158247        8.8424857849        3.6472138731
        -3.9273857103       -5.3947934418        1.6662094971
        -1.2713247927       10.2765744214       -9.1991369020
        -8.1898616271       -6.4527759225       -4.1218506419
         3.2045366204       -6.6176218818       12.3835979813
         5.7399984252       -8.6495266804        3.9258386701
         7.5985808922       10.6180183387        4.4728734336
         3.9656488035        3.3594889035       13.4596470244
        -8.0172885188        8.7645831092        5.2387900969
         3.9167119083        5.9301795026       -2.1360571348
        -8.4351183372       -2.8873644809       -5.5126638992
         1.3063294990       12.3171569305       -7.1215969887
         0.5846526431       13.6813650722        5.9479985917
        -3.6343934262       -7.0948557428        9.8488444684
        -4.1880720866      -10.0029719818        7.3912799509
         2.6841385110        0.7462503169       -1.8122755412
        -5.6596468381       10.5622847112       -4.1278218205
         1.3489955246       -5.3158663293      -12.9388612128
        -4.8526603797        3.9894907564        2.0373477887
        -5.0975802595        1.6020536722       -8.4603090212
        -3.4555497791       -3.4092591365       -7.5378067417
        -7.8895272896        5.4549815335        0.7957640322
        -1.9271095358        6.2029205852       12.3981319967
         5.9385030315      -11.6875798931       -0.4172060725
        -8.1533127365       -0.6913835201        9.3868303724
         8.9274028203        1.0843293487       -0.5935094636
        -9.4699832380       -6.7231717664        4.6996743706
         2.2053176735      -11.5502046125        8.6829931032
         5.5310370959      -11.0314203023       -4.2869663630
         6.1683241995       -1.6979085877        3.5431347941
        -8.8554195781       -3.7293539372        7.0944356822
         6.1129651703        2.5909715828        8.6686164617
         4.4560756429       -6.6340776224       -7.2473799483
        -2.3568063347        2.9321925304       -0.5607906283
