         1.0728206822       -1.6423051546        2.3811535013
         3.3569151570       -4.1639875431        3.8918979584
        -0.1184333046        3.2923448293       -4.6363625602
         4.3540995587       -2.2927167499        0.7261222450
         0.0681771271       -6.0609037911       -2.6486484508
        -3.9637381339        2.9332166183       -0.1107910744
        -1.7954483945        0.1064013221        0.8719341521
        -2.2791682253        2.7804553717        3.3766424549
        -3.3707246512       -4.1841198738       -2.2439102121
        -0.5528111429       -4.5411921823        3.6021869256
         0.9749521769        6.1361064218       -2.2698474931
         3.9139178177       -0.3529118394        4.1117051057
         5.1054150456       -0.3025556926       -2.4793725854
         1.9354135421       -5.3094990597        0.6425040675
        -1.8064513238       -6.3054223778        0.5558595023
         0.7620840959        1.5118540187        5.5711129122
         3.1270963221        2.9967699577       -2.4459405285
        -1.4039572874        0.3049043930       -6.4568164415
         1.9059143670       -0.0028447895       -4.5945041365
         1.1411045595        1.9713444364        2.0807892016
        -3.7973961324        2.0896093438       -3.8880707496
         0.6102276051        5.0787778502        4.1429741619
        -1.2431795234        5.6099147976        0.9418793579
         4.6401581064        1.5815512739        0.8423873488
        -0.5567164900       -3.0566066217       -4.7640989667
        -4.1516697243       -1.6176375328       -4.8453571182
         3.9173333007        3.3741792656        4.1260096406
         2.6642443241       -3.2719274683       -2.6340616771
         1.8313368652       -0.1085282444       -0.8893628220
         2.6445709787        4.9633202095        0.8491860893
        -2.6580799956        5.4181851835       -2.6283983501
        -4.7242346976       -0.6977690104       -1.2336858144
        -1.9985435293       -0.9449420031        4.4091002871
        -0.4627065714       -2.9872548427       -0.6166142142
        -5.0737551046        0.3006794918        2.4639973389
        -1.3434312720       -0.2048298724       -2.7697002233
        -0.3522213945        2.8597528133       -1.1026133007
         1.1365626729       -2.1668101145        6.1109539569
        -3.5096774063       -3.0946028339        1.5597605109
