         5.4198188767       -4.3131288943       -0.6948057806
       -1.8755392323        3.4432354202        4.8165116945
        4.3333373266       -0.9815410286        4.8093854280
        0.7845023062        6.0429656843       -0.6535820808
       -2.2919758237       -0.3552821013        4.6679910960
       -3.3821007249        3.1948256591       -4.5679990133
       -3.1071322568       -5.0985043281        0.6690749875
        1.2574160677        1.2519697052        4.9011219050
        2.2506316875       -0.5579933310        1.7244133890
        0.3147841487        4.8688659335       -4.3251805566
        2.0417898998        2.6395985293       -0.1746090916
       -0.8106450620        1.5242104451        1.8337644170
       -3.2925771931        0.2240661006       -0.5249805097
        0.8560059912       -2.5500272631        4.5478122126
       -2.6203348174       -4.1303345331        4.3526549940
       -4.9670372727       -2.6852533688       -1.6400758236
        4.3148227951        5.3998363074        0.8626764949
       -1.3112527860       -3.6265930741       -2.3674694931
       -2.5159809031       -0.5721162022       -4.0309897774
       -0.2378515894       -6.8750610363       -1.0664123612
       -1.1742058552        2.8504715813       -1.7745780663
        4.3855231725        2.2182277069        2.8029762847
        1.1124851750       -1.7698750181       -4.7355854101
        0.2520104423       -5.7359505836        2.5394743016
        3.1503475084       -7.0101396538        0.3656389527
        5.7767327603       -1.0756720936        1.2525841821
       -4.8327024226       -1.9560112204        2.1975056469
        5.4362958026        2.0256313483       -0.9567650547
        3.8302308302       -1.2984030036       -2.0297669984
       -5.9222380946        0.6369472878       -3.4038406589
        3.8548479209       -4.1044972862        2.7761155211
       -1.2408250197       -2.1390106490        1.4950878782
       -6.9583132121        0.2950834558        0.1222353989
        0.2886503336       -0.4205487387       -1.4953211633
       -2.6501815516        6.1859142949       -2.2982335429
        1.6371148956       -3.6099968888       -0.0368393663
        1.2291038040        4.5315845630        2.9038813241
        2.4627274275       -4.9830164238       -3.1408228484
        2.5111437440        1.7042893103       -3.7007986241
       -0.3190421745        1.5773378557       -6.0171079111
       -4.5125066435        1.9316423372        2.5267613901
       -4.9672424138        3.4384344115       -1.0313676585
       -2.2751153148        4.8404887815        1.2670629779
        3.7644774474        5.0233300018       -2.7675986857
