        -1.0025785916        0.2480079693        0.7941841225
         2.0635368315        4.8881449543       -2.7457339894
         5.1283621565        2.2729187617        2.0358409598
         2.4521536579        3.7258026491        4.5100389831
         2.3545627314       -1.7696997704       -0.1110419142
         0.8742338651        0.6252045245        6.3175967897
        -1.4046500144        3.3886242500        5.1028380646
         3.6032712877        1.6128838810       -4.0302293931
         1.6040754699       -0.5574081188       -6.4409224997
        -2.6306401149        6.0462180249        2.6074100232
         1.9610828244        0.4764748974        2.8865244745
        -0.6495284842       -5.9947409709        1.1170100554
         2.4061389872        1.9380981704       -0.4861488105
         0.5119194126       -0.1653638572       -2.9159040443
         4.5947980735        0.6957237003        5.4614289527
         1.9405578084       -5.1513362931       -1.6576597312
        -1.4802100652        5.9250272810       -3.8440015651
        -1.0290190050       -2.9860167226       -0.9492386343
         0.4106832834       -5.7296622424        4.6925511140
        -4.0941297261       -4.6727938810       -0.0951223875
        -3.0349198538       -4.0472432628        3.5334008906
        -3.6771883010        2.8682780225       -4.1407054808
        -5.8368914187        1.7379255369       -1.0854637003
        -0.0304254113        3.5668234929        1.7879829627
         5.0765680138       -1.5731568841        2.4047494431
        -0.8596222079       -2.7441237399        6.4638492682
         5.4018089489       -3.8093124958       -0.6927370135
         5.5221307267       -0.0246268270       -1.0965802902
         0.0727661601        2.7325532548       -5.2425107720
         5.4846297510        3.7560600093       -1.4827429087
        -3.0927104172       -0.2423882480       -2.0857679708
        -4.3448209252       -1.1850062813        1.3617329999
        -0.9785989193        2.9616526853       -1.6623806015
         2.9775482493       -4.8314037789        2.0337726729
        -3.8193546804        5.0097849228       -0.8790233666
        -5.7828418748       -0.1799301445       -4.6213708986
        -6.4654456762       -2.0621904138       -1.5098797587
        -2.2446060067       -0.1482103610        4.2602201114
         0.0910875648       -2.6291778609        2.6930934900
         3.5600059197       -2.2262003943       -3.6214408022
         3.0840836328        5.3335743986        0.9983464539
        -2.1136404612       -0.3985445696       -5.6407153335
         2.7219997940       -2.6105858838        5.2151718774
        -1.6093155386       -6.2833713283       -2.5427271142
        -3.6724584984        2.5132144238        1.9520131721
         0.0088944936       -3.4592780467       -4.5363552689
        -3.7364309025       -3.4018343465       -3.7758086703
        -0.3168725493        6.5606109128       -0.3375439618
