         5.1226088664       -4.7010325773        1.7504824064
         1.7473254003       -0.3409159775        7.0766322912
        -2.8156459302        3.7050261839        4.3760818699
         0.1212492178        3.3883085018       -5.3328936891
        -0.1141873541        6.3576387326        3.8306900220
        -4.4590211002       -4.2950314356        0.8552398600
         3.2037812300        4.6649167122        2.9111270136
         3.7828269479        2.7272053631       -4.1972471905
        -0.2503604645       -3.1514374889        5.3914154874
        -5.9823284732        1.1968461087       -1.8109743419
        -2.7206062518        5.7395276092        1.0772112093
        -3.8929465870       -2.4948914554        4.2408485477
        -1.5944733409        5.5987829569       -2.6299159624
        -6.0845764481       -0.8337313947        1.4892657673
        -3.2938924779       -1.2238843144       -0.9093078624
        -0.0327392563       -2.9654401312       -1.8650078169
        -1.1354215094       -6.0632925928       -0.1121681832
         5.3550111333       -0.7096265057       -4.7894750295
        -3.3238398170       -4.4049722897       -2.8606317626
         2.7107111588       -3.4466342132       -4.3402809058
        -3.6035757251        2.8151946480       -4.4259737459
         0.8250285021        3.0465681368        5.5261264134
        -0.0707199574        0.1491943611        0.0280012193
        -1.8669603478        0.5933038580       -7.0292634081
         2.6288194315       -0.2773608513       -2.3690927376
        -1.1479237319       -2.8468111394        1.7827390494
        -1.8744201532        0.3102689526        6.0270534564
         3.1683838126        1.4886637300        0.9590024383
         5.3086298702       -2.7407174137       -1.5401939822
         1.0386089164        3.1567100504       -1.7594440062
         1.7709822568       -0.0565426062       -5.9934985306
        -2.7949681768        0.5485936506        2.4548661711
        -2.2346880019       -5.8731639015        3.5539978030
        -5.4170210889        2.9981702095        1.5722694651
        -4.2631520184       -1.0135093266       -4.5052384491
        -6.5567707595       -2.5973379109       -1.8736827857
        -0.9528081490        0.3688370630       -3.4828978123
         2.5157963958       -2.2729419025        0.8818530724
         5.8568386430       -0.9387692188        1.8577028461
        -0.9460457939       -2.7872760034       -5.4745772683
         4.3314054818        4.5323089031       -0.7951059826
         0.8272994978       -0.1040577089        3.5325923884
        -0.0054221566       -6.0944415363       -3.7766083447
         5.9796428534        1.0870513846       -1.4573228644
        -2.6388214168        2.5353722327       -0.8313530593
        -0.0927133815        3.2272108151        1.9128913769
        -5.2513416659        4.9617507883       -1.7062341258
         2.5953975583       -5.4753810503       -1.0276354163
         6.4371357848        2.8497258540        1.9210516919
         4.1414649150        1.2702265444        4.5534198838
         1.0069018174        6.3056389321        0.1738964535
         3.4790446241       -2.5564655452        4.4716483343
         1.4624972197       -5.3573757916        2.6879187253
