         5.1370133019       -2.9960335653        4.2261542395
         1.8099641795        3.6744611702        6.0372067463
        -2.7283591893        5.4701646358        1.4851604354
         0.2156888201       -0.4248976216       -6.2725829562
         0.0167523449        7.2789196549       -0.4924900563
        -4.4420540443       -3.0872998220        3.2107768199
         3.3175277853        5.3390134175       -0.2475825333
         3.8698669177       -0.3436569876       -4.9475631747
        -0.2156885208        0.4248975059        6.2725829414
        -5.9125839890       -0.1314496963       -2.1439262882
        -2.5950564443        5.2075635800       -2.3915087434
        -3.8698666812        0.3436573558        4.9475633953
        -1.4705303874        2.9558502404       -5.3547030145
        -6.0458869232        0.1311516532        1.7327428997
        -3.2507315444       -1.6208311127       -0.0019862104
         2.2355354127        2.8361031096       -6.3391168217
        -0.0083407747       -3.6241078275        0.2452064968
        -1.1415072151       -5.1265077014        3.4624029978
         5.4000307383       -3.5141673062       -3.4228342770
        -3.3175275759       -5.3390128584        0.2475824368
         2.7283590340       -5.4701650135       -1.4851610438
        -3.5208746215       -0.3438411935       -5.2016882795
         0.9258186810        5.5514049297        2.8101797080
         0.0000000605       -0.0000000418        0.0000002644
        -1.8099642405       -3.6744609138       -6.0372067326
         2.6886261950       -1.7496720495       -1.7041978485
        -1.1130530865       -1.4120700178        3.1561887429
        -1.8195217942        3.6433489183        4.7945491003
         3.2507315434        1.6208311510        0.0019860654
         5.3403967528       -3.2995078933        0.4071394946
         1.1130526151        1.4120694890       -3.1561887657
         1.8195217188       -3.6433482891       -4.7945490823
        -2.6886261762        1.7496719890        1.7041981338
        -2.2355356879       -2.8361030603        6.3391169841
        -5.3403970070        3.2995076104       -0.4071395693
        -5.4000308271        3.5141673830        3.4228341782
        -4.2263656158       -3.5121973902       -3.0618060479
        -6.5290037362       -3.2553943594       -0.0039890671
        -0.9011648272       -1.8294806649       -3.0058701317
         2.5576723342       -1.4916976552        2.1041639340
         5.9125845220        0.1314492871        2.1439258729
        -0.9258186593       -5.5514048292       -2.8101799140
         4.4420537608        3.0872998470       -3.2107766671
         0.9011644808        1.8294804330        3.0058707098
        -0.0167526613       -7.2789196489        0.4924897138
         6.0458870825       -0.1311516312       -1.7327430311
        -2.5576720468        1.4916981644       -2.1041634409
         0.0083412467        3.6241077586       -0.2452061762
        -5.1370133888        2.9960334266       -4.2261541520
         2.5950564901       -5.2075636417        2.3915083754
         6.5290036492        3.2553944302        0.0039891016
         4.2263651798        3.5121969625        3.0618057068
         1.1415071392        5.1265072472       -3.4624027324
         3.5208754501        0.3438415330        5.2016885583
         1.4705302298       -2.9558500909        5.3547027046
