        -5.8803204006        1.1608465471        2.8879015948
        0.6540137674       -1.7720619496        3.3853696510
        4.3585748491        3.3391371346        5.1428577113
       -0.6881806862        3.6208738665       -1.3343869704
        0.3884544841       -5.1242116228       -5.5480648050
       -0.9895764779        6.5270101895        0.8273978791
       -1.3474238579        5.9091953977        4.5227556195
        2.5444756133        5.9302268252       -0.9295297465
        3.4506748184       -2.8454639228       -5.0869314769
        2.8474691042       -0.1350518457        6.1444575908
       -6.8309976232        3.2429842499       -0.0997956885
       -2.4714845481       -2.4274777439        0.4530745536
       -1.0117050503       -0.3131749165        6.4486995421
       -3.1024004916        0.4203392587       -6.0065895081
       -4.1567895729        4.6517144080        2.2480272552
       -5.3652581766       -2.7735908734        2.4550357529
       -5.2170038055        2.1493652648       -3.2970341230
        3.2193822306        1.0173185681       -5.7329190381
       -2.2827453925       -3.5972382422        4.5378050929
        0.8527565770       -5.5743038207        3.5306725473
       -1.5221850538       -5.6262295027       -2.1843161518
       -2.5616583822       -5.8105889091        1.4767934512
        0.7193828436       -3.8381659324        0.3404032349
       -6.1751924171       -0.5789791049       -0.5239225947
        2.2844168107        1.3793437276        2.8711956563
       -2.9225254877       -0.6652557419       -2.5261029768
       -3.4464563951        1.7748627288        0.0213797366
        0.0000002525       -0.0000002148        0.0000001039
       -0.8322687493        3.0133068312        2.2925919273
        5.2444933760        3.6145009722        1.3916351518
        2.4714820120        2.4274800179       -0.4530763153
        2.4733153714       -5.5247242539       -2.4632214182
        5.3764565249       -3.2596813570       -1.7820029323
        3.9259836509       -5.4094958769        1.0975703751
       -4.8931653335       -4.0076597702       -1.5816385354
       -2.4700686698       -0.0865875259        3.0423976405
        0.6278296151        2.9862188275        5.7788985449
       -3.9135191100        5.3226846860       -1.4946784769
        0.9967824075       -3.4675829263        6.6461827835
       -4.7019781189       -0.9479119412        5.7955904065
       -3.2082087503        2.6469883383        5.3461710326
        0.2032799312       -1.4154889869       -6.4750329629
        3.4154693702       -1.5590965752        0.9656326440
        6.7816893592       -2.8996437186        1.6703882997
       -2.8834227018       -3.3566881510       -4.9683240298
        0.0114957756        2.3392578910       -7.1914666529
        2.0538629178        5.1910135156        2.7527743001
        0.7060399267       -7.4848808150        0.2721181716
        6.3161345028       -0.3733884497       -4.0697694985
        3.0769742322       -0.4102073600       -2.3935074934
        1.7237308951        4.2228140479       -4.2354835078
       -0.6230462120        6.9069590775       -2.9157692982
        0.2296207480       -2.5199972866       -2.9369299668
        5.0311117839        3.0471125966       -2.8122966194
        6.2025303419        0.3886183516       -0.3468564290
       -0.0203777027        1.0629854321       -3.7280441035
       -2.2488924079        3.9619963784       -4.6853385096
        5.6811812226        0.2258158411        3.4552704930
        3.9535102739       -3.2362261339        4.2270063154
       -6.0557240145       -1.4399154996       -4.2250252296
