        -4.7804256807        3.3538034959       -6.1137169224
       -5.1585482410       -2.0026443213        2.0074057614
       -4.9552771138        0.3395135884       -4.0085306524
       -2.8399128539       -4.1140055413        4.1098958002
       -0.4237570293       -6.1915626643        2.0213036644
        4.4468144464       -3.1909948824        4.6401611955
       -4.0165544914       -0.5740282693        5.3990657955
       -2.3455978746        6.3437976660       -1.0469997202
        5.0021885441        0.6509323383       -3.2459210325
        4.6399157846       -3.2461482566       -2.7120763880
       -5.8717039712        1.0331811518       -0.4259644129
        0.6500987435        0.3735176830       -8.0518461409
       -1.0246160234        3.3832406092       -6.5699739031
        1.9943819412       -1.2502027119        6.9060259663
        3.9476889457       -0.6280818744        0.0098156756
       -1.1614190039       -6.3653486023       -1.6538401810
        0.5432091036        5.0977872094       -3.4464169401
        2.7984070576        2.8401080631        0.9912291025
       -4.6989399783       -5.9382928990       -3.0052715481
       -1.6600708389       -2.9919122368        0.6640596725
        1.4103198242       -4.8997956222       -4.2888318727
        2.6042719370        2.5509090073        6.3654145446
       -2.8804412501        6.2286688585       -4.7259444838
       -3.0974396652        0.1388770684       -7.2824082510
       -1.5423684167       -2.5925631092        7.4213032950
       -0.3607982986        4.9458594847        6.3368551730
       -6.3909107726        1.4757145089        3.2636650685
       -0.9703110612        1.1878307958        6.9602289484
        6.5580252428       -0.6003173942        2.6673366354
       -0.7349759721       -2.8942745205       -6.7757160613
       -1.9202708602       -3.2066846507       -3.1270610387
       -3.4277956314        3.2792028961        4.8603721593
       -2.3126741580        2.9111996981       -3.1912289480
        3.2826480659       -6.4108523789        2.9319786877
       -1.3509228942        5.8259161033        2.7233049100
        7.4241008198       -1.2949104496       -0.9944100019
       -4.4288348567        4.1218015891        1.2293269777
        2.9737823206        0.0781043708        3.5744515691
        6.3645996666        2.2331064211        0.0318280579
        4.0291319883        4.2320004919       -2.2945900026
       -0.7305087927        0.0180925996       -4.5688967013
        5.5161258341        0.0989570954        6.2643611643
       -2.5105816332       -0.1104538081       -1.3041850656
       -5.4562017680        4.2697108645       -2.4254024065
       -4.4373994579       -3.0672505267       -5.6080055317
        0.8703455827       -4.5503236245        5.2420015375
       -0.9140072007        3.2662772837        0.0745761018
        5.4277257619       -3.9035129420        0.9906235537
       -5.2734288907       -2.5716201195       -1.6513917698
        5.0983247664        5.7054647372        1.0544652709
        1.4630083509        1.5695380461       -2.2439101922
        0.4087916904        0.0118856667        0.8520579692
        2.5259237371        2.5072776053       -5.5316944770
        2.3812704815        5.3891608151        3.7179616766
       -2.9467156501        0.8510821149        2.1273970519
        2.4020835815       -5.6306270641       -0.6988271859
        5.3781635469        2.9416855433        3.6992904634
        1.2257965667       -2.2007779683       -1.8563007268
        1.4181156476        6.1554634023        0.0544731616
       -4.1277292731       -5.5277096442        0.7056633900
        2.5575508132       -1.3705518902       -5.2771464538
       -0.5568576227       -1.2544231241        4.1229054093
        1.8552085903       -3.1613909502        1.9301676908
        0.0623401661        2.4830931905        3.6257843879
       -1.9523623228       -6.1515000168       -5.4502484772
