        -0.1101343529       -3.0056077158        6.0481976742
        -0.0937881692        2.5833393087       -6.3089526219
        -3.2172409660       -2.7243103661        1.8051390698
        -5.9644114407       -1.8294959882       -3.8473153042
         2.9113202552        6.0817157611        3.7181814265
         7.9868918718       -1.8151085158       -3.4231544699
         0.2744524171        3.5496898912        0.2220926779
         0.9710177756       -0.9678570088       -1.2527393895
         7.0989149235       -0.6316026267        0.0838789375
         1.0753692550        1.5451622730        3.3187078263
         5.5312626206       -3.0376273115        2.6072403580
         1.8095728637       -0.1869478210       -4.7440147656
        -5.6356592190       -0.0393763563        5.6189450126
        -7.2781074599       -0.4820038613       -0.4326307940
        -1.7297739669        6.3693727985       -1.1716217042
         3.4801851529       -0.2571089396        1.2108520187
        -0.6234460138       -1.0702701017       -7.4937988669
         2.0686778866        6.6480088346       -0.1227832983
         2.8676972816       -3.7942315077        0.1208740917
        -4.8132611359        0.6572507236        2.0206032465
         6.4153216922       -4.2868174732       -0.9628287536
        -5.1192591903       -5.8441070228        2.7306843234
         4.7400413719       -6.6699778257        1.4710976656
        -3.3657565080        3.0903437789       -0.5295172169
        -3.8317296326       -2.8933896513       -6.7117774558
        -3.9129995581       -3.4500665901        5.3880189625
        -5.8194310459        1.9791502490       -2.9528094369
        -2.8414973198        4.3127952898       -4.2362360272
        -0.6410289464        6.4694595124        2.4929429183
        -2.0769327636       -0.2964242256        4.4506117031
         2.6467928353        0.7083409390       -8.2311435248
         7.0681142085        3.1281531339        0.4031488078
         6.0961856330        0.7841132012        3.4419649457
         3.6962443295        2.9467518591       -5.3143082189
        -1.3110265874        0.3978198054        0.9151121735
         4.4578856405       -1.4099204198       -2.3521111059
        -3.4186798756        0.7141304756       -5.5073147403
         2.6407799680       -2.9693200394       -7.0797735104
         0.4810751687        0.7658530240        6.9227587079
         6.4682722330        1.6639992029       -3.0015845960
         4.7828166977        4.9986681340       -2.2012928686
         5.2963081132       -4.2357245442       -4.6260660775
        -6.9565957307        3.3080203462        0.4974628278
        -3.2081171121        6.0854004789        5.2735091139
         3.5964591080        2.6746373115        5.5881627778
        -5.6462274683       -3.9414853474       -0.5831478069
         0.1797217132        4.3657436622        5.6510053513
         0.9928731683        4.8077883261       -3.3432984859
        -0.6196135906       -4.7900242258       -6.1702634887
        -0.9804731123       -3.8202615598       -0.7430577426
        -3.0124519692        2.5531734570        6.6983789790
        -2.7370139009       -0.9936397705        8.0130278976
        -5.8384295458        3.5299890765        4.2112598951
        -0.2396105171       -6.7871276370       -2.8930396848
        -3.6340136193       -0.7752703802       -1.4149858547
        -5.4744384010        5.7409144157       -1.9964409499
         3.1124679726       -1.1872550852        4.9206723295
         2.9215584786        1.9823496529       -1.7781756279
        -1.3514035683       -5.4658555761        3.3160271482
         3.7046458588        3.3949419294        1.5274051775
         3.5783178578       -6.6706265691       -2.1464643705
        -8.3620610196        0.9124715069        3.0522097694
        -1.4351128062       -1.9349910572       -3.9736913227
        -4.3731212942        5.9797289390        1.6341431226
         5.3619062245       -0.5624369541       -5.8930297584
        -3.4788653483       -4.8752154134       -3.4658720465
         6.4211078405        4.4835991176        3.9453454101
         0.9443716956       -6.8138808275        0.7039372099
        -2.2821611562        3.2305862171        3.0883534513
        -2.8917649285       -6.7280402853       -0.0956053097
        -0.9272018028        1.6216170089       -2.8053206562
         1.7761837414       -3.7736965315       -3.5314186902
         0.4968855230       -2.2723735595        2.4447212094
         5.6226112557        6.6432404455        1.0487103847
         2.4356552108       -4.9450018414        3.8771271492
        -6.7571248005       -2.4738415532        2.8550747909
