         1.8341713253       -4.4610487089        7.9451525448
       -3.8775476589       -4.1704143877        4.3607966017
       -1.6098702571        6.8734522471        2.0765811712
        0.6964369253       -5.5610063468       -4.5496379047
       -1.6262595491       -2.7066586136       -4.1069678231
        3.9100609208        1.9924236871       -2.7531028164
       -4.2724222153       -1.3850193362        1.3759126908
       -0.9100920004       -3.9081777885        1.8990910495
       -1.8843991466        3.9193125205        4.8221072315
        2.2308174844        7.4314435241        1.9222761420
        2.9790331853       -3.9514283756        1.5328015654
        6.7129877403        2.5080269574        3.0600699236
        1.3240156152       -2.4213419868       -6.7019937474
       -2.5236379328        3.1783421916       -6.6519035677
       -3.0986520880       -4.2577066765       -0.9256352965
       -4.8234185278       -1.3854771024        6.7019573541
       -4.8129639873       -1.3271329355       -2.5511681616
       -6.9638712154       -1.8270800084        3.5995975189
        3.6705012023       -1.0635206111       -0.7423251157
        0.8117561856       -3.5423601268       -1.3955060344
       -7.4849910269        1.4260669712       -2.4164624562
        4.2881741798       -0.0745037158       -5.8064644811
        0.7608296004        1.6978863423       -0.8478470732
        5.3846920048        5.5117537228        0.9398349968
        2.3183280099        4.9968295677       -1.0447055091
        3.8515127666        8.3600518583       -1.2907247914
        0.9564391797       -0.8626611599        1.5879436964
        3.0077708315       -6.4109765263       -1.5444514281
        4.6991980323       -2.5233930167        6.4409860428
       -7.6427794684       -1.8543566562       -0.3046255571
        3.6644500370        4.4841779528        4.2318127985
        0.9361287367        1.3912029248       -6.9839806733
        1.1715089581       -7.0988458909        1.8813998599
       -0.4824184710       -5.8426970280        5.0880042268
        5.9367701200       -4.0466274209       -0.6989928385
       -7.0713326258        1.4335149783        1.4455161226
       -2.7035212535       -7.0036013751        2.0878137789
       -4.6910998536        4.0339572482       -3.6283678689
        3.7057863175        2.1600654671        1.1445244589
       -4.3640278116        4.3909939829        1.9593678645
       -2.1207947165        1.1497931778       -3.7267781597
        4.2125799865       -0.7327193894        3.2099542589
        0.7158805919        4.1126564695        2.1459045915
        6.6140151736       -0.8714683200       -2.8333694467
       -1.7850633993        0.9716968555        7.0723107722
        3.7447452091       -3.3198308237       -3.7905932829
        3.3964702546       -5.8026902576        4.7711658989
       -1.9132598491       -1.1250801786        4.1358148965
        6.9554221371        2.5030293046       -0.8140413587
        0.6660500014        6.5434398219        5.1808223050
       -2.1917515913       -0.6659008655       -7.0752044232
        0.5213835729        5.2278192663       -7.2893059101
       -0.0457503009        7.7733413271       -1.2314960517
        3.7910325936        3.7865348100       -6.0125249132
        5.5016255990        5.3861254612       -2.9483918353
       -4.2487976735        1.8406260394       -0.7688626381
       -3.1491110856       -6.1018717388       -4.2083837183
        1.3695797776       -2.6723001350        4.7347042735
        1.2890160135        3.3840785890        7.1886908488
       -6.3965474657       -4.7197863068       -2.5969355561
        2.1418325548        6.8491310546       -4.2939757015
        6.3178261623       -3.8546916249        3.1759505835
       -0.7795470700       -7.0180849302       -1.3139860646
        1.1223567036        1.2686995535        4.3812925605
       -6.9213288724        4.6636404826       -0.6684424391
        4.5217639231        1.3766181403        6.1485712113
       -1.5957675795       -0.9429396299       -0.8630848477
        7.0721294652       -0.7815906750        0.9807523536
       -1.8571356947        1.6464077446        1.8798731929
        1.2440750860       -0.4706877158       -3.6586103018
       -5.3857915592        0.7595967426       -5.5384015570
        5.0188777678       -7.0409487283        1.5655585454
       -5.9165798540       -4.8461799614        1.2864565565
       -1.5863193548        4.3152697050       -0.9628308873
       -4.6818734461        1.3797383280        4.2826476143
       -4.5898259667       -7.6517021682       -1.0587103749
       -1.4738447511       -2.8929172397        7.3045776851
       -3.9186809447        6.9479635160       -1.0772955103
        7.0533918579        2.3753843473       -4.6714320573
        0.6076814912        3.4641667064       -4.0270065564
       -1.7246553418        6.2350682102       -4.2773635752
       -1.7439475981       -4.4908080593       -7.3489017624
       -4.9368203108       -3.0952269642       -5.8325490632
        1.6145215950       -0.5341914267        7.6844956095
        7.5538322214       -0.6660214469        4.8199538817
       -8.0909595825       -1.7666534171       -4.2197041421
