        -5.3799161985       -7.3514005277       -2.1197231690
        -2.8326873472       -1.4394807560       -4.2235698850
        -1.5855094961        4.1568529269        0.9417325481
         5.2317141329        2.7942683015        3.6072809981
         4.3694840242       -0.0095442454       -2.8262075093
         2.0027543270        5.0644687846       -0.2800233751
         3.1823352869       -0.3640030620        3.2280628702
        -7.5989499005        1.4850567361        1.3096001325
        -5.2721861201       -0.8969713487       -1.0666630387
         3.1026364061       -4.0424702701        1.9417433135
        -2.7329290299       -0.6828365145        4.9664661272
         0.2220797246       -2.6219066475        3.7180401192
         0.6843536624        0.8144846116        5.6097437408
        -4.0552740014        1.1492339351        1.7267230079
         4.5198388750        0.2971701083        6.5121069036
         5.4694246084       -1.4721720370        0.3483403363
         1.0105750189       -0.7575069934       -3.6052741871
         2.3627610387        2.9549554505       -3.6905787430
         5.6759648305        5.1167301662        0.5337868010
        -1.1444343274        1.7908359413       -4.7500655528
        -0.1893561601       -4.0567843821       -3.2537075469
        -0.9121127617        4.8667805918       -2.7723154229
         7.9608979031       -0.4265068747       -2.4556172002
        -0.2087146357       -4.2772287579        0.3809515798
        -1.6364851126       -1.0985361902       -0.9628575018
         1.1880561683       -6.8726975628       -5.6029344158
        -3.6202834948        5.5853013809        6.5943283179
         0.3609736016        1.9010867501       -1.0332130122
         4.6302604670       -6.6179085340       -0.1314653968
        -3.2892299160       -2.5242591983        1.8679428018
         4.5856699788       -3.3463132013        5.1846515722
        -2.1376180617        3.0062336161        4.3582227184
         4.1273131445        6.2716940113       -2.9806839330
        -8.9634933696       -0.8158437375       -1.3494163596
         3.2651927608       -3.6107473802       -2.0580986263
        -6.6455166070       -1.2369381002       -4.4227167637
        -1.5381281102       -4.3413621252       -6.5939182682
        -0.5989686783        0.4489750549        2.1368460021
         4.5536997627        4.0575601367       -6.2045564085
         1.0026808979        2.9524476280       -7.4142226721
        -5.7511303431        3.6391073984        4.0027688312
        -1.9731027297       -5.7338095693        3.3795735745
        -4.3162711501        1.9164745405        7.1862013132
         9.1419713312       -1.8123893721        0.7870252733
        -4.1763515895       -1.5891027960       -7.4652074719
         1.6545204006       -2.2739944151        7.2566598389
         3.3833650107        6.2214133767        3.3928361560
         3.8376524817        1.9263870223        0.2117259188
         3.6752883231        8.3215528586        0.2734312707
         6.1803330547        3.1480195621       -2.6598772139
         1.2395404119        6.1475052606       -5.4313485547
        -2.4852820407        1.6772683803       -8.4290239048
         1.5076248411        3.2158693282        2.8518077899
         1.4056055905       -5.6001677292        5.3222965613
         1.2456990799       -7.3147559746        1.9039459776
        -4.8965735533       -4.5645841757       -4.9006081830
        -7.1151809212       -2.3654161502        1.6987511659
         7.4886370217        1.6845023255        0.6808660122
         2.7734113815        3.7547796364        6.3679335759
        -5.1230481198       -3.8447563904        4.6794214798
        -2.0858738929       -7.4176651800       -0.0904547612
        -7.1417814279       -4.0665393340       -1.7682542576
        -3.3721856941        6.5274591809        2.9908861317
         6.8248179859        1.0520614539       -5.6879959493
         2.3595491784       -3.4060972426       -5.8927302710
        -3.2849694451        2.0930114523       -1.8197893641
        -1.8004838046       -3.8122474973        6.6757594186
        -3.4382431491       -4.2334384059       -1.5683508952
         4.5454423674       -6.9489493030        3.7258304963
         6.8960932792       -0.7087543686        3.6687970876
        -0.0874887300        5.9245393720        5.0457710777
        -5.3018123984        4.4710821657        0.3023676867
        -0.2291887306       -0.9161976034       -7.1415185133
        -2.2646789379        4.8164201508       -6.4234878988
        -4.6056003160        5.1356269573       -3.4343223330
         7.0178972002       -4.1021533529       -1.6580877961
         4.5873474800       -6.1898872352       -4.0420286252
        -4.7227109434        1.8206553652       -5.4371587168
        -2.1184710076       -7.0717191425       -3.8846843885
         0.7833518027        8.1012736679       -2.1033864800
         1.8259957740       -1.2151806187        0.0322026961
         1.9536246312        1.1209742120        9.0947219464
         6.8234103328       -4.3832735776        2.2128030055
        -0.8046823307        3.3931587422        7.8602492447
         3.3146929486        0.2407952396       -6.3912469078
        -6.9350430864        2.2080552948       -2.3899949412
        -1.4692970855       -0.3697219948        8.4645742344
        -6.2970371757       -0.1050331280        4.5720824565
         0.1355851549        7.5061675761        1.6570525117
        -2.8330072912        7.2767196036       -0.7361465225
         5.8345658574       -2.5831935173       -4.8967249599
         1.3367601145       -7.0632858663       -1.8720537148
        -5.2516511942       -5.6770412608        1.3076161860
        -4.9115305534       -1.7754051364        7.7789464667
        -2.1469786851        7.9531625287       -4.4291636644
