         3.5979183965        6.0905105425        3.0695283750
         3.6444510604        2.0229485675       -5.9289800704
         2.1742150620        7.3855781069       -2.8874966153
         4.7837495241        4.9052700581       -3.9304536242
         0.9070874525       -4.1260199243       -0.0910109784
        -1.6571336945        2.5295069971        7.3909231601
         6.1269489809        1.1159578217       -3.1877268962
         4.0464527100       -1.5427450287       -5.2373514311
         7.4952646573       -2.1117779250       -1.9694992645
        -2.5513001669       -3.5915555971        1.3105268045
        -1.2662949961        3.7852929976        2.4008951193
         5.2450202497        0.0096625933        0.4706978563
        -4.1896646538       -1.4040469388       -1.2623817330
        -0.9053381806        8.3317055307       -0.7223183546
         6.2914503533       -6.1811853362        2.9283280814
        -0.3523654704       -6.3667730131        2.6991917765
        -4.3364725733        7.7521324136       -2.1224573193
         3.0521746906       -6.9308618341        0.9730053037
        -6.2725089615       -1.9958373672       -4.3365136490
         1.8042266157        5.5002313860       -6.3936562544
         7.6533142084       -2.7324178059        1.6865552555
         6.1238515247       -5.4656976176       -0.7433016038
         1.3431905981        5.5023997662        0.1128473536
        -2.7035819598       -2.0107174618        4.7155290844
         7.6339763220        4.0416587213       -1.5290819112
         0.3058955485        0.5220416785       -5.2532326194
         8.6507754783        0.8418646915        0.1932292052
        -4.0239149618        2.1641477986        0.4103234052
        -7.1609918680        0.9743733391        4.8209084604
         3.8935619849       -2.7679773343       -1.7466783665
        -0.8470543706       -1.1994122091        7.7301508689
         2.9163780545       -5.5996377794        4.6217247605
        -5.3635972910        3.5406529506        6.9397603571
         2.5523050417        0.4004848537       -2.5503410622
         3.5988905566       -0.3437566736        4.1106015738
        -0.3999218346       -6.5012983438       -4.8181430285
        -0.0841883502        7.2880133444        3.0123680789
        -1.2820549548        6.6906992228       -4.2660318354
         6.2524391703        3.5295650308        1.9178477147
         7.6608633655       -1.3311885696       -5.6168295611
         2.6987004177       -4.8661229695       -6.6108352112
        -2.5397618933        1.6592752245       -3.0570698488
         0.0570791422        2.1598121217       -0.4600740222
        -1.0118492184       -3.6878959543       -7.3300522238
        -1.6709794140       -0.1772402561        1.6626297916
        -1.8163110107        0.0545496686       -8.1747803329
         2.4867697481        8.9683481105        0.7368444464
        -1.6548975107        3.5078130554       -6.2401805681
        -3.5665182895        6.7189076508        1.5571417419
        -6.1989735750        4.8332423037       -0.6235993060
        -2.6172600476       -1.6611489539       -4.7488335761
         2.5488342026       -2.4934519780        6.8440642176
         1.0800806474        2.4239387937       -8.5393658688
         5.0786773491        6.5598162054       -0.4210717689
        -2.0935883280       -4.5288331519       -2.2027707045
         0.1236130086        0.7513192518        4.5780706082
        -3.7159915914       -5.5327747846        4.3338101052
        -4.6309776548        4.5330042883       -4.1084556343
        -7.7480651878       -1.7757169283       -0.8105830916
         1.7729472233       -1.3004681331       -8.0524195892
        -8.8889077254       -1.6577092166        2.7363187657
        -4.0175808804       -5.0686015287       -5.3553859575
        -5.8175839313        4.1847561207        3.1493931359
         2.4325702355        2.6746315768        2.3731367450
         2.8276714118       -6.1223066706       -2.8336077826
        -2.2069515832        4.8611482225       -1.2575263360
        -6.3125251085        1.4301451191       -2.5211827784
         5.9177495720       -3.1192119046        5.0904975714
         7.1502804386        0.3819924142        3.7712961558
        -7.7158317655        1.6295353533        1.0277399258
         4.0671549440       -3.4205988057        1.8593690142
        -4.5224641477       -0.1175872301        7.4303031878
         5.5476532214       -0.0633447924        7.2474666760
        -0.2200741841       -7.5345949004       -0.9996342408
         1.8410389754       -0.6548174931        0.9320633104
         0.6549374561       -2.8202878882        3.5234419017
        -6.2840384361       -4.3551732692        1.7611244950
        -3.4673319652       -7.8922374009       -2.9449544754
        -3.4968402415        1.6646789688        4.3221275439
        -3.6314740822       -6.9524826034        0.6927118276
        -4.6763487350       -2.2887089256       -7.7809581300
         0.9221777097       -3.0620266639       -4.1241807081
         3.9450214545        3.1508234477       -0.8812125400
         0.9872317290        4.4039362524        5.3773851897
        -2.7427016543        5.5267254925        5.1725395200
        -4.7450083724        1.1561614407       -6.0100025818
         2.0580764139        1.3259634602        7.5333207665
         5.9099231856       -4.5855274422       -4.4440210786
        -0.4591516460       -4.8508424486        6.2967602252
        -6.3122932320       -2.7775580294        5.2721485110
        -3.7085586813       -3.8022139689        7.8126707283
        -0.6566819915       -1.1820018354       -1.6500568968
         1.0351378946        3.7656227021       -3.4282940252
        -5.2876813069       -0.8880509681        2.1794359293
         4.6316628022        3.0731970851        5.3105035287
        -5.6978031099       -4.8815988880       -1.8946627049
