         3.0165472784        7.1307568081        6.0756097218
         0.1998459480        4.2431509732       -2.3682125150
         4.7132954066       -2.7623167420        6.4321176022
        -6.8583933641       -4.1254178537       -0.8778993167
        -2.4960533308        3.6194778593        7.0886580034
        -6.9653091960       -0.1627794441        4.0061474917
        -0.4091025523        0.5317803275        8.1244534006
        -5.4049472630        0.9520143299       -0.9913713351
         5.9524006180        0.7279028806       -5.1821582717
         3.0417857857       -1.0754794680       -3.6396020346
        -2.6260788737        2.4501155145       -6.7114861264
         6.4736032285       -1.7713374766       -2.2913222908
        -0.3451046882        7.7011856247       -3.1122552452
        -1.8515384506       -1.8093060182        3.4268879847
        -3.7523830191        0.1659174202        6.1003908279
         1.4793283631       -3.6529312333       -7.0569487134
        -2.2980505898       -4.2181222641       -6.7056370170
        -2.4277137460        1.3503216940       -3.1851638325
         5.1543520673       -3.0031912023       -5.7904215650
        -7.1782941301       -1.2279711072       -3.3641921196
         4.5277891754        6.3954405206        2.5796291973
        -1.5662053652       -2.9398988080        6.9439789042
         3.5844279116       -3.3393182302       -0.4266125559
         0.6960807853        1.6337224598       -5.1921260421
         0.8860051672        0.8655796346       -1.6417574010
        -0.2866541036        2.5474233547        1.3006098832
         6.8746833718       -4.2900457790        0.6539363488
         6.3809101202        0.4484837734        4.8443015154
         4.5813799922       -5.4351429587        3.6816157591
        -6.3261156676        4.8265702201       -1.6686721260
         4.2042566312        0.3874381416       -0.1096838073
         1.7753482714       -2.4558732732        8.7650698078
         0.0881115891        5.1750732509       -6.0038887799
        -0.9152558817       -0.7772477397       -7.9303867243
        -0.5481151222        1.5338344249        4.6698535852
         7.5261013614       -0.5499650925        1.2390773859
        -1.0908858382       -8.7115291918       -2.4811621702
        -0.5865767056        9.7931168590       -0.0195752904
         1.4122803672       -7.6415611005        3.0041069319
         0.7440304391       -6.2226838495       -0.4822474373
        -3.1356635123        5.0343490943       -3.8919201110
        -2.3928089246        4.6087646094        3.5373915776
        -2.3110182662       -4.3293932766        0.6247026100
        -8.7719410304        2.0118869479       -2.0727057786
         3.5862291779        3.5049290461       -6.6411430449
         6.1436288470        2.9789419844        1.9303959171
        -3.5252540491        7.4613036589       -0.9455500216
         1.2252404041       -4.1125753764        2.4257384945
         5.7504272034        5.5017715587       -1.0194790024
        -3.9315210417        1.4683110001        2.5842013162
         1.5611450911       -5.1173383093        5.9989820433
         2.6017896798        7.6419342984       -0.4948772411
        -4.1089783323       -0.9894236579       -5.7016461028
         2.9454521899       -0.2243024905       -7.3639813302
         1.3027870162        3.8437353532        7.1348658805
         0.2167481198       -7.0579378612       -5.7356525779
         4.8991185088        3.9440078953        5.5458119794
         3.1330833857        6.1636677434       -3.8906148561
         4.1945575354       -6.9976940096        0.3382272652
         1.3835057709        4.8330848423        3.6590099816
        -8.3877420705       -0.8287477658        0.3736572030
         2.8340944430        3.8899267978        0.3342569531
        -2.6000358107        8.2562183740        2.8048777883
         7.1540448523        1.9767372546       -1.6768928485
        -4.8608904097       -3.3384193577        4.9534335107
        -0.7685197586        6.8924376896        5.9258924657
        -5.1389354378       -5.9531307152        2.1481125017
        -5.7272900824        3.4258240250        4.9853260309
        -5.4612488672       -4.4943507261       -4.5021897402
        -2.1396077819       -0.2630468710        0.0989780589
        -3.7710546257       -2.3238489700       -2.2256363618
         3.0577213316        1.6272348701        3.5471299458
        -7.3846286521        2.6975071431        1.5085761810
        -5.0253272864       -2.0294134662        1.4640470216
        -0.6022372599       -1.7065342786       -4.4694958008
        -1.9941548523       -8.0079320030        1.2253769830
         3.7258053153        2.6877904215       -2.9993905311
        -8.0368402299       -3.6620685075        2.8266752053
         0.2104562602       -2.6229364794       -1.1565755114
         2.7030358376       -8.1592783460       -2.9918400934
         5.5738862749       -5.4590508090       -2.8465706889
         6.5722415042        4.4613420355       -4.5392995795
         3.9369439555       -6.5189910971       -6.1824704590
         2.0954360835       -4.5715033097       -3.6204823523
         0.6116500985        2.5583523845       -8.7633771833
        -5.7832194029        2.2556987214       -4.4716162624
        -4.3325253130       -6.8059798158       -1.5259040456
         7.6687731560       -3.0886316748        4.1171798462
        -1.7792660315       -5.5707215934        4.1408028735
         1.2492820346        8.4895977830        3.0238580890
        -5.4071360969        5.8114676966        1.9090486928
        -3.4866602534       -7.5913843197       -5.2036670126
         3.4159534223        0.7609521074        7.2497357604
        -3.1692479909        3.7449770023       -0.3391855106
         4.4230997133       -1.9092724637        2.8106155232
        -1.6328037267       -5.0775019939       -3.1962467583
        -0.4828496384        6.1456289938        0.6377065369
         1.4131993679       -1.5006504728        5.2227513591
         1.1802841640       -0.6735085538        1.6773835766
