         1.4091889238       -9.6748265349       -0.0379718596
         1.1356755620       -0.6286996013        1.6795759553
         1.3234668445       -1.4759160490        5.2223947813
        -0.5304836040        6.2265673072        0.7435695281
        -1.5866671288       -4.9119791637       -3.3527502166
         4.3627856503       -1.8619009089        2.8424350401
        -3.1858240913        3.8285778982       -0.3155200311
         3.2838371471        0.7601833145        7.3172063185
        -3.3964112352       -7.4006515885       -5.4244952817
        -5.4793319488        5.8442394147        1.9294391566
         1.1496661489        8.5383956123        3.1945334318
        -1.8362590365       -5.5499170634        4.0336853874
         7.5966685599       -3.0413013462        4.1799324002
        -4.2599882114       -6.7020173496       -1.7101793214
        -5.7303429528        2.4022342207       -4.5119197630
         0.7302195344        2.8271230051       -8.7029247311
         2.1444516798       -4.3797482098       -3.7162570512
         4.0471658622       -6.2767311851       -6.2717289790
         6.6166975098        4.6661955144       -4.3504645147
         5.5919051452       -5.2958561531       -2.8470838243
         2.7781069975       -7.9992069050       -3.1491219590
         0.2041537812       -2.4864839492       -1.2300679391
        -8.0576226812       -3.6739305132        2.6334015732
         3.7512693770        2.8574133423       -2.8891640604
        -1.9089246041       -7.9617193476        1.0499924735
        -0.5238730200       -1.5241514795       -4.5455396374
        -5.0430321285       -1.9876310718        1.3593386547
        -7.4416618450        2.7294248118        1.4497450203
         2.9720168285        1.6646520039        3.6127533488
        -3.7322323180       -2.1933125295       -2.3207408914
        -2.1575512228       -0.1707494379        0.0775633293
        -5.3764829136       -4.3310926783       -4.6659807462
        -5.8435216973        3.4076064427        4.9603723333
        -5.1278019975       -5.9389665661        1.9652757774
        -0.9083626024        6.8847535622        6.0315938030
        -4.9341367396       -3.3568620307        4.8273133733
         7.1550667168        2.1258690861       -1.5253259915
        -2.6983961047        8.2909549278        2.9081243314
         2.8012992521        3.9985229134        0.4480650284
        -8.3942993349       -0.7879693272        0.2338997608
         1.2932909534        4.8708013107        3.7681795990
         4.1423430076       -6.9444348705        0.2989393907
         3.1596072707        6.3463119046       -3.7290592990
         4.7720185749        3.9610381376        5.6801297610
         0.3156866031       -6.8374813394       -5.9044016706
         1.1505551181        3.8283147639        7.2252535857
         3.0471557328        0.0243028179       -7.3148685606
        -4.0229310395       -0.8059049707       -5.7836145265
         2.5631330458        7.7597235275       -0.3171687184
         1.4756714893       -5.0796855079        5.9762696364
        -3.9973171854        1.5035272822        2.5601252175
         5.7340311428        5.6424864204       -0.8283744505
         1.1890440193       -4.0812784182        2.3725451652
        -3.5546201119        7.5526334875       -0.8648674783
         6.0859589304        3.0647403632        2.0774678894
         3.6691258471        3.7396523716       -6.5179398566
        -8.7602502054        2.1011003738       -2.1646293721
        -2.3074818632       -4.2517140487        0.5170673533
        -2.4836952965        4.6324666722        3.5806024632
        -3.1037736188        5.1817511274       -3.8442833506
         0.7606029661       -6.0727139088       -0.6221978793
         1.3816806288       -7.5905504177        3.0561844263
        -0.6445840051        9.8856075555        0.1471564180
        -1.0335879205       -8.5758436074       -2.7087865785
         7.4855647601       -0.4601301052        1.3449566155
        -0.6527375814        1.5469921417        4.6922065609
        -0.8035314351       -0.5279675217       -7.9839538015
         0.1512529205        5.3876057603       -5.9063014354
         1.6412865432       -2.4663687880        8.7690941486
         4.1844390924        0.5026133105       -0.0301277169
        -6.3297715943        4.9174769757       -1.6758601295
         4.5320632502       -5.3965089438        3.6762288305
         6.2780394701        0.4807476689        4.9414651447
         6.8192665764       -4.2036450282        0.6940165003
        -0.3217126427        2.6139708961        1.3491529974
         0.8936109401        1.0025066785       -1.6066058904
         0.7610117135        1.8369251311       -5.1470390518
         3.5630606537       -3.2181651079       -0.4456594455
        -1.6758583447       -2.9560627535        6.8855601351
         4.4468908306        6.4698798521        2.7635204791
        -7.1278235192       -1.1037366839       -3.4894015611
         5.2398191676       -2.7752531853       -5.7582086306
        -2.3920534377        1.4849273600       -3.1919985279
        -2.1935074915       -3.9970069695       -6.8533111772
         1.5910713303       -3.4149585773       -7.1506449540
        -3.8700296018        0.1397121416        6.0521679265
        -1.9090298399       -1.7863740934        3.3787093247
        -0.3411956336        7.8541606223       -2.9779880653
         6.4965619478       -1.6181359145       -2.2147431212
        -2.5382813380        2.6569975068       -6.7004153312
         3.0933012056       -0.8870450684       -3.6037905030
         6.0224982462        0.9429473798       -5.0708937429
        -5.4065511219        1.0438371935       -1.0473264719
        -0.5612216932        0.5013466133        8.1343657657
        -7.0416837402       -0.1788296318        3.8962498597
        -2.6474540932        3.5881601237        7.1119860877
        -6.8148820950       -4.0520311602       -1.0534928997
         4.6102127165       -2.7464018500        6.4626226027
         0.2103896282        4.3882357619       -2.2863675481
         2.8748860234        7.1336348509        6.2491238535
