         4.2694779849       -5.5825432153        6.1593615804
         6.0508960824        4.3056263273        4.7131837847
         4.6316974948        5.4577468887       -4.3636774058
         2.7289507953        2.5204302333       -3.1866636774
        -0.8524175466        1.8174504232       -4.0790047706
        -0.8472054913        2.4794922207        7.1077221702
        -6.0053125499       -2.1555010511        4.1912734370
         6.3312598771       -4.4524226025       -5.1850652726
         3.2094722665        6.8417061890        4.2450497444
        -4.4743529052        7.0113195063       -0.7493568059
         1.8381014854       -6.9911654874        3.6581945262
         2.7159351712        3.1570818629        3.7100390763
        -1.9239841907       -6.4718931954        4.3149963043
         1.4202830427        0.1464525657        5.3684037438
        -1.1937074046       -2.3245552618        4.3871467164
         6.3357068664        1.9831949955       -3.7962681064
        -3.5942382135        3.9213115001       -2.5874512135
         0.9160629670        4.9280823966       -5.4370633709
         8.1812322510        1.2176239798       -0.4142410791
         3.7800734095       -2.6166021253       -3.3214793056
         3.4894673707        5.2790047269       -0.8140874002
        -6.1771321196        5.0710391133        2.0372316104
         5.3799212524        2.9989937246        1.2368482551
         1.8650563426       -0.3417680255       -5.4044287721
        -5.7121828721       -5.8928980187        4.7311373660
        -8.5235556830       -1.0422485842        1.4591619158
         0.4591079072       -4.7834927141        6.6638808785
        -7.8117861719        0.6086287448       -2.0799874372
        -0.0751922057        4.6876075150       -1.7776900573
        -0.7650871988        2.2882645993        3.3663288335
        -3.4159218399       -6.7505042684       -4.4351433045
        -0.0648717204       -7.8432536042       -2.7735654088
        -4.3930143416       -3.4571216763       -2.9787740382
        -5.3003102837        2.0118966998        0.2083828116
        -2.5192699886       -5.7317874491       -0.9118060026
         2.4558909892       -3.2281509604        3.9888857297
        -3.1642150354        7.2983674014        2.9880713229
        -6.5394637756       -1.3375548107       -5.1615448750
         0.7700432570        5.5837032439        1.7482749202
         5.4794977381        8.1897753311       -1.8708544891
        -3.4282297733       -3.7193620861        6.7169157769
         2.9589091515       -3.6352733739       -6.8364591126
        -1.6341016761        1.3949960038       -0.4667880021
        -0.3800243002        5.6382162478        5.1711292179
         1.7783882778        2.2751147581        0.3775688034
        -5.3704360023       -1.6603150757        0.0333645866
         6.0070476211       -2.4079485785        4.8387648068
        -3.3824435551       -9.2521490291       -1.5694156280
        -6.0684648056        2.4883671679       -4.9712251566
         0.5813956962       -0.7646521666        1.7860993164
         3.2064782267       -2.2449768559        7.5355148622
        -3.3037089824        0.2925175864       -6.5877469177
         5.5131362862       -0.8276570022       -6.1292130557
        -6.8413258207       -5.1358668933       -5.1115436645
        -0.9528452055        8.0948329251       -0.2179953876
        -4.4963200449       -7.5890682478        1.6366139205
         1.7698139470        7.7362092844       -2.9452216800
         4.6527683251        0.1996791808       -1.0159941447
        -3.3005653233       -0.0421126076        2.4976190269
         0.6601312194       -4.2727272782       -2.1614584598
        -6.1120228193       -6.5313465425       -1.6570807721
         5.1334534640       -5.3307747844        2.4230304912
        -0.7196749513       -8.2530496219        1.0657563200
         2.8971084212       -0.4130392143       -8.9108730386
        -2.5924383135        4.4052879733        1.0615409477
         2.7629253310        8.5912854285        0.7188854518
        -2.7676099327        4.1048814305       -6.2093730978
        -7.1521958994       -4.6543075680        1.4362929970
        -6.4983496135        1.5099044929        3.6666622427
         4.0617069993       -0.1377383392        2.6682409319
        -3.6716499756       -3.5688808053       -6.6162478040
         8.7628017534        4.1718851875        1.9666277424
         0.1602300695        8.9348152210        3.3750067398
         2.6935931968        4.2431968533        7.0541954855
         5.9400470023        6.6949754361        1.6571921814
         1.1444021426       -0.5812225054       -1.8406732779
         7.1780026908        4.8033251497       -1.4849520413
         2.1423172373        1.0637159355        8.9345651507
         6.8307077006       -2.1228914992        1.0388539917
        -1.9595849762        7.0474265976       -3.8009121202
        -8.9103635711        2.6465183265        0.9690218253
         7.3307640293       -1.6533315339       -2.7887218119
         3.7716020731        2.5854268144       -6.7240719660
        -4.0752030060        0.2206290237       -2.8884451636
         3.1883418381       -6.2455462474       -3.9840618637
         2.6292478647       -6.7690262665       -0.1620344827
        -0.6519039816       -1.3619405554        7.9895572031
        -0.2302550726       -5.1885184988       -5.6326527377
        -1.8724849147       -2.1584145156       -0.4868246018
         7.5229040596        0.8725911986        3.4285485466
        -3.6196441495        0.1635969550        6.0793931989
         4.8793493378        1.0423086995        6.2354433730
         0.0458069815        1.9026841615       -7.7012626118
        -3.7277565821        3.8188057300        4.7220488214
         5.8423084943       -4.9900860651       -1.3843936111
         3.1889483262       -3.0080217792        0.3203183955
        -3.5900988125       -4.0037710917        2.2438223853
        -1.3156757506       -1.9252524361       -4.2468011196
        -7.1552832448        4.4707559769       -1.8113098717
         0.0306499404       -4.6097410147        1.5799789877
        -8.0241869965       -3.1736763186       -1.9966368114
        -0.4153526658       -1.9826004867       -7.8436056485
