        -6.0138914560        4.3391265408        0.4979407971
         0.2061273790        5.0885489966        0.6382095643
         1.0142785218        4.6731005105       -2.9323950993
        -7.9458326697       -0.0293093941       -5.1445540393
         2.3393233358        2.5256670197        9.6352865302
        -5.9782466016        2.9644458162        4.1218363177
         1.7576681221        7.4905221219        5.2932964372
        -3.1952629788       -6.5030628577       -1.3477718926
        -5.4043362866        5.2912889078       -3.1465571795
        -1.9811865271        7.6436835301        6.1137377374
        -8.3309889698       -3.7505266232       -4.4073504489
         3.2731476540       -4.0953056230       -0.2005830367
        -2.3390659914       -4.1999137211       -7.2537361438
         1.7805104780       -1.0297460853        8.5955298492
        -8.1516995800       -1.2741153614       -1.4590570079
         4.8177040087        1.0934867084        7.0574528887
         0.1552385995        5.0847201870        7.9056913685
         2.6850779786       -7.4694194882        1.5458656743
        -2.8568315358        3.1290420549        1.8388054088
        -2.0519297614       -5.6658987345        5.3473953082
        -1.8656434055       -3.6743807746       -3.5121835878
         5.4683336074        7.1575111312        4.4180153278
         7.3005758865       -0.3061720541       -2.3107232822
         4.4374948798       -2.7282581747        2.9657231676
        -6.6336844610       -4.8855958826       -1.2072993361
         3.9520557737        4.8589552902        7.0748220416
         6.5073073363        3.4473633865        4.4862974833
        -3.3283659879       -1.3857715500       -9.6921475811
        -2.2143176583       -0.2566696316       -2.5718985891
        -0.5856934180        4.8134906166        4.2271864887
        -5.8554265427       -2.5956577568       -7.0983082020
        -3.8939864477       -2.7721206097       -0.1865134798
        -4.4161823380       -5.4105645787        2.2017944908
         4.2822829023       -5.9960675145        4.7680788703
        -2.5757552158        3.4748009106       -1.8087553717
        -1.3528046106       -6.9912876128       -4.8087402229
         7.5408739481       -4.0853499359        4.4131410180
        -1.1914513296       -7.3265328885        1.9506845387
         4.6643842016       -2.6038695867        6.5667587657
         0.4175324765        1.7688669230       -0.9840471268
        -7.7887251077       -0.4187445370        4.9150975935
         2.2299330291       -8.0748282997       -4.9260113776
        -0.8063126007        8.1349512894        2.4705580475
        -5.1004459420        0.8295527391       -0.5556659333
         6.6398575203       -4.1376084915       -2.0381564706
         7.4367054303       -2.1240173849        1.0542356357
        -1.4173588452        1.7401237937       -8.4321416963
        -1.7559982581        0.8948709759        4.7429734569
        -7.0971910767       -2.6835967991        1.8846348364
        -3.0805480236        6.7367989708       -0.2894722500
         3.8811315257        4.4467591806       -5.2784048623
         6.1406482466        5.3930191467        1.1255262510
         1.5907352261       -4.8110347023       -3.3397393118
         4.7661639219       -5.2710804062       -5.2480368471
         0.3608622402        4.8564701980       -6.7810829852
        -4.8686478322        1.7076169231       -4.1255166305
        -0.5777374087       -4.2973471424       -0.0146705362
        -5.0228256459       -3.1075864698        5.2287007123
         7.2463604408       -0.3536668814        4.4594487782
         3.9786363348        6.4200953250       -1.8549846311
        -4.0777819026        6.1997062033        3.3456022745
        -4.6427858120        0.3960451495        6.8384711158
        -8.0759789921        1.1588230608        1.4836514416
         2.9361122215        1.4086293013       -3.4180421714
         7.0192185877        1.6903963016        1.0841731181
        -1.8208846116       -0.1245334169        0.9202734100
         5.7553391273        1.0136458167       -5.6055062603
         0.7324743242       -1.4767735608       -5.2992083526
        -0.6485453064        2.0279729231       -4.7692145496
         0.4311546660        8.1564804981       -1.2717556921
        -2.7202747965       -0.7884747919       -6.1102203932
         2.2092553049        1.4448279241       -7.1482308305
         1.8263707514        7.7021377710       -4.7718867215
         0.4511718335       -7.6931087762       -1.4875886099
         1.3630585643       -1.4194388901        1.5917535792
        -1.6914386624       -2.1472183781        7.0016096608
         6.1124139798       -5.8067627591        1.3527175561
         1.3211909316       -4.8814938557       -6.9444796040
        -4.9149091204       -5.4954878732       -4.6586630261
         6.0996017503        3.2566616342       -2.3712594861
         0.7777107364        1.9331390259        2.5073088410
         4.3130020950       -7.1612723585       -1.8948677527
         1.3396237510       -4.5243697874        6.9100037538
         4.2765439038       -0.3585882732       -0.2515626081
        -5.2378915936       -2.0029902698       -3.4841290054
        -5.3215974090        1.2030343093       -7.7650339338
        -3.2655092181        3.9756388002        6.5010824776
        -7.9608078722        2.4827779898       -2.2002291464
         1.5205947668        2.1908013753        6.0573339440
         3.4782495762        3.1880488290        0.0927541843
        -1.9136169791       -2.7418046057        3.2702018095
         1.0092069038       -7.8753378177        5.0042077003
        -4.7216377697       -0.1950154350        2.9610012191
         0.3154578765       -1.6526769990       -8.8197075888
         1.3947162444       -1.2742764715        5.0688818668
         3.8784588492       -2.0124003621       -7.2410799778
         4.0664218143        0.8681649898        3.3237123864
         7.2782451092       -2.4520452280       -5.4517116224
        -3.3570088335        4.1810506198       -6.2951501778
         2.9090981233        7.5932712818        1.5719806054
         4.1396735780       -1.9895447119       -3.5779921465
         1.1540926526       -4.6442145964        3.2452631827
         0.9813314484       -1.5785462917       -1.8315687285
        -1.8460207913        6.6199893243       -3.9281513375
        -1.1850995121        1.4055221204        8.4111812215
         3.1194232196        4.5098386206        3.4658541486
