        -6.1069051452        3.3122917733       -7.1788735386
         2.5634311027        4.6835124414        3.7589297799
        -2.5559934899        1.8527449181        8.0565439999
        -1.0387977725        6.3269956056       -4.5044670233
         1.3470915709       -1.7214554649       -1.4538377496
         0.5952623717       -4.4756514736        3.7258409083
         4.7480000196       -2.2109771416       -2.6156173044
         2.7061633160        7.6513579318        1.6811381381
        -2.2314046509        3.8095797449       -7.0134878587
         8.1546994272       -2.7659294173       -3.8940184273
         3.4922455528        1.0429859447        3.9896521628
         5.1131802883       -2.4398931030       -6.2632061785
         0.5471575110       -1.0058851117        5.3769040165
         1.8780851930       -2.1871936390       -8.4404854365
        -5.1092157516       -0.0494399894        2.1749980554
         0.1255164907       -7.6002612366        5.6149961645
        -2.4159198882       -2.5832234037        3.1062980606
         3.4820975149        3.1622486461        0.5777100010
         0.5219209931        2.5121128541        6.1644200486
        -7.3412968167        2.3284795258       -3.6561578091
        -4.2476856800        4.3011441496        5.6642820778
        -3.8104059794        0.6664374981       -8.6072498920
        -4.4943724930       -2.2649292581       -4.1580178969
         4.3098524186       -0.3914506330        0.5842807775
         0.1450597501       -4.1461738220        7.3557323248
         4.5873983246       -7.2763216617       -0.6318890888
         0.4005114329        2.0508832782        2.5589324639
         6.4802321774        3.0956532572       -1.4061732829
        -4.0133480074       -5.8173963116       -5.0520756979
         2.5225160657       -5.2950591098       -6.2365740505
         5.8064616726       -5.7329212443        2.7960350294
        -2.8391446194       -1.7780210106        6.7845219571
         1.1074999250       -1.3478738698        1.9622028290
         0.7063750265       -7.8043485399       -0.8735774724
         2.7221058990        7.3775073689       -4.7607966969
         3.4488878498        1.0128881752       -6.6619929471
        -1.5519347996       -1.2255885679       -6.3779868738
         0.7591423800        8.0330772797       -1.5809429629
         0.1996564748        1.7307237936       -4.8617107349
         1.6927908682       -1.7970927704       -4.9129540093
         6.6896282327        0.6762439676       -4.5106339868
        -1.9007685326       -0.0996775703        0.6698485882
         6.7936115771        1.7415518795        2.2492421769
         3.5325999564        1.1787231110       -2.8773963039
        -8.1343854260        1.2023018070        0.0464869143
        -5.6992962818        0.7477389425        5.9624701644
        -4.4935272246        6.3509574875        2.3083822461
         4.3301676225        6.2765851425       -1.4425453544
         6.4185276270       -0.1035902936        5.7284279279
        -5.8182058371       -2.8392392438        4.5081324364
        -0.5367571253       -4.3274622314        0.1979916776
        -3.9244709156        1.4024030096       -4.9212599914
         1.5631786606        4.4275418011       -6.8248711106
         5.6272908322       -5.5792058276       -3.9626399652
         2.1759268961       -5.0286301759       -2.6513920256
         5.9420183668        5.4338472419        1.9220544735
         4.7994826781        4.1101711132       -4.7220935002
        -2.8672351817        6.6872149884       -1.1153427023
        -7.2651873492       -2.6060609599        0.8314985290
        -2.4806490823        1.1218159842        4.3852817569
         0.1012171719        1.2157058857       -8.5680757400
         7.1786096296       -2.0679365872        2.5152165829
         6.9253490778       -4.2599911428       -0.5467403994
        -4.8522370912        0.7512448495       -1.4131492066
        -1.0961855318        8.2373476082        1.9027396518
         3.0575732648       -8.3712453391       -3.9218967738
        -8.4711467179       -0.1810268108        3.5633558998
         0.6453017151        1.6719540956       -0.9301449219
         3.4949944477       -2.2396942949        7.4922329703
        -1.5068270712       -7.2366062912        2.1985811635
         6.6893722688       -3.8301555894        5.9521816002
        -0.4887653740       -7.3168321222       -4.4922412816
        -2.1542327834        3.3329784625       -2.3170198952
         3.4038312381       -5.7270609446        5.8429640244
        -4.7126138458       -5.3167403618        1.7727389768
        -3.7550084146       -2.8210081643       -0.6335714679
        -4.4892605961       -3.0792162398       -7.7886014386
        -1.2084023793        5.0257346429        3.8543019829
        -1.6538926219       -0.4799747379       -2.8185619964
        -1.5358766963       -2.0280453485       -9.9754585539
         5.7163395507        3.6888677518        5.4073971851
         2.7634035793        5.2387700002        7.4324992008
        -6.2957378170       -4.9906684312       -1.9952947503
         3.8919692106       -2.5666871970        3.9178245241
         7.6468989023       -0.4460955017       -0.9224592517
         4.7340621390        7.3849515896        4.9472975025
        -1.1805502385       -3.9319998762       -3.5110961186
        -2.9331093762       -5.3831242366        5.2914219238
        -3.0594207741        3.1957374356        1.2322802405
         2.3808919835       -7.3880009189        2.4829939462
        -1.1186697963        5.5022007842        7.5838439550
         3.5877488784        1.4806667782        7.7783245030
        -7.7060146137       -1.3926843918       -2.7200187583
         0.3124454134       -0.5602465083        8.8947659662
        -1.0208072951       -4.6949950470       -7.2453315989
         3.2946375654       -4.1200176866        0.6858447070
        -7.4032794625       -4.0432198839       -5.5006327546
        -2.8907273826        7.9513403562        5.3088019842
        -4.6729160192        5.1279404843       -4.2159147907
        -2.8995053167       -6.6130302608       -1.4398122531
         0.9335786222        7.7631798381        5.1568729530
        -6.5400275784        3.1628424901        2.9259674880
         0.7141706710        3.0506551317        9.8052599654
        -6.8444596364       -0.3630189550       -6.3836546073
         1.5863220522        4.4569579806       -2.9100470657
         0.1898731662        5.0866500024        0.4438734151
        -5.9177821347        4.3168291227       -0.7128265016
