        -8.4375262055        1.4357836889       -5.2752006169
        -1.6803658001        0.8639666985        0.6620713096
         2.1336117881        1.0370724176        5.7066788139
        -2.3778688140        3.7536300520       -5.2229239759
         1.4734116653        2.0227872546       -0.9482808711
        -0.4843329388        4.4311900568        0.9594210160
        -0.7575718892       -2.4312712899        2.0820791613
        -4.9312492151        0.4765672082       -0.5836392298
         2.9186730503        5.3649278351       -0.2953097226
         1.5761488417        0.2592465711        2.1350339388
        -4.9016881263        1.2437390177       -4.0743725195
        -1.4014796936        1.0586207193       -2.8303641848
        -1.0106335795       -4.5399326816       -1.5843338915
        -7.2738092679       -0.5913005836        2.0018555445
        -0.9358557514       -8.5699980086        3.9943923831
         3.4348727257       -0.2994235919       -3.0404380352
         0.2939136212       -2.0152527691       -4.4901603366
         4.0955712743       -1.7280079827        0.4324197510
         4.8271565295        2.0190658857        0.0331811522
         6.1158258876        0.9700848333       -5.2537777494
         5.0808218903        0.4664478820        3.2958401892
         0.1965809768        4.5138531509       -7.6855258007
        -2.3743342535       -6.3515788396        6.8254081111
        -7.0711679322       -3.1344864922       -0.9693246405
        -3.9174813592        3.3757921722        2.0069959260
         3.3647447611        4.4265577168        6.4012073354
        -4.4908391873        6.4782393254       -3.8773524551
         5.2460976857       -4.7190391114        2.5775302437
         1.0900745465        1.8052124057       -5.2025783995
         2.9073485048       -3.9619920248       -2.3058397708
        -3.7735309302       -0.3229100331        3.2364440929
        -0.6074307057       -1.3409325156        5.4179651425
         1.7668418236       -4.7143061203        1.0700984677
         0.2586185329       -5.0548646102        4.5011649738
        -3.1844108326       -1.9678688342       -3.0362619827
         0.5994922156       -1.4860119802       -1.0171474888
         6.9879377187       -0.4304315050       -1.7665626730
         3.1039629445       -0.9739429780       -6.7800243472
        -6.5528250446       -4.1533420935        2.7207167298
        -1.8535364859        7.2640222799       -1.2674553668
        -3.2948143716        3.7851437214       -1.5677549605
        -0.2546394302        3.3066920888        7.4698664524
        -2.3321419078       -7.7815783924       -2.2388906713
        -6.1099329528       -1.6205222054        5.6560816025
        -1.9435940706       -5.9083765456        1.5825329236
        -3.3180061683       -3.7856904671        4.3517135938
         6.2828719061       -2.3036008364        5.4133520689
        -1.2650476958       -5.3294062874       -5.1406048739
         6.4170359277        5.4220110601        0.6898323736
        -2.8270368950       -0.9332654062       -9.7630320029
         5.6730227282        1.2869071314        6.8921686374
         3.6245370548        2.8141119261       -7.5204861532
         7.5911697093       -1.7780292804        1.7653644741
        -0.1517864357       -2.8466114572       -7.9740161357
        -2.7676141330        6.9152338784        2.4841752034
        -5.4764404965        6.3019879884       -0.1414523364
         0.2842112510        4.7040110274       -2.9383891602
         0.8270860411        7.9049723719        1.3945833026
        -7.3682227469        3.0445325816        0.9454158595
        -3.3186950052        4.5799646753        5.5140441000
         1.7041148352        8.1297254726       -2.4372655621
         4.3844801350        8.7279336937        0.2322156193
        -5.8596389698        3.9492657182       -6.4471240080
         2.7351680741        3.4918845004        2.8066549086
        -6.9780000651        3.8680382219       -2.6983459666
        -0.9421876081        2.1930411711        4.0107247173
        -5.6711525532        0.2279481809       -7.5569985665
         0.2829135332        5.7312324590        4.5096807784
        -6.2494342137        2.0932468651        4.5919960607
         2.4883859663       -4.6817892671       -5.9083941432
         6.4368217650       -4.1826004508       -1.0525926956
         5.6713061161       -2.8014750522       -4.5758381848
         0.5073656412       -8.2812348691        0.3843416143
         2.7465572009        6.1120518322       -5.5145332940
         5.3686693719        6.7071243843       -2.7767176625
         3.8682032538        3.3468493712       -3.4415140746
         6.3330496201        3.7921208656        4.0473373309
        -4.5736646538       -7.2595745450        3.7910484078
        -0.1809627749       -0.2929466821        8.8132718651
         4.1056979846       -7.1314571456       -0.2529403132
         1.3776152308       -7.1529002376       -3.0893081749
        -3.0088055737        2.7242833833       -8.7478187162
         2.7507916821       -2.4323669930        4.1203567515
        -2.0989830285        0.1053359408       -6.2886129829
         8.2222708823        1.9845857062        1.1143381866
        -3.2835097414        0.9460553664        6.7564439389
        -6.7100635884       -1.8925408080       -4.4648449931
         3.3662650607       -1.6480024430        7.8210246919
        -3.1089233749       -9.4233286871        1.0330712867
         1.1882038288       -7.6677248763        6.9712335359
        -4.7570583341       -5.1124929485       -3.4716287586
         3.8353231232       -5.1417217754        6.2293847030
         2.7547668865       -7.5191448229        3.3942832355
        -5.1918395390       -6.3926220724        0.0123402501
        -3.0938157592       -2.6803164362        7.8629554383
        -3.8352001885       -2.8536786072        0.4482119021
         6.3609195615        4.7352703974       -5.8197606756
         7.3850461708        3.3491438020       -2.3946043648
         0.4567154572        0.8921271786       -8.8156610984
         8.5645262817        0.6406811805        4.5812192179
        -3.8303790507       -3.0565263879       -6.6505177467
         0.4726935941       -4.0080979222        7.9676484908
        -6.3161380333        5.7448983512        3.4910422131
        -0.9489657494        7.2669030580       -5.1495654402
         3.9347107608        6.7978393498        3.4049667433
        -8.3164110480        0.3739292858       -1.6890198385
         2.8178502204        1.9190203500        9.2517570171
         5.1089703288       -6.4963937555       -3.8320761656
