        -0.0685849359        2.8830799728        2.9733454935
       -0.7182371791        0.1787496293        0.5038399468
        1.4016503545        0.8056054397       -2.6513749303
       -0.4644648179       -2.4440231753       -2.2866871023
        2.5378845030       -1.7860482904       -0.1121901925
       -2.3756286857        0.8466826900       -2.7040057509
       -0.5269318210       -3.3700380975        1.4273459573
        2.7139484346        1.8841880409        0.7086849774
       -3.6274656621       -1.9632337366       -0.3805834516
        1.4882633228       -0.6258415875        3.3264883458
       -0.3604335133        3.5908791145       -0.8048632931
