        -4.4205117643       -4.7000391436        7.8662935580
        5.6981328292       -6.3250390919       -3.3911010555
        2.5564612353        2.2076257779        5.2115394313
       -8.3071184850       -0.9617154102       -0.7441115602
        3.3189493079        7.7067475306        1.9114579374
       -2.2989740603        6.2909947847       -5.9883878336
       -6.6297768397        5.4308418450        3.2444436193
        1.8307201380       -2.5769667871        8.3529530435
       -3.8812408062       -4.5805971794       -5.6161623965
        8.8523970356        2.4580562229        3.4411893088
       -0.4382010973       -0.4849253696       -8.8249503050
        6.6572491583        3.8194723399       -3.6888371542
        5.1334758887        4.4967956682       -7.1471396795
       -3.2500419770       -3.2147906330        1.3200086589
       -1.9182595476       -1.7768170816        8.4540012417
       -4.1201902217       -6.9089749074        1.5934047463
        4.2114375450       -6.4646856272        4.1297416214
        5.1730368638       -3.5324530029        6.4408180142
       -4.1948387017       -6.1711577215       -2.0682151239
        1.4939510543       -4.1986289670        5.1283548102
       -1.5130447512       -9.4697288637        2.7547270943
        4.3394528490        0.0714354950        7.5458184829
       -6.6717864763       -3.4492184782       -3.2922578919
        0.7303586396        1.1032017824        8.7222423955
        8.0035456071        3.1606399561       -0.1290898080
       -2.5969360853       -1.2103024277       -5.9390473224
        3.5180658767       -1.3624291873        4.0902819351
       -4.1113656080        0.8266680324       -8.6710660613
        2.1863664379       -7.3182093297       -2.1303499164
        5.1434750394       -6.4977825315        0.3345793692
        3.4219255562        3.7147217715        8.4939154408
       -3.0179028406       -7.1276951944        5.3248563051
        6.1613643564        5.1731278225        2.7117467870
        3.0917660801        3.2135710183       -4.3224078217
        4.1784489197        6.7934733057       -4.3257909544
        1.4116763898        5.4485292611       -6.6404865083
        1.8287232264       -7.9892643039        1.5434396332
        5.6473154264       -2.7592367808       -4.7348235976
        6.9353150779       -3.4430076276       -1.1526109938
        2.6585115386       -5.2186207461       -5.3937373769
       -5.9467029260        2.0625982935        4.8761158618
       -0.0347331318        6.3842225601        3.5496964723
       -6.2532608177       -1.7708136799       -6.7843057015
       -2.6661428901        1.6268174517        6.8697725610
       -7.5804528059        2.4687304945       -2.4488670780
        2.5444961591        4.2260773716        1.9351475987
       -6.8966463988        2.0197248295       -6.2498131613
        3.2270684298        9.1358744705       -1.5396603819
        0.4281966014        7.8014510834       -3.7629390613
       -3.3311472177        4.9823047181        5.0994304719
       -7.5029402912        2.2153343743        1.2934229671
       -0.0757888536        8.0783514318        0.1095996255
       -0.5845872307        4.1779969454       -3.6285005033
       -6.2128056887        5.4714362465       -0.5029109557
       -3.8446136293        3.0389101401       -1.7385089473
       -0.4023416739       -4.0996667084       -7.3843220862
        7.9844053145       -0.4876235438        1.1353609601
        2.5196385153        2.0161627815       -8.2106323911
        6.1174081805        3.0885412359        5.9465472078
       -3.4862822883       -2.8889406045       -9.1109670414
        5.7126322905        6.2235932286       -0.8425613266
       -1.2995469426       -8.2588088709       -0.7681529808
        7.0987205880       -0.5770780820        4.9478135407
       -2.2267944763       -3.4195374631        5.1797052029
        0.7898424330       -7.8810648506        5.2884909839
       -5.2499020170       -1.3253839583        6.4945563902
       -0.3956727319       -4.8136683570       -0.7599223307
        0.0435970414        4.4192320768        6.8815345634
       -4.0572621965        3.1607430954        1.8935160636
       -5.5920135457        5.1396035089       -4.3470690633
       -5.5347686633       -4.4569359360        4.1339099819
        2.6422112786       -1.6497890898       -6.8735417948
        6.8709565047        0.1772146187       -2.4735516371
        0.2490684619       -2.6595627246       -4.1417674464
       -3.0477975233       -2.8299107406       -2.3114063888
       -0.1109038310       -2.1410847571        2.4770587301
        2.6097507525       -4.2241347293        1.5441206977
       -4.7903914182        4.5213240865       -8.1222284789
        0.1681256379       -0.5104781635        5.5835607390
       -3.2866593402       -0.2559322080        3.6635938481
        3.3116425100       -3.8763938285       -2.0108898027
        0.4044527954        1.0600395244       -5.4934259385
        6.1721320027       -3.5305687119        2.6321196116
       -2.8855879047        6.6850094326       -2.1147573627
        3.3555738570        5.7908851764        5.2650381063
       -3.3903547689        6.8454761856        1.7106521834
       -6.5384504266       -4.1307053154        0.3786009412
       -0.7014761906       -5.4460573128        7.9134374767
       -1.1398265999        3.2400900902       -8.2441913273
        5.3290576535        1.6396877309        2.5931482995
        5.4738355869        0.8764260091       -6.0129907257
        4.5524337125        2.5855882146       -0.8179639142
        4.4139604889       -1.1004373148        0.2160899410
       -0.8755339811       -6.2043041074       -4.1005416484
        3.2336514432       -0.3425695951       -3.3381225720
        3.0130188540       -6.2272544987        7.8424380222
       -6.8078533354       -1.1702464430        2.8910374876
        0.8094805325       -1.5297310126       -0.8522553631
       -1.7143677757        0.3891831688       -2.7643892938
       -5.3088724623       -0.0913909692       -3.6124055511
        1.8018882619        0.8093504079        1.8737524907
        2.1848408487        5.5721887775       -1.4103247762
       -4.8822973703       -0.2521569687       -0.0709251067
       -0.8218894629       -5.7929420844        2.6473140192
       -0.9280805844        4.4462000371        0.3326499387
        1.1515145466        2.0253391536       -1.4088356506
       -3.2705323770        2.4934591245       -5.4080200628
       -0.7882631269        2.6896624868        3.7230706930
       -1.6244047762        0.7475626896        0.7239708120
       -8.9375844257       -0.5608368438       -4.3998467116
