         7.6102233011        1.8441684761       -6.4767982809
        -2.9782234830        7.5901044832       -3.4714706969
        -5.3178774230       -0.1965640633        2.3237563850
         1.6268214936        0.7339146380        4.4818430301
         6.1201206157        5.0822182270        2.4659392439
        -6.1078100501        2.2362974070       -0.5093943312
        -2.1806545243        0.1122262436       -8.2405108200
         5.1430093918        0.1297329247        2.4324621286
        -6.2148449820       -3.1435681820        7.4799453686
        -2.2034461038        0.7669451220        4.2837953549
        -0.6443673542        1.8976250935       -2.2472671789
         4.8202389103        2.6613238838        5.1780831599
        -4.3483182404        0.1851349093        7.2437818725
        -3.0852528836        0.0648263861       -0.3601099388
         2.7484883144       -3.9989396338       -1.1549454213
        -0.5402645401       -6.0325000444        6.6526253723
         3.5919650616       -2.3684814688        4.8541724616
         1.6338791790        2.1602214496       -4.9248799747
        -0.7651528692       -7.7161306571       -2.7731361272
         1.5669511900       -0.5521703393       -7.5455601641
        -1.0702865412       -0.7547180367       -4.8276390893
         2.5943002488        0.9558212593       -1.0554737225
        -7.4921486974        2.9221428560       -3.8031530606
         8.2687441451       -1.9424963156        2.6532963574
         5.1551696562       -3.2732767338        8.1088845295
        -0.2326353545        3.9947055980        3.7932689769
         6.3572198794        5.9562030751       -1.3438460396
         3.4101077715        7.6255512657       -3.2086889403
         5.5000494933       -3.8511171194       -3.7750717934
        -3.1554575215       -5.6811155114       -5.0653896517
         5.2480481046       -1.1431002790       -6.5555879014
         1.4211705572       -3.1640838536        8.3719793069
         5.8925973147        2.4968311860       -0.2231039944
        -6.2752832174        6.1699927695       -1.9865965626
        -1.8533341699       -5.4959364603        3.2595849244
         1.6699850436       -4.7945005433        2.5851981529
        -4.3478978563       -3.6121069830        1.0561373524
        -4.1736530904       -6.4643691736       -1.4135300666
        -0.8659877479       -4.9735950112       -0.2737275623
        -4.3897906032       -2.1454777607       -6.0657765597
        -2.4443226013       -3.1053463270        8.0516720060
        -3.4076062160        4.0488775652       -2.1628918214
        -0.3393032389        6.6844549194        6.2901986913
         2.9680261634        3.2163334762        1.8853416232
        -4.3017577705       -5.9978011073        5.9520905416
        -0.4884425580        0.1730621443        7.6138296745
         3.1059936722       -5.7861861974        5.9989021080
        -1.3381074564       -2.0291645643        1.9657267966
         4.5441315383       -7.1320868393        2.7695005942
        -0.0056867108       -1.5892872720       -1.4055056809
        -0.0964626265        5.3189894429       -3.5929790051
        -7.4897593345       -0.5097528839        5.1400032372
         8.7905452249        0.3015888739       -0.2544032716
        -5.5003091277        1.5244425023       -6.8856067071
         2.6151007316       -1.3894441813       -3.9670898252
        -6.4681115684       -4.3295331706       -3.6389824958
        -2.3550059286        3.4689658255        6.8256414439
        -3.2299790323        3.2673614863        1.5549366490
        -3.1708575082        6.8707199407        0.2940551658
        -0.1282351633        1.3403712993        1.3219972699
        -0.0313224166       -2.6221542004        5.1570822827
        -0.1086329534        7.5167603545        2.5518592021
        -0.0213385912        4.7684831648        0.0555998582
        -1.5674027187        6.1011329564       -6.9212536542
        -8.4251724234        1.9922965169        2.3246277490
         2.1707709732       -1.4771414619        1.5271995222
        -6.3594337988        5.2322197472        1.7388593667
        -3.3707828774        6.0076116084        4.0548513734
        -9.3486651015        0.5957075601       -1.3369191273
         3.1703033309        6.7870105247        0.6321714049
         2.9075552777        5.9332705016        4.4094232587
        -0.9854083329       -3.4478490522       -7.3821985802
         5.6047232959        4.8463886872       -4.9141230341
         0.2107495895       -6.9435481315       -6.3908876540
         1.9322061651       -7.5315370516       -0.0011234690
        -7.6428422886       -0.7760930500       -4.5777981109
         0.1378899603        8.2295990133       -1.2406072332
        -4.3858914991        0.6880516969       -3.5706147906
         8.3443695744        2.9633857274       -2.9918111241
         3.3656090098        0.0824039929        7.6853993827
         9.1967543692        4.1108288361        0.4584162839
         0.0974465466       -4.2515735846       -3.8886940043
        -1.7141005837       -8.3670341538        0.8991956301
        -9.2133379927        4.2853109245       -0.6208236489
         7.9530495783       -0.8849210395       -3.7732218027
        -7.5061273234       -4.9832956602        0.0186370619
         0.3210277812        8.7339516393       -5.0189629998
         8.1365784595        1.8870942305        3.2660155826
        -5.4341988439        2.7807373159        4.6012163990
         5.3701656833       -1.2107410564       -1.0859619089
         5.1965216690       -3.6704673046        1.6087632717
         5.0456096675        1.4125762718       -3.8234691581
        -5.0728713753       -7.0453502232        2.2632853963
         6.5997736147       -4.5636383745        4.8852547640
         2.8928268277       -6.7257978432       -3.6666277595
        -3.8187462514       -2.5230007710        4.6996126864
         6.6879023216       -0.6445884780        5.8131392079
         8.1091533635       -3.5177631502       -0.8720610473
         0.3466601727        3.0146447170       -8.3196754197
        -2.1115704799        2.7184344490       -5.5776942443
        -3.2220593460       -2.9594447832       -2.5404683823
         4.0753394197        2.4280083992       -7.5557492596
        -8.6993380968       -1.6986765477        1.6552767653
         0.8922204709       -8.1116112789        3.7326147280
         1.5252485345        3.4210597716        7.0422310109
        -4.9410681974        5.0610842387       -5.4478448043
         2.2461286182        5.6557037481       -6.3545182813
        -6.9483553040       -4.1550125004        3.8198363244
         3.0651892853        4.2531947102       -2.1258324642
         2.7572169566       -4.0855496494       -6.5106252884
         5.5364323569       -6.3987617008       -0.8902349212
        -6.3630089847       -1.5397042728       -1.1802994343
