         8.0695358966        1.5185246326       -6.0440453191
         2.4721580603       -5.0922974109        6.9785339127
        -6.2655191926        3.0324308190        6.0080187237
         5.7948417068        4.3702857830       -4.9569483280
         7.2324165168        0.2866829369        4.0456654067
         2.2400778344       -3.5727964407       -3.6173878465
        -0.5182778121        5.5827429594        6.4508097507
        -5.0159392528        3.2555277030       -6.0010890673
         4.7187183514        1.6158235295       -0.4642681162
        -3.6272674848       -3.5551716019        0.5297132203
        -6.8409703792       -4.1494261629       -5.0522226138
         5.7850917016       -4.4012045113       -4.2885384209
         4.9653857373       -2.4239343075        5.6521044013
         2.9453821171        7.9430433651       -0.0628894191
        -2.9436607695       -4.3847579947        4.0732578059
        -3.2917270406        1.0384546642       -3.5391712455
         2.4273627201       -0.7322738908       -6.0207817510
        -5.6281059137        2.3338954993        2.3649800999
        -8.4841551221        0.8973163209        0.5102398204
        -0.8763998660       -1.6828186676       -4.6342398622
        -4.3749358378       -1.0495269214        3.2557006761
        -0.4779404978       -5.4259965203        1.4824719232
         4.9621614143        5.9800153799        2.5856212431
        -4.0406698753        3.5089957767       -0.7826409608
        -4.9958387488       -0.1170229145       -0.3473258034
         4.2107637090        2.3478136318        3.1876370650
        -2.3006527596        4.5956419303       -3.8836177701
        -0.8439302602        8.6947771101        0.5325603817
         5.5907194078       -7.1757389659       -1.8114824757
         1.3691325505       -7.4049290014        4.0097365372
         4.6178402598        1.8546255131       -7.6619218507
         2.2807744532       -1.3952013712        8.2244552268
        -0.1344001239        7.2067809733       -5.5085041101
        -6.0524512048        5.9044441756        3.4604197742
        -2.1076750653        1.4582554037        1.6776152860
        -1.6750667337        0.5169433910        5.2721190215
        -7.2332578118       -2.6584622580        1.4096432367
        -7.8035141592       -0.0536656706        4.2398936246
         1.2535770857        6.8903489575        3.2610092293
         0.3160457498        6.1380677913       -1.9286398912
         2.7369409883        3.5421995873       -3.0355506802
        -1.3520375940        5.0903297658        1.2260512496
         3.3675064181        7.0994361807       -3.8560230322
         0.1265105292       -8.9625570648        0.6321085982
        -4.8791111534       -6.8686317399        5.9801349794
        -6.4290405196       -3.5026890406        5.1153445674
         0.8054650511        9.6885723847       -2.7513439748
        -0.0905561914       -2.2898723683       -8.2338847433
         1.8459393222       -0.0426616887       -2.4441529400
        -4.9079476282       -0.3428130254        6.8574032227
         1.9598294920       -0.2650391917        4.7114708203
         4.6280012511       -4.7249685735        0.8596195633
        -6.8848799981        2.1023737168       -2.8082627551
         3.8695816320       -8.3502403932        1.4183688836
         1.6447213533       -2.7857748665       -0.0317195158
        -3.5069045957       -3.2496972826       -6.6988049528
        -1.1300860446       -6.4662726826        6.6047078193
         0.9090339405        2.1349097272        7.4872774413
         5.5209435470        5.2744536900       -1.1862575578
        -1.5414022725        4.2062516011       -7.5184117174
         7.4516835412       -3.3799542412        2.8399715415
        -0.3359841226       -2.8635583760        6.0923857872
         0.8848601101        1.4732941484       -8.6154527817
        -1.4297640146       -0.9813190666       -1.0106823920
        -4.3759419459        7.0331580102        0.3168557372
        -0.4757670787        2.5731776538       -1.3933645432
         4.6261589336        1.2807277342        6.7596676078
         5.0292237558       -6.0707734502        4.3226970204
         0.0492776779        1.9556250961       -5.0414051183
        -7.7276590180       -1.6483502947       -2.3008520351
         5.0447919266        0.8209496554       -4.0733147539
         7.8139282594       -0.4820849551        0.2909496627
        -5.6978591595       -6.1055756619        2.2964019706
        -2.5493589399        7.5291202159        3.7406847252
        -1.0743201968       -4.5242233764       -2.1181057101
         7.8453271084       -4.1572719887       -0.9675088181
         2.2390383614        4.5242472997       -6.5751403845
        -5.9824463398       -0.4618217232       -5.5736998155
         7.4417361863        3.1947589236        1.4634784551
         2.0354501383       -6.3279746943       -1.1152104667
        -8.9886674606        3.4525846190        3.3522118287
         4.9330929597       -1.9692565738       -1.6210425482
         2.2989968525        4.3307085977        0.6317922985
         7.4433736135       -7.0001369233        1.5297427571
         2.1885337529       -3.8257185228        3.5272915497
        -0.3274975882       -5.2801388238       -5.7841494767
        -5.7535036980        5.8051866653       -3.1317744489
        -7.4615963592        4.6443288579        0.0755739684
        -6.3294624446       -5.1702957838       -1.4012098454
        -1.5069152963       -0.6180713659        8.7785894174
         1.4770344294        0.7256572845        1.1491222649
         4.5107443349       -1.2230984304        2.0576994282
         0.6009826291        3.1724091882        3.8276331689
        -3.5769894471       -3.7154836626        7.7090322060
        -3.7249619452       -6.1548372342       -4.1203580680
         6.8824260635        3.9252136650        5.1736327163
        -4.3000517181        6.2039159757        6.8497760506
         3.3835625164       -1.2470979001       -9.5338712502
        -3.1817437040       -7.2228645539       -0.4284044071
         2.9257336934       -7.0555836189       -4.6233385332
        -3.0065731877        3.8649260676        4.3244644419
        -2.4268947118       -8.0038789664        3.2986658063
        -0.5339569881       -8.0524319092       -3.1086025006
         3.2210570290        4.7957002166        5.8616510505
         8.0561094915       -1.3124911851       -3.5001254588
        -4.1670750737       -2.5841032735       -3.0596871724
        -0.7887257366       -1.8438633617        2.5386485145
        -2.6166032697        0.4815559074       -7.2528640335
         6.0043287361       -1.6197832824       -6.7729611821
         3.1433264884       -4.2130340852       -7.1578679491
        -2.7111559410        8.1833559544       -2.8251885537
        -2.8875151203        2.8294847905        7.9070539611
         7.8741466399        2.4019050593       -2.2967536135
        -3.8780716118        6.9295633278       -6.2473048674
