         8.1341032402       -0.3512134613       -6.2034686797
         1.7689090518       -4.3946716898        7.5003248856
        -5.6846243686        4.7701525594        5.4508369050
         6.3190543154        2.9194370117       -5.4994089182
         7.2314513998       -0.1772209677        3.9555603223
         1.6444029254       -4.1655405744       -3.2171703608
         0.3796213046        6.4747192064        5.6146609320
        -4.5515422875        3.2982188130       -6.4804116451
         4.8959557001        0.9373734228       -0.7064536076
        -4.1139433215       -2.7692771738        0.8687354989
        -7.4363782903       -3.5836750074       -4.6191703707
         5.0215240801       -5.6014720261       -3.7383552223
         4.6053598488       -2.2983381257        5.8659476181
         4.0852013354        7.4603633928       -1.1156221941
        -3.5325376529       -3.2408000110        4.5016396891
        -3.1481935198        1.1778345600       -3.7482955873
         2.2212468719       -1.7103545230       -5.9487070316
        -5.2000503188        3.5318943577        1.9317255686
        -8.2571222435        2.3125739433        0.2498728169
        -1.1715778067       -1.9866394684       -4.4753546369
        -4.4496083446        0.1391412740        3.2538599902
        -1.2756403009       -4.9422414012        2.0863776932
         5.8176184168        5.5651343091        1.7766112849
        -3.4911844203        4.0563079383       -1.3281437637
        -4.9666748557        0.6941379177       -0.4454653410
         4.5427917134        2.1892226290        2.8217944645
        -1.6440164427        4.4777613457       -4.5269444472
         0.4558976122        8.8355224822       -0.6501998821
        -0.7033422380       -2.7018790245        9.8475965308
         4.4436056024       -8.0095051232       -0.9397508968
         0.2972701830       -6.8580739607        4.8421024501
         4.7543105572        0.2912369037       -7.8798885404
         2.1172605192       -0.5827961332        8.2926508597
         0.8679833872        6.5130756942       -6.4503778411
        -5.0806933958        7.2384779121        2.5635781887
        -1.8566048127        2.0710287911        1.3821797555
        -1.5308450619        1.5457270300        5.0668741845
        -7.5352053927       -1.2474720517        1.6017289850
        -7.6835085482        1.7478870027        4.0750037336
         2.2924298697        7.0957479528        2.3013405445
         1.1964959465        5.8466361451       -2.7625358793
         3.1938849414        2.8024536725       -3.5144451729
        -0.5724209092        5.4628938202        0.4848709259
         4.3354640901        6.0950778915       -4.7697833840
        -1.2045762636       -8.6245979775        1.6918538576
        -5.7853158930       -5.1509401521        6.6908853732
        -6.8277680195       -1.7277499396        5.3938423480
         2.1973056264        9.1533385631       -4.0197320626
        -0.5237285566       -3.1501339535       -7.9619643313
         1.7886773756       -0.5039227185       -2.4886256690
        -4.8378016212        1.3629500196        6.7309389053
         1.9535897777        0.1547356421        4.6376359700
         3.8945890399       -5.1118137356        1.3956739500
        -6.5346536408        2.8418758983       -3.1816798896
         2.6035983580       -8.4989278961        2.4021744755
         1.2153725456       -2.8470724383        0.2522122023
        -4.0266820824       -3.3976749396       -6.3414031974
        -2.0080109454       -5.2413826339        7.2990900385
         1.2918785881        3.0063992418        7.0847478074
         6.2242859438        4.3183671380       -1.8737680199
        -0.9917976059        3.5278105669       -8.0788583189
         6.8967613852       -3.9589353057        3.2174564991
        -0.6920255861       -1.8719245396        6.2660479273
         0.9917926708        0.3521697206       -8.8084839512
        -1.5770114895       -0.7599793744       -0.9795747268
        -3.2871954788        7.7004216623       -0.6821530835
        -0.1099093480        2.5356308109       -1.7902675699
         4.8280120894        1.5205177743        6.5076936068
         4.1226852448       -6.0573302750        5.0009279743
         0.2751214003        1.3958688746       -5.3274603747
        -7.9155279831       -0.6506748389       -2.2119655165
         5.0617591117       -0.3414802245       -4.1842981403
         7.6537553180       -1.4874972028        0.3292800775
        -6.5194837067       -4.7449404688        2.9278637007
        -1.3690016425        8.3501195382        2.6642840327
        -1.7684441069       -4.4260885224       -1.6218722368
         7.1305399452       -5.2572729563       -0.4621077697
         2.8062031547        3.3961731446       -7.1525323858
        -6.0521252063       -0.1550299530       -5.5963842327
         7.8430617553        2.3224896067        1.0315906596
         1.0540771625       -6.4806884550       -0.3687347573
        -8.3465101142        5.2514863313        2.7436599032
         4.5631662602       -2.7589559538       -1.4041551302
         2.9193401921        4.1018474745        0.0206061962
         6.3414048874       -7.6781413140        2.3670121116
         1.6431226809       -3.5356561444        3.8993921724
        -1.1733290121       -5.7413689667       -5.1537384614
        -4.8713639239        6.2682542924       -3.9592744308
        -6.6962628353        5.7828504276       -0.6447900981
        -7.0417319092       -4.1996452328       -0.8652996375
        -1.5005061037        0.8395180329        8.7029158649
         1.5770113430        0.7599795089        0.9795742327
         4.2990891478       -1.5020759490        2.1470277879
         1.1008584689        3.6181511832        3.3234354527
        -4.0080242418       -2.0394503359        8.0347565664
        -4.6382927117       -5.8973845745       -3.4174320801
         7.4363782014        3.5836747165        4.6191707197
        -3.2645362203        7.7005479439        5.9003714642
         3.0521291896       -2.8002738571       -9.3601807825
        -4.2217243683       -6.5522094329        0.3829295812
         1.8032782186       -7.8245403778       -3.7711820711
         1.2594307203      -10.1272019985       -0.7896998294
        -2.3595381857        4.9007704463        3.6961329580
        -3.5583524255       -6.9619398734        4.1912511213
        -1.7399830174       -8.1210797364       -2.1473303947
         3.9542156517        5.0694888495        5.1610291103
         7.7295125551       -2.8092152499       -3.3256587094
        -4.5427918199       -2.1892225704       -2.8217946076
        -1.0375361207       -1.2556651023        2.6445009465
        -2.6027976660        0.0644952808       -7.3567884127
         5.6171357825       -3.2131752679       -6.5501312385
         2.4022507167       -5.3764825091       -6.6347331277
        -1.5052797437        8.1894987975       -3.9302876297
        -2.3562465752        4.3151550309        7.3840771561
         8.1130154896        1.0120109446       -2.5971762651
        -2.8846682084        6.7042782291       -7.1764440357
