        -7.1247451154        9.2749616086        2.1051834204
        -6.1816023498       -4.3106724171        3.3041005816
        -2.1377911860       -2.1882830711        7.6388842363
         2.7071656813       -7.9071525694       -4.0810213438
        -5.5208034579        3.7558882541       -5.7637726114
         4.0216983862        1.1501612810       -7.1399214742
        -4.2878344973        9.1825879807       -0.4959633351
         8.7338033905        0.7201638095        1.6532403436
         0.2406523139        0.7254778432        8.5200251235
         5.7631486228        7.0752014110        4.5936925546
        -6.3865901280       -2.4355068657       -6.1600343235
        -1.4347760392       -4.7905279211        0.9249511544
         9.9814064918       -2.5865704787        0.2446649887
        -3.5416507455        3.1595066466       -2.6801478286
        -7.2830860235        5.8805450120        3.9149697580
         5.4979065546       -2.8471700275        6.4185529056
        -5.5380121242       -1.4557609974        5.8790523530
         2.4722421130        6.2111297128        6.3284698970
        -1.2876911614        7.9687743425       -2.7003996919
        -2.5564789379        2.2892594125       -7.8357346351
        -4.5970080914        3.9010619894        2.3784230255
        -0.8997421391       -1.1299716574        1.3925980513
         3.2728856707        3.7725957004       -0.4322104701
         1.6702919926        6.4908195812       -4.7361784806
         4.0806966608        0.3781272643        7.8713126119
        -0.0380655545        4.4834283230       -2.1596432332
         6.8930969129       -5.9912057191        4.7926393224
        -0.2443303833       -3.9919795268       -7.9709023094
         0.3914681687       -2.6518320582       -1.7193343267
         6.7496945705        0.5795321716        5.0172415017
        -3.1730275574       -1.5597531748       -8.1395031981
         3.1191214638       -5.8272102077        5.5658546605
        -0.4370246049       -9.8383941416       -3.0649083160
        -2.4206639564       -0.3172651660       -1.8812549750
        -3.4802214990       -7.5593083046       -3.2055914413
         7.6841029103       -3.8763559853       -2.5003402892
         8.3661137216       -0.0427892827       -2.1610831338
        -0.7388007553        4.3929057645        7.6133968549
         7.5060393693       -5.3884894595        1.0631436904
        -4.9236565733       -6.0783265391        0.0878728286
        -5.8446434987       -1.5256342606       -2.5452860331
        -1.9363613285        5.2305657474       -5.3828361860
         2.6617787963        3.6561871772        9.1608721823
         2.8145675899        2.9666468293       -4.0781576230
         5.2346876576       -5.1619188567       -5.1259963498
         3.3944173136       -2.6521674174       -7.4905173704
         3.6114092957        4.4328616430        3.2051750918
         2.6512879946       -6.4337554625       -7.6128886451
         0.3818830127        5.2187677899        1.5257045679
        -8.7633875450        0.1811974342       -0.9886128347
        -4.4607632904       -5.0506425569        6.6342372608
        -3.5054761492       -4.8028723059       -5.9758402144
         2.2874305511       -5.1080632917        0.3671033453
        -1.8071509043        2.3525931515        0.5339989108
        -4.0782157718        5.1031572325        5.8935710765
         2.2504687770       -0.7278184508       -4.5020963173
        -5.3155358152        1.2039342462       -0.0678537372
         2.7369748576       -1.4208143800        0.7949308807
         5.4899643150        6.5124278678        0.7897067828
        -8.1348757892        2.9740020818        1.5449913138
         5.0752265355        1.3137987651        1.7916277129
        -3.2074085198        1.4656444962        6.9027571625
        -3.7264541078        0.4172835546        3.2720173841
         1.6030899650       -4.3723865638       -4.7525221716
        -7.2999304763       -0.6823179112        2.5157550450
         0.4385278908       -0.1669230151       -7.8087106266
         1.3770062317        1.6759091967        2.1896578913
         7.0539162461        3.3051482593       -0.7173067547
        -7.8521614932        0.7923800493       -4.7388325350
        -6.4093511071       -5.1275531786       -3.3735471388
         4.4483443831       -7.4435456663        2.2647758688
         1.0049147534       -3.5100688108        3.5401806337
         1.0145971663        0.9804335327       -1.4265322741
        -7.8057752346       -3.4976855232       -0.1053836830
         7.3170321434        3.9459336807        3.1053701948
         1.0262047264        3.6353666949       -7.3104125589
        -4.8814344350        6.5606571355       -3.2461357871
        -0.1220989440       -6.2742797043       -2.2119379203
         5.3831221714        3.7417994477        6.4565660680
         4.0595182068       -3.1544641421       -2.2425486788
         3.3027927497       -0.6401718575        4.4017816689
         5.0700239379        5.7577594664       -2.9756156663
         6.3761337811       -1.8672845414        0.3639493089
        -2.8638865088        5.8116979335       -0.1738433783
        -0.6780439133        1.6989715745       -4.6674213166
        -2.7012712160       -3.1141342439        4.0446865589
         4.6901585900        0.5526388874       -1.8868614323
         1.6917273082       -2.6062555107        7.1792611650
        -6.5643555351        6.1754947431        0.1654245315
        -0.8247861277        8.6898076056        1.1024255683
         0.6297293623       -7.2650905320        2.9696570280
         8.1525566368       -2.5801141156        3.6045268547
         2.1561577070        7.3785247343       -0.9958277743
        -1.8525752524       -8.4365897921        0.2364269928
         4.6509445822       -3.7691788576        2.9045362830
         5.9913529541       -1.3542930275       -4.9260964195
        -7.2062910252        3.4902096991       -2.2806822615
         1.9989297481       -8.7291075785       -0.3608815952
        -6.1159659742        0.8404552394       -8.1402116653
        -0.7562945307        6.8755389616        4.6334704182
        -1.3920018993        3.2631949046        4.1380009579
        -6.5221387667        2.1982003458        5.0080591710
        -4.1210054482        0.3745434928       -5.0835943386
         1.8877538784        2.5326691804        5.7434879285
        -3.0367856864       -3.9674595577       -2.3939401963
         6.5197455407        2.4612576204       -4.4621164339
        -1.2643536592       -2.0134897505       -5.0040981453
         4.5714108442        4.9066326472       -6.6669073188
        -9.2173283076       -2.5785602398       -3.5729993694
        -4.3588703592       -2.3588514413        0.7531233779
        -3.1882319769       -6.7982371895        3.4777215789
        -0.6901829832       -5.4871362727        6.1555118952
         2.5037847961        7.9675969144        2.8382422553
        -3.9694495419        7.5375045927        2.9471061042
        -0.6427053906       -7.1962842578       -5.8235953180
        -0.4079510040       -0.2852321182        4.9883199125
         5.0979944046       -6.6366147127       -1.5063953107
