        -3.6451683435       -2.6874972190       -1.4748574560
        -0.6298061433       -4.4319864075       -1.9289625367
         2.3486957008       -6.2199685029        5.8601010827
        -1.0651743701        9.1824612208       -2.9064230114
         0.1569813762        3.3279723383       -7.1975206907
        -1.9014663186        5.6193447925       -3.0899219871
        -5.9654917988        0.0434110114       -0.3766883373
        -4.9917593857       -5.1069694040        7.4637128682
        -0.3917025644       -7.8245529118        3.6612304236
         1.1314987999       -2.7883223636        7.1456205540
         1.5579376594       -2.5859338048        0.4821487569
        -2.7289358698        1.3497924359        0.2195808042
         4.8053862257       -4.7116318315       -5.1479543312
         0.8574909484        6.6881064164       -0.8887386997
         5.4877810457       -1.3869252940       -2.8133947500
        -4.2365840014       -0.0719606635       -3.7388448160
        -3.3894423110        4.5102984969       -6.3138238789
         8.1351018918       -3.3031089481       -4.3754026422
        -1.5638811932        2.1847248073       -4.0640719904
         2.8751638603        0.5550457482       -1.1698252151
        -6.2182653459        2.1534112120       -5.6866608871
        -0.1287537246        0.7108805079        8.2137727443
        -6.4234483372        5.5784088962       -4.0923976179
        -8.2132705233       -1.1808965126        3.1276677940
         1.1111455303       -6.3181616863        0.6099755762
        -0.7878856057       -8.1979509812       -2.0720431386
        -4.4570496794        7.6429365319       -1.4961274238
         4.7604722825        2.2719632165       -3.9371146925
         6.7908569881       -6.5690290979       -2.6416841128
         6.6963850816        3.9821034948       -6.6562367931
        -7.2441459127        5.3720740884       -0.3415517314
         6.0210733687       -6.6965211946        4.9395518354
         9.9977422510        2.6991513024       -0.0293038799
         3.3673602671       -8.3449666240        2.8285504065
         8.6527317832       -0.4374451974        1.5897435294
        -4.5222147085       -0.0270839620        3.2822350928
         4.1269716352       -1.3840640477       -6.4176900049
         2.6611175894       -1.2697369534        3.9988108434
         6.3981355514       -6.6709691846        1.1308392667
         4.7138961358        5.6984785180        2.6505209012
         7.5177953688        3.0458639461        2.8145909714
         0.7143375522      -10.0373585654        0.7817811260
        -4.0134340616       -6.3779364207       -2.0365471921
         7.2331389319        5.3331213761       -0.2460067753
        -7.9563739012        5.2748775743        3.4345066223
         2.0641612322        5.8997146209        5.4687078996
        -8.6467521603        2.1253681992        1.3649926014
        -1.4260726268        6.5947690244        3.9494340989
         3.6111598443        0.1264942792        7.3580769331
        -6.0858143440       -1.5838789957        6.2974439067
        -1.8761581524       -1.8855983211        1.5264832788
         6.4218552595        1.6518040489       -0.5753456399
         7.3594705810        0.3248095633       -5.6156186238
        -5.2440548721        3.3117229062        1.9009502938
        -2.4625998651       -5.3892039247        1.2410495137
         1.9488712920       -6.4315057039       -3.7283619823
        -4.8889057386        7.1416516956        2.2612465575
         9.0880795561       -0.3017128727       -2.2440770215
         0.6147910144        0.7680263681        1.7693023524
        -5.7566060405       -1.2677195409       -7.2389398204
         4.9633927176        3.3313322447        5.6614379200
        -7.0940751548       -4.7579556874        4.3921834191
        -3.8280321371        8.0791800776       -5.2139806325
        -1.9362796358        2.8044431410        3.5896830436
         2.1273402786       -2.6379118938       -3.4382305576
        -2.6039646340       -2.1859182932        7.8891478823
         0.6519240701       -0.5150307000       -7.9323263576
        -0.5629101235       -0.5845423218       -1.7510272798
        -7.0691402820       -4.0926279976       -1.7620993969
         1.2716877910       -4.0157577549       -6.7105483222
        -4.7245718746       -3.7767332965       -4.7827544601
         3.6918712640       -8.3399504335       -1.0202167138
         4.8289856761       -3.3179627829        6.1796613914
        -2.7535065742        0.8213774470       -7.2211471555
         8.3271961872        3.3063747093       -3.3446332972
        -4.5604909373        3.2991356251       -2.0932878074
         3.3238148047        5.7636793215       -6.8489797248
        -2.4244667471       -3.0879230799       -7.9643300884
        -1.6912761048        8.7811120557        0.8449109733
         1.1549470311        4.5036930743        2.1633321734
        -2.3386786049        5.1366984253        0.5585005521
         4.0252282817        1.9605912852        2.2901580462
         1.7158298803        4.4390931111       -3.9537120295
        -8.0922054926        2.2837986314       -2.4053729012
         0.1907058355       -4.1074164074        3.6822793984
        -6.1032867500       -6.6683759681        1.0969820590
         7.7778201127       -3.5077987856       -0.5741671494
        -4.5744553573        4.8086400836        5.2783435478
        -1.3063888775       -1.9210990658       -4.8653974337
         1.4613429855        2.1819950884        5.1132688759
        -9.1747219493       -4.3783234343        1.3063165293
        -5.5945990586       -3.0907975850        1.4995683711
         1.7722098218        8.1580881037        2.3929610229
        -7.6312748271       -1.1271078866       -3.9580542682
         5.4726461273        5.8970313586       -3.6083709743
        -7.0924226641        1.9383273662        4.9947795812
        -1.1091131786        4.2205755920        6.9349916432
        -0.2991202976        6.9245010440       -6.0942396416
        -3.4536047421       -3.4935016917        4.4830414056
         3.7080978582        4.2245026692       -0.7244906786
        -4.0485169865       -7.1082084147        4.2563628028
         3.7712072428       -4.6215570891        2.7385127519
        -2.9449923201       -8.9033043413        0.9503436490
        -1.0191450296       -0.6436608846        4.8869195869
        -3.6508159173        1.3527791403        6.7072980484
         6.2201018983       -0.1345576050        4.5369593522
        -1.3456229032       -5.6778883521        6.6968135984
        -9.3246982674       -1.1160153736       -0.5760651663
         4.1467208748       -4.5969546919       -1.1297804123
         2.3563057217        3.5669577058        8.4441365395
         0.1843342924        3.0304544175       -1.0601535092
         3.6358236551        2.0602766543       -7.5369619977
         4.3499646194        7.8729774318       -0.4903387926
         2.4851715353        8.1273484905       -3.8773160524
        -1.6225832132       -5.8052515124       -5.1177016565
         5.0865715469       -1.4841709360        1.0763856298
         7.3266626022       -3.5761706559        3.2510272287
         1.5806872251        0.7213191269       -4.6711135212
