        -3.3915934395        4.6007358361        3.3339488999
        -1.2069943095        8.7542702733       -0.8789092567
         6.8943514077       -7.4763204814       -0.6092907719
         0.4323571853       -5.0557429475        6.1355596313
         2.0109996520       -7.9202737747       -6.3080500650
        -2.7077548901        6.3426877971       -3.5313861809
        -6.3896758941       -2.4891388728       -5.1096301255
         8.5418901707       -4.1484808980        0.3238140562
        -8.6070053703       -4.0289233504        0.4891658210
        -0.6325707361       -0.9945839101       -8.1172416946
        -5.1769763573        1.1532702636        3.0720562383
        -6.4121501478       -5.9150168127        3.0539786613
         1.5063346830       -5.3464006550       -3.5995763887
         4.0477541996        0.2414048111        2.6260091070
        -4.2998594592        7.2460534119        5.9165440289
        -6.4461893100        1.2603486935       -4.1959417242
         4.7299677938       -0.4456528245        6.1352243721
        -1.8890583467        5.2746189540        0.0147194007
        -0.4273094144       -9.8142439979        0.6651068577
         2.4083672443       -6.6500840635        3.1809124756
         8.8131348007       -1.4833513480       -2.5461798331
        -5.6366856818       -2.5042266411        5.9580547189
         5.2505448734        1.7184775626       -6.6140270028
         3.8957735339        3.9620177909        2.1909447065
         4.4266762584       -7.6856348870       -3.4266909353
         6.7536658646       -4.5964484874       -3.0831088227
         0.2317781435        3.9427478609       -2.9095327265
         4.3313643504       -4.8990287312       -6.0708663204
         9.2096151094        2.2759155681       -1.8230527782
         1.0144867856        8.6092212367        2.3773750544
        -2.6235101880       -1.5224273448        3.9195820828
         3.0200759969        0.2112127971       -0.7978498495
         0.8205562187       -8.8934000449       -2.7994704844
        -5.6527953969       -2.4455028609        2.1822535881
        -8.8091181672       -3.0686116699        4.1093376371
        -0.3105333928       -4.0282209565        2.7100360662
         0.9957948868       -2.8388474088       -0.8461739435
         3.0209574893       -1.3976569114       -7.0409892281
         1.6572374441        6.2280505673       -0.3043570662
        -2.8603739471       -3.5082554992       -6.2288042815
        -2.7136699590        8.0775094230        2.5551491788
        -2.4620250094        1.7420307312        0.8390772239
        -5.4945020771       -3.3820399802       -1.4969342853
         7.1292057114        5.3226693903       -0.4098498426
         0.4416014541       -0.4229732707        1.8570303607
        -7.8921704513        0.4608237679        5.2657851427
        -3.3620224672        2.7543642186       -2.5813073641
         6.3399716828        1.8815785038        0.4177031091
         6.9118873172        5.3734576762        3.4466235316
        -4.0648568364       -8.7803420674        1.7691321053
         1.1259592148       -1.4675393961        5.0971309945
        -3.4329478644       -0.9705730457       -3.4942506659
         3.1514872996        4.6983022478       -5.2912982567
        -4.1489821458        3.7639126910       -6.0520729971
        -0.4532677171        0.4118999987       -1.8995014725
         5.8139632185       -1.9286999338       -0.2279048638
         7.2567922263        1.5099092593        4.0018424869
         5.8814085607       -5.7274064751        2.5064873651
        -4.1231922194        0.8091347592        6.6661336610
         4.6108585977        7.1245198562       -2.6310152558
         0.3006806036       -6.3311794276       -0.0386792429
        -8.6018035542       -0.2864106077        1.5302830207
         4.0139356241       -4.0550139532        5.5775535403
         3.2663968418        6.5914279515        4.7015792608
        -4.8632057949        7.4644788198       -0.5605497728
         0.2538319834        4.9838803239        3.2916360231
        -3.2739548889       -5.3198122338        1.0386897552
         0.1724686573       -1.9845145533       -4.5791981958
        -8.4805448970       -4.9763173890       -3.1547261044
         6.7518104864        4.2062971056       -4.0565194963
        -8.2847144789        3.3163454206        2.5967769605
         3.8850845364        3.6587329459       -1.7170696336
        -8.5367421066        2.4135729447       -1.1992496307
        -1.9712931467        2.5005137983       -8.8839163270
         1.9371016591       -2.1400333467        8.4277317235
        -1.9242030574       -2.3919431298        7.3531367101
        -1.0551002594       -7.6401264182        3.5881532453
         2.4400296164        9.7570317179       -0.9961096731
        -2.5078786311       -1.8541907925        0.2021806061
         0.7119301529       -4.4837901095       -7.2467248467
         1.6385480313        2.1387273153       -7.7885936050
         4.6395752837        7.5917936231        1.2850391562
         8.8008110001        1.1986284557       -5.3767730665
        -8.5608645914       -1.2815301629       -2.1968697548
         9.1035922573       -0.3930236963        1.0731583958
        -2.7487875186       -7.9350406527       -1.7206202663
        -2.3589914200        4.2045129354        6.8825155562
        -0.4143262583        0.9943176303        7.6779559867
        -1.9884488114       -4.3563763788       -2.5385595998
        -3.2594981621       -5.0703259268        4.8848960511
        -4.2075929137        0.0099351350       -7.0411673506
        -5.5551117447        0.2524467339       -0.6203612061
         0.9597517549        2.8074458369        0.5915008137
         5.9198342964        0.7156986890       -3.0666477648
         3.7443922459       -2.3562487508       -3.4090717648
         6.5990899311       -1.8353317057       -5.7468006354
        -5.4461778725        3.9017285952        0.3436794356
        -0.5113609267        5.0313536829       -6.3914194625
        -6.2962599064       -6.8930405059       -0.6563897049
         0.9672889710        7.4853075532       -3.7692324922
         4.9937531019        3.5571962368        6.1512547251
         6.7584054736       -2.2373685552        3.4005050932
        -8.4440223663        6.0422629440       -0.1880414526
        -1.2069244308        1.4816806606       -5.3912858584
         3.1608090509       -3.1329593156        2.1924177751
        -4.9743502854       -5.9539488303       -4.1646430355
         3.0536228098        1.5487283470        8.7037883449
        -1.4697593930       -6.9365737252       -5.2170945584
         2.0349413043        2.0539586360        4.8616302802
        -1.4114689107        1.7607773673        4.2559579604
        -0.5475719136        7.4778586356        5.7002429258
         3.2797530402       -8.6447005193        0.1376141362
        -6.1018824910        3.8701781610        5.6481340963
         3.9595950162       -5.1471640347       -0.6966891599
        -6.3866748774        6.6524542718        2.8707911759
         9.5897102276        3.3547368507        1.7363939548
        -6.3130990972        4.9652093747       -3.1398419281
         2.3836307899        1.1415014211       -4.3031549016
         1.3332117793        4.5911482018        7.2593497020
