         6.3725815680        4.6504595189        2.8695124465
       -1.0440226254       -6.4431437698        7.0520206510
        0.5966133894        6.0227476731        0.1739702032
        2.4058209511       -1.0448961629       -5.6229026196
        2.4100351573        2.8516314301        7.9250678735
       -3.8759759119        3.4378057134        4.1528894890
       -3.2529998168        0.6211753898        8.5770865160
       -7.1116216238       -0.7740880153        3.7716918045
       -4.6789089412       -5.6766014377        7.4371174434
        2.2022422092        1.6087083196        4.4489724042
       -5.8915951310        4.4439167558       -4.4673691285
        4.6295559119        2.0156421935       -4.8030534020
       -2.0987629562       -2.9627542980        8.4512918233
        2.5799996312       -7.3105359230        6.7397978205
        3.9121932635       -6.8703594241        3.2239125642
        2.1083945544       -2.1075817642       -9.0393272617
        3.1682920354        5.2154999814        4.9137628431
       -3.4811827535       -7.2745720732        4.1051878613
       -9.2707188030       -2.0537844971       -2.2935322710
        2.9293926842       -3.7747408072       -2.7207831138
       -0.0067651537        5.7519914995        6.9900837184
        2.9869605735        7.7323232481       -2.0523427318
       -6.2214638087       -4.5183242546        4.1970500093
        3.7478423013        7.3057165934        1.7430479852
        8.2359965464       -0.9563208870        1.3505096965
        7.7133421434        0.3006506284       -5.9876132273
        3.6715541886       -0.7301515596        7.1695666827
       -8.5408801693        0.5170152158        0.4170770302
       -1.1732313643        4.5416945231       -2.8686106684
        4.5258482802        0.8226975686       -8.2323364977
       -4.9687524089       -6.0018985406        0.8108913618
       -2.8219327979        4.1571487135        0.6843174062
        6.8553743908        3.7363076643       -7.2348735385
        1.1505780625        6.3576707293       -5.1145759613
       -7.7314535996       -3.2895051661        0.9376127910
        0.4781964547       -0.2082515967        9.2903866084
        2.5473123082        0.2139436072       -2.3439839258
       -3.5010060531       -7.1968774128       -2.5322520169
       -0.7718338402        3.2937710721        9.8989942999
        0.3193894230       -2.2301591443       -0.9470173977
       -0.4848750715       -2.0535256616        2.5080984347
       -6.9909241949       -2.1508010160       -5.2790623051
       -0.9553328405       -0.4096924465       -6.8909488686
       -6.2097328084        1.7919323244        6.4643520482
        5.8355890408       -5.2355456706       -4.2782193821
       -3.4952012365       -0.2652282680        4.8510423338
        5.6037801525       -1.4985687647       -3.5910454544
        8.6800754779       -0.0352624580       -2.2546780975
        5.4953184556        1.6242746524       -1.0962975675
       -2.3924178948       -0.1948201821       -0.2544040879
        1.1209748522       -4.6404814431        4.6150116956
       -5.0543315715        1.2832741852        1.4865219798
       -1.0081085862       -4.0425544651       -7.8830280815
       -0.1903800732        4.6268812624        3.3953719719
       -5.8816287753        1.2599355107       -6.6583387728
        4.7735790586       -1.9410706331       -0.0219830347
       -0.1238931118       -5.8172588045       -1.6785437841
        4.9752981056       -6.1345193840       -0.5611942241
        5.7860018224        5.3458058596       -0.8667478360
        2.1002395300        0.0665152636        1.1906459007
       -0.9066913534        8.2184048476       -2.4293364400
        5.4396873871       -2.6544617534       -7.0967790278
       -1.3959827966       -5.3150994770        1.6497901979
        0.0988966193        2.4113501995       -0.3824165280
       -6.8968658536        3.8457858947       -0.6270925703
        8.5530017321        2.8340280746        0.2968811123
       -0.3704121407       -9.4197271325       -2.5492616045
        3.4238312957       -1.9945794664        3.7010718728
        8.7624836900        1.8315336073        3.9120399955
       -7.6888726202        3.0917986879        3.1421427108
        1.0984991082        2.5774737121       -5.5308486080
       -7.6110031382        1.2272232915       -3.3339279061
       -2.7106491079        2.7625161108       -5.6188240459
        6.8353298518       -1.2626119801        5.0079120442
        2.2603288277       -4.4041531188        1.1070464858
       -0.6901804222        4.7289145991       -8.0075471715
       -0.5009230124       -3.0804431458       -4.3567273248
        0.6458025346        8.0530671049        3.8775325110
       -3.0679814012       -3.6421350874       -1.5759826933
       -6.4805761814        5.6054331634        5.6660850656
       -0.7654103560        0.5618551972       -3.3351419748
       -0.9222294890        2.2467927499        6.3223427610
       -2.9211310309        6.8914650745        4.8209941901
       -2.0886173091       -8.6799418721        0.7149613176
       -3.8611653825       -4.5031594292       -5.2563535943
       -5.5643463832        6.1465502801        2.0331307389
       -2.6235295667       -3.7944930084        4.9587800951
        4.7996871097       -4.3544423122        6.0454125977
       -3.6062155739        4.4106039037        7.7386017415
        5.4306619496        1.0353968291        2.4539186808
       -5.7694968644       -1.1834839116       -1.3714920535
       -2.2864480471        7.9136122914        1.2486242436
        2.6264740257        4.0087865387       -2.3994926152
       -2.8018631094        6.5613018045       -5.3725095019
        1.7932575559       -8.1312720830        0.3243713970
        7.7065747684       -3.6515051295       -1.3049578841
        2.4225663565       -4.7957428111       -6.2485445207
        0.9706051519        1.5770803673       -9.2428312033
       -4.1746451269       -1.8222399571       -7.9933089070
       -1.1658061683        1.3340286468        2.7569586561
       -3.7859900753       -0.8744580621       -4.3585176815
        2.7483114489       -7.4138071029       -3.4294345442
       -2.9569895352        1.7780675829       -9.1404500839
       -4.1902073588       -2.4792000083        1.8772587334
       -6.4994898078       -4.7045288824       -2.4665142651
        0.1259074929       -1.2051046077        5.8657865378
        7.7893861078        3.4028736198       -3.5109153212
        1.0096750270        9.6988981587        0.5137591559
        5.5815955744        2.3493138021        5.8996285898
        1.6136698281       -3.8017675247        8.1576434464
       -0.7055855933       -6.7345264634       -5.2024904774
       -4.0665575696        2.2489158542       -2.2243715853
        3.1864822706        4.4191226231       -7.7990207392
       -5.6326394312       -2.0460036848        7.1121613715
       -4.2538601652        6.4493084005       -1.7329979073
        6.3263976001       -4.0954309622        2.4396100635
        0.2258763191       -8.0665969109        3.7521790641
        3.1290735571        3.6698194639        1.3801680825
        4.9525869591        5.7670902174       -4.6597158954
       -1.2827267784       -1.3007579803      -10.4867872243
