        -1.5555763695      -10.1817443889       -0.9043159414
        -2.2087808190        7.5383984277        5.1389627085
         2.6721780257        2.4093058349       -7.8604329607
         5.7892474928       -7.4509874979       -0.5991122420
        -5.2128542344       -2.0864783501       -2.0933107984
         6.8785696023       -2.2544868491       -5.8651105882
         4.1324613737        4.5914187487       -5.0444921533
         8.8994586887        1.0092918505       -0.7645871507
         4.4012887155       -4.8913911152        5.3724595347
         0.0629261554       -8.8631894438       -4.0033754329
         0.6097321498        5.4188231733       -6.3837270557
         2.0532859402       -4.5911565717        8.3374694419
         3.0476272026        0.0591071387        3.9920639202
         3.9917374550       -1.4847269907        7.2223101882
         2.9503435724       -5.2950873625       -0.9584544635
        -5.4409924167        5.3792070060        5.1823454029
        -2.3835481741        3.4372031478        5.3855702599
        -0.8186390662        6.5788138853       -1.1083414714
        -5.8666834332       -4.6378753260        2.4014549301
         6.1217376131        1.4805331372       -6.3619864732
        -5.0659994821        2.5180761033        7.8020494582
         6.7500394076       -5.3545669012       -3.7102251313
        -0.2914258012       -8.5942342811        2.2618569868
        -0.0210788769       -0.3898069459       -8.5228235992
         3.3504966277       -7.0622049013        2.3881198888
        -0.3584774163        2.0007061237       -5.7325012420
        -1.4154687187        3.0228845987       -0.2726788582
        -4.7208921524        2.9122722613        2.3319998678
        -4.8084458741        1.6342435511       -1.2170060374
        -1.8528343708        7.5348632291       -4.4686188029
         6.0221820701       -3.3380802397       -0.7788899331
         5.8309595015        1.6574782800        5.8405318853
        -2.7203278409       -2.6553726626       -6.9096113576
        -1.5168477153       -4.0367987813        7.0991182743
        -7.7915882589       -1.5494882550        3.8620217858
        -3.5052624220       -7.6302507316       -3.0858771423
        -3.1276034669        5.6731910836        8.2799888529
         2.1562123423       -8.9746584625       -0.7019780935
        -4.4225143917        0.1993336643        4.9569316424
        -2.4536632409        3.8857197378       -3.4952364393
        -7.0585122077       -0.6250300633        7.4350445747
         0.3074329091        0.7073462998       -2.3432796236
        -7.9125516822        1.2555619031        1.0783169574
         3.1287522182       -1.0625519550       -0.9918861902
        -0.6120381940       -6.5979277952       -1.1228427824
         8.8348838742       -2.1537951561        1.2860675921
         6.4203403004       -1.7981958081        4.2536504668
        -5.6907779174        2.5223657530       -4.7652493601
        -1.7116167109        1.1075261348        2.5992471604
        -8.1391865075       -2.4969586593        0.1502640368
         0.4005294688        5.3635910175        6.9894379495
        -3.2611954576        4.8227438838       -6.8352754682
        -5.0412954657       -1.0197466903        1.5972281158
         4.3378767748       -5.0652148300       -6.7307407905
         6.1733145929       -0.1398522808       -2.9170889511
         3.6828356842       -3.2079670188        2.0925116738
         1.9611449873        5.0916134048        0.6826468084
         0.7935706013       -4.0439886334       -7.8697331583
         4.3043939913        2.6079757365       -1.3038665676
        -1.2619555820        9.0045912089        1.6146056521
         9.0785347444       -2.3611739953       -2.6622311016
        -2.2043976276       -0.7332152863       -0.4494721130
        -3.2725190044       -0.9029444578        8.2368708049
        -3.8006220277        8.7992413082       -1.3484025070
         1.2904344552        4.0944210669       -2.8467070400
         1.9497242114        7.6033012012       -3.5680975188
        -2.7242313783       -6.1368196717        4.1042156012
        -1.6982141555        5.3340387511        2.3619950042
         4.8121275921        6.1825988502       -1.5831919824
         3.4973347688       -1.3232284113       -7.3314211437
         8.4105259255        1.3438894958        3.0287873407
         0.8852199849       -6.6285312288        5.3465474665
        -2.9259864611       -4.1232706698        0.3498811811
        -5.0803946497       -3.4568705099        5.8877521426
        -7.2680099190        7.5571247454       -0.7263754233
        -1.9005901798       -6.3531231837       -6.2904897684
        -5.3782900576        6.2346875599       -3.8502433649
        -6.0417226449       -1.2082117844       -5.6490077997
         0.2705902977       -5.0408687112        2.0319328581
         1.6460865870       -7.6535446234       -7.1577318773
        -6.0848692594       -5.5110499411       -1.3413384902
         2.2770243556        1.9516733974        7.2697315305
         7.4527905783        4.7611360831        4.2681180742
        -0.7963567560        3.2524009690       -9.2009550972
         1.3632494671        7.1551210464        3.6981167622
         7.2467677515        3.4628220121       -3.2546861314
         4.6017198116        3.0604368545        2.5831221352
         7.3315983881        4.1731477110        0.4947084203
         3.7585110571       -7.6405250817       -3.8912725790
         9.0346989451       -5.5091529066       -0.6119517707
         0.5357875983       -1.1899832034        8.8727848543
         4.9206509530        6.7433176092        2.2306126524
        -0.3777894152       10.1507461486       -2.0129995816
         3.0990045287        0.9876802112       -4.4582749602
        -5.3863589098       -4.9649234350       -5.1723845232
         3.9281031519        5.0423226245        5.6228743957
        -1.2606895987        2.2940554678        8.7015915268
         6.7553488856       -5.2237813232        2.3960250622
        -7.5046614754        2.1934627011        4.7689140389
        -0.5568639962        0.0761456277        5.7308236177
        -8.3844017414       -3.3928135148       -3.5390685286
         0.5094341323       -1.5436597849        1.7683974099
        -4.3703592142        5.2278330179       -0.4504449776
        -3.7670417403       -7.6365948520        0.8120389948
        -3.4947149843        1.0591408787       -7.5550152704
         5.7497836541        0.0104850244        1.0558690924
         0.3131485009       -3.0279084897       -1.4956440687
        -7.6589016244        3.9345558067       -1.7038347816
         1.0353045739        3.3011907640        3.9871765380
        -7.6211942075        4.9981731887        2.0155273052
        -2.9046128726       -0.0467748147       -4.0683769359
         3.7761285218       -2.9306546456       -3.8972024973
        -2.4496946339       -3.9687781399       -3.4212613357
         1.6744910458        1.5948071712        0.8748887921
        -8.0027725701        0.2663592505       -2.6313269873
        -2.3433854368       -2.5647886230        3.6470615156
         1.0358694350       -5.2821911131       -4.3388964813
        -4.7677163179        7.6317416404        2.2402442260
         1.2791722961       -2.9497171842        5.0866063436
         2.2984856734        8.6408734561        0.1573004897
         0.3927859161       -1.7042034311       -5.0338292953
