         6.7577540349       -7.9159844999       -3.0821471025
         1.7038362706        2.2881571686        5.1812550230
         6.5532258905       -4.6205579848       -4.9663278886
        -3.8244052732       -0.9257842755       -4.2061347200
         1.9502589378        9.5958832121       -0.5719282491
        -2.1768825732       -8.3011800408        0.7740101183
        -8.4209501139       -0.7673935709        4.0202598653
        -6.7767901838        5.2009257949       -3.3533670933
         0.3697881270       -6.6814899387       -2.0038300937
         0.5230349834        8.2384699248        2.7046219916
        -1.9927350106       -4.0453517834        6.0662575476
        -5.9801045805        3.5756389265       -0.1267485540
        -8.8939507469        5.8717829202       -0.1985484816
         8.4169092944        2.1226593781        2.1144171221
        -1.8022909675        3.1046171450        6.0509553878
         6.3272147691        4.3089203553       -3.9274917011
        -0.2525834477       -6.5609844120        3.7523295543
        -5.6581472866       -3.1231945886        5.3802052114
        -0.9151928760        5.5194269013       -6.4835253940
        -7.0576356632        2.6905833479        5.2116017632
         6.2966055272       -1.2938828691       -6.8177260321
         5.3957142909        0.7081588970       -3.5006051206
         2.3841688650       -4.4240093072        0.5796368408
        -3.3569650842       -2.9725348438       -7.2273564355
         8.4001222710        1.5482931954       -5.4987776463
        -5.2772078896       -5.3199471233       -4.6989534289
         0.9655904018       -3.0775315657       -2.3512099109
        -0.6424863133       -0.5694149122        6.0124096637
        -1.0804391716       -0.2892604976       -8.9376485646
         3.5669546944       -2.2238976958       -4.6287946834
        -3.0343995519       -2.2393925140        2.9162465830
         4.1649922328        7.0118098000       -2.2701571084
        -3.0858194029        1.2332469139       -0.1290432177
         4.7556012293        3.4425829534        7.0386073987
         6.0222706557       -0.1988918356        7.4278096053
        -3.1574662863        6.5061693369       -3.5003051077
        -5.3326539831        7.2396959962       -0.3698211507
        -8.8306557152        2.5675242486        1.9272574661
        -3.8607190486       -2.2682094321       -0.7116144272
         6.3907944851        4.6678322897       -0.0730362947
        -2.2102937896       -4.1768199182       -3.3571997788
         5.2415488006       -6.9986857662        0.3251388159
         7.2928663678       -4.6335745570        2.4444708650
         0.1976867353       -3.8682229757       -8.6049253529
        -3.8843688410        2.8102864548       -3.2387565053
         2.7431171196        4.9984412716       -5.2898211753
         3.9585475591       -4.2676171152       -7.7267207540
        -1.3387566577        1.0478144089        2.9710237432
         4.6875434010       -2.2457467491        2.4440359301
         5.6452418595       -3.7342247732        5.8398922627
        -2.3459298945        3.2743688767       -9.2647423915
        -3.1768368321        7.1301205757        2.8298633769
        -4.5845811606        4.3582459523       -6.4364089673
         4.8772554288        2.2373310202       -6.8893450341
         0.5326424521       -8.8222296522       -5.0175919943
        -6.5549897676       -3.3460827515        1.6660190730
        -0.2289263750       -1.7711607892       -5.6278078872
         7.8865874877       -4.8227177873       -1.3126004668
         3.3454545396        3.4388924987       -1.9185508214
        -0.2705295011        3.9992248818       -3.1877484210
        -6.8220639143       -2.0154463882       -5.7955050497
         3.8154872431       -2.7712159627        9.0422629309
         2.7012704782        5.9398411217        4.9276608041
        -0.1976818195      -10.3427911896       -1.6203015158
         2.5288772390       -0.1000426033       -1.3633268257
        -4.6104724133        5.5426197302        6.0587982273
         6.2452895802        4.8791115772        3.7670111464
         5.4206999139        1.0129804235        0.3835729849
         1.7355902419       -4.7264652375        6.5802242176
        -2.4651024110        4.8743478747       -0.1675302392
         0.5334107962        7.6196010330       -3.5527460241
         2.5923877417       -0.7593951540       -7.9586482318
        -9.1938182096        2.5455509057       -1.8776168662
        -4.7272436745       -5.8400641428       -0.7370294197
        -3.9445250827       -5.7750618127        3.0989825075
         8.2465547838       -1.4109582835        0.4682876849
        -1.6917191698        8.4740065696       -0.4859640092
        -6.2988147201        0.2651363352       -1.8634397837
         0.3586590966        2.4398975685        0.0418539617
        -3.5811190014       -1.4157949276        8.3161592742
         7.9005980919       -1.1591620256        4.1943965550
         1.6982184012       -8.1593713571        1.0190280021
        -1.1700294655        1.4030188223        9.2325381635
         4.1313055137        7.3079743712        1.6044507504
        -0.3059799778        4.6361135093        2.9722440524
         8.4228812462        1.8441099583       -1.6933733263
         1.2757382824       -5.1819176121       -5.3264936594
         0.6470905702       -3.0593923136        3.4593632790
         2.9269150070       -1.3032496661        5.6818300439
        -4.2785320369        0.3360260246        5.2005050384
        -7.1503155865       -3.2960675970       -2.1493703474
         3.2814545954       -9.1312032649       -2.3345396150
         5.1421134262       -2.5052130953       -1.1897464502
         2.1303515297        0.1618787038        2.2852925963
         5.1850762358        1.2752049596        4.0542445567
         3.8766071290       -5.5057512878       -2.6840021375
        -0.4831351293       -1.4209795979        0.4211690852
         1.1452955235        6.0151907810       -0.2496836299
         0.0892895067       -2.2982093176        9.0230692815
        -7.1642679775       -0.3890833089        7.5190228338
         3.6351463667       -5.9198177155        3.5799866488
        -1.9970574588       -6.3337659569       -6.4504506942
        -4.7456101484        2.3606934758        8.2878438199
         8.1744836240       -1.6308789526       -3.3709762603
        -5.7845532408        0.2846002305        1.8992034341
         4.0993240838       -7.5600081633       -5.7689178223
         2.4657678162        0.7832424239        8.6256767232
        -0.8642207050        0.2690643968       -2.7144055597
        -7.1007098594        1.7824953224       -5.0699918520
        -0.9316055577        6.7530945329        5.9581563809
         1.2629686151        2.8079005848       -8.1362255591
        -2.3467122320        5.1240901111        9.1241485761
         1.1901232424        4.3671278026        8.1374491823
        -6.8198343690        5.7922387024        2.9230882439
        -9.5442835154       -0.7662821730       -3.5573309713
        -4.0275388280        3.4554487204        3.0053954409
        -2.8225661545       -7.9730504494       -3.1455587792
        -1.6086924267        1.8445081265       -5.9383259295
        -4.6083742894        0.6100324768       -7.6138939427
        -9.0652063494       -0.8274601854        0.2350284009
         8.2478973677        2.3714491869        5.8499765622
        -1.3320575698       -4.8360832369        0.5682465072
         1.9607829016        1.2909427859       -4.8147908509
         3.2685523802        3.7135157088        1.9130102014
