        -6.4060914433       -6.3730753127        4.5364595104
         7.8763233735       -4.5681299753       -0.5877798489
        -3.9750202370        3.0507479656        7.2521463167
         1.1869039228       -7.4277913572       -6.1218131849
         3.0883580393        2.0529732502       -6.5722235110
         6.1501794349        0.6655203508       -4.5662290259
         3.1240343655        5.9119679187        7.0161807917
         5.9546551544       -3.1496732217        5.3490367100
         7.6914742753        0.4056260307        5.1626853581
        -3.8656827555        3.4611141894       -6.7372099816
         0.9593819830       -8.4705647951        3.5769117493
        -6.0839595658        0.3595321580       -6.7650473493
         5.1130361170       -2.6594660382        1.3284953671
         2.4922630256        2.5184072207        8.7950147787
        -3.8922166774       -8.1928779179       -2.4178417121
        -1.2757212224       -2.4247178210        4.7419136014
         0.8396682835       -6.2203030084       -1.2786169128
        -5.0092917876       -2.0361219411       -0.1991198703
        -6.3190387327       -5.1897626156       -1.9579703186
         2.9333817220       -3.7320105215        7.7342612087
         6.7235607522       -3.1854505295       -4.1570924460
        -1.5103303561       -5.9291553033       -4.1110745548
        -3.6527695451       -4.6257580791        6.5131127532
         2.8567130049        6.0547917794        3.3319542378
         5.2603284727        8.1381665143        1.4789374723
         1.0498966760       -0.2049760438       -4.4629733910
         7.0884548258       -6.8802235773       -3.5157459999
         1.4746800944       -0.5543076633        6.4984960043
         1.2051734024        0.1411693665       -0.7809949420
         0.8015827522       -0.4264753338       -8.2129293888
        -7.0215855048        3.3709261476       -4.4842092786
        -8.4523351988       -1.9881117451       -1.5036415159
         5.4165678108        4.5096218034       -4.8469062612
        -3.9891974515       -4.1916188099        2.7954668429
        -2.7565097665       -7.5029796011        4.1093105351
         0.7392187194        8.7716099434       -4.5789909117
         0.7317756869        6.4052910829        0.3249259283
        -5.5730951552        6.6755030666        2.3335329306
         1.8034678159       -3.1315536403        0.3230852426
        -2.9271166391        4.9885793807        0.3678169860
        -0.4072805553       -5.2892676809        2.3121570810
         2.1268245183        5.6832411205       -6.7446001254
         4.4373714284       -4.9595942722       -1.6622442386
        -1.4688273158        6.4244982756       -2.7909929072
         8.1854616146        1.4833277750        1.5942014826
         8.4201718673       -2.1959141652        2.4738907002
        -6.8146101719        5.0263283356        5.5715362158
        -8.5163159315        1.8561325180       -1.1783079366
         4.6759661476       -5.7065603631       -6.1633582691
         0.0948953399       -5.6996047823        6.0496999126
        -7.2547657241       -2.9409857602       -5.0068576861
         7.7014118394        5.3017437128        1.2600011396
        -4.1927688217        8.1882199729       -0.9527707017
        -0.1018702124        3.3453710289       -1.3727402181
         3.8859011072       -1.8006967933       -6.3549917791
        -0.2136243393        3.2233926462       -4.8729092079
        -5.7687238659        0.1566919568       -3.1227562359
         4.6601542380        0.8616574438        0.3791758373
         6.4190900542        6.8978470592       -2.0259028608
        -2.2977480976        0.2454926705       -1.7971887953
        -4.3479789617       -2.8991416889       -7.5030604358
         6.7010170020       -5.7180532048        2.7765798043
        -3.8731359145       -0.7958507154        6.9735563407
        -4.9726962337       -6.0245782548       -5.4259347153
        -6.6117701670       -2.5919553860        4.9433052017
        -6.7546933752        1.2301698701        5.2844321767
         6.9747972400        3.0005553908       -1.6885441912
         2.2326584062        5.7060762022       -3.1204732073
        -4.2142574746        3.3705293886        3.5328622140
         1.9696509478       -0.9560709504       10.1502773702
         3.9446287419       -1.4832022784       -2.4875822223
        -5.0881949870        1.7706490602        0.1917153713
        -7.4992732905       -4.2103758760        1.5446211605
         0.2625354766        7.8272209263        5.3180082958
        -1.6427236573        1.6938566600        1.4812977757
        -2.8791428581        0.3863892482       -8.9093567627
         4.1798047848        4.8963316361       -0.1141824988
        -3.3010036273        6.4520329891        5.4754081735
        -9.2036746107        0.2508516914       -4.5396368832
         6.2619241291        6.3804621906        4.7430430831
         3.4885447730       -8.0958875562       -3.2758178904
        -1.9370751484       -5.9947235164       -7.7990901797
        -2.0115605664        8.1616720750        2.2482580593
        -0.4366891163        4.5203891657        7.2160567676
        -0.3372428929        3.1744423011       -8.4105346604
         5.6694474729        3.1642629518        6.7786114383
        -7.7110092729       -0.3804569821        1.9163377024
        -0.5201798975       -2.7643064547       -2.3926977634
         5.8417655326       -8.0321428273       -0.1602446393
        -0.6921944583        4.7717119403        3.4452785668
        -7.7074482584        3.4625721639        2.2088378702
         2.1961330546       -9.3948848858        0.0508904652
         3.0790823084        8.8394843593       -1.4583812817
        -3.5751656370        3.3551316014       -3.0220430487
        -4.8235787026        6.5015973780       -4.3957875652
         1.0684112265       -0.3410236236        2.8192280397
        -0.2082488763       -9.2650673995       -2.9908181337
        -6.4072693524        5.0773264287       -1.1057987540
        -0.6116006957        9.5868050879       -1.0273775053
         1.8836308146        2.8891020485        1.6235080914
        -2.7676192136       -5.1200078139       -0.6655611607
        -5.1794954976       -7.3167251620        1.0754291815
         2.4346073679       -3.4419260869        4.0525640494
         2.2217343271        2.7700262985        5.1833704549
        -0.8460929914       -2.8032644390        8.4004253248
        -0.9709601936       -2.8519463563       -6.1300100408
        -3.8553484833       -2.9105709602       -3.7019621899
         4.3893802176       -0.1500639135        3.9658845553
        -1.6008806391       -1.9885926847        1.0448473157
        -1.4160288594       -2.9368646630       -9.9132050358
         4.9091466388       -0.3792859594        7.7395449170
        -1.3668604968        1.4298646441        5.1407738875
         3.3295044438        2.2865557350       -2.7956372754
         7.4788617795       -0.8869254037       -1.2268769885
         2.0212524826       -4.2608058426       -4.3000625564
        -2.5400047008        0.3160798631       -5.3458775353
         4.4239866209        8.1484259195       -4.9622272663
         3.2194184367       -6.2096542587        1.6800638585
        -1.0371409895        1.0412899939        8.8085430686
         5.3513262134        3.2081164162        3.1418740676
        -1.5143972310       -8.5031293729        0.5909965986
         1.6739278917       -4.3015553219       -8.1588876771
         1.6671125230        9.4309740840        2.1096991196
        -4.1590029265       -0.4149726635        3.2185824145
        -1.5475857700        6.3481967047       -6.4732446579
         3.8731043807       -6.5429039276        5.3198266128
