         3.7505581101       -9.6120138570        1.8495321935
         3.6953181109       -2.3030446847       -7.5232999357
        -5.1950934286       -1.3799094150       -7.5025696303
         1.8844714763       -8.5678296181       -4.2070257640
        -3.5483981886        5.0469615628       -0.0975411901
         3.7378557071       -5.5319730953       -3.2483526719
         1.6888386098       -3.0554260247       -1.3532014985
        -4.5755742688       -0.5050694487       -0.2495467611
         0.9012791130       -9.3312103149       -0.6566319503
        -7.3159895621        2.9991082552        5.6691873777
        -0.8837496983       -1.3697382153       -3.2357016542
        -1.7213486289        2.7907475714        9.0855520841
        -4.3485074828        8.0819195539       -1.9447920378
         6.5723343050       -1.0045675266        6.1605488444
        -4.9570159187        1.1881947548        7.9033090873
        -9.9683664724        3.2371369222       -0.1757034504
         0.5637098891        3.2065525301       -7.6309818149
         1.4830792584        2.9030551149        4.7983207355
         7.1510782848        3.2487127202       -6.4240494994
        -2.3837394400       -5.8872821986        4.0529434825
        -6.3176574774        2.6265617245        0.7289371358
        -5.2379487620       -5.3702632188        1.4100523011
         6.1406988473        5.1807968407        3.5267592033
         5.1045228277       -3.4515313488       -0.3213653195
         4.1743183562       -1.8296740061       -3.7629853444
         1.5002697258        0.1556562551       -5.6014359105
         1.9183137559        0.5877183876       -1.9227753816
        -4.3130961353       -1.0650406277       -3.8724957991
        -2.6704969978        1.3008243081       -8.7737231646
         6.8327247651       -4.3987135210        4.2813301520
        -5.5190117884       -2.5222576230        8.5294673333
         4.7352950831       -8.7421932813       -1.6668435531
         1.1353767424       -3.6998464519       -5.1286785534
        -3.2435421287       -2.4862779239        2.6141520925
         4.0568553188        1.5198807102       -7.9022100437
        -0.9469726689       -0.9708956380        0.2549255018
         3.6469944708        3.7391206160       -0.9817682591
         8.0793281719        1.6621088610       -3.0427918550
        -4.7355881755        4.5090362343        3.5169425875
        -2.3383112108        2.4665235281        5.4525089350
         2.0411519716        3.2433314621        8.4291575166
         0.2044992147       -3.1473454732        4.9785262388
         8.8725942597        0.0129963985        0.3871711802
        -6.0980200680       -4.2354493522       -5.2481222410
         4.1054590009       -7.1066092639        4.6388277685
         6.2867359187        5.0808020125       -3.2037814132
        -0.5678417277       -6.8526169514       -6.4160229935
        -3.2994482577       -4.6520767526       -8.1198857564
         3.7508302135        4.9606023070       -6.1895512651
         7.2630053266       -5.8766142811       -2.1558711531
         3.8902477239       -3.7791144860        6.6307463107
        -5.5565691549        2.0707008584       -6.1821754086
         2.8800585525        6.8670300830       -2.9569494900
        -5.1620424325        0.6265400673        3.7244440533
        -5.5505575699        7.6323177469        1.6948808190
        -5.7304945146        5.5287879756       -4.5780513990
         7.2126355269        3.4806148845        0.2400036468
        -2.8746230132       -3.7864379456       -0.9671462359
        -8.8959751825        1.1345610942        2.8087985809
        -0.0387656647       -5.9587260448       -2.3243857585
         6.1581589844       -6.7135528482        1.3885806363
        -1.9810339013        1.6998807203       -5.2063406744
        -2.5685604722       -4.4686839863       -4.4979971649
        -4.2765935250       -7.5207935030       -5.8924972373
         7.8682326281        1.7599811320        3.6796733491
         0.6466542740        8.1204157853        4.0160930528
        -7.5858490510       -0.8797041083        5.8386660450
         1.1531029868        3.6113633832       -3.9083849319
        -8.2353829228       -0.0075719955       -0.9388746616
         0.1820753562        5.4228900267       -0.6735653401
         2.6344571777        5.4480962957        2.2522636074
        -2.2412315910       -1.0285664228        9.6114335922
        -2.9144677536        4.7548357825       -7.1452444095
         4.5361657455        1.9036645203       -4.1825903148
        -1.8880691766       -8.8335310741       -3.2882936328
        -8.2943186890        5.0932648486        2.6249295750
         0.4914450958       -4.0517190782       -8.7544616511
        -2.4040991769       -4.4814419371        7.5368869511
         1.9059791588        8.5754378764        0.3547538797
        -1.8377801408        8.2141950683        1.0426053745
        -6.5733742814       -3.2960955494       -1.6416950244
         0.3084398285        6.6232418630       -5.8808279929
         0.2204724987        0.2494367709        7.1764425907
         2.5090817869       -0.9538702825        1.3890769807
         4.3492451239        8.5421207482        3.3281701317
        -1.0556772718        5.0270954826        2.9234489783
         6.7850322882       -0.5009971569       -6.0166983592
        -3.1240972306        8.1869739830       -5.5083577684
        -2.2416596356        5.1796802358       -3.5184209990
        -5.5180004028       -3.9928188686        5.0610616060
         5.3963733378        0.2964757186       -0.8281496602
        -8.2770384019        2.8296560567       -3.5158454919
        -3.0249478595       -1.2661261971        6.0037667609
        -2.7054851199        2.0130955098        1.6268844262
         3.0766412988       -0.5765969468        4.9114044614
         8.5499096066       -3.7743887622        0.8137775549
         5.3521554461        6.8520988512        0.0706000574
         2.7191237843       -6.3160004125        0.2397874356
         3.2134260663       -6.1115930064       -6.9150519986
        -0.4507936888        0.0014805647        3.5949620453
         4.4107969772        2.0930874241        2.4105875030
        -0.1580455094       -4.3481278421        1.5238330999
         3.2348158011        5.9559861702        5.9392979105
         3.2583091282       -4.0364635712        3.0031107581
        -1.4192731824        2.0712097713       -1.6824524576
        -0.5315217642        5.5467618535        6.6716083153
         6.3407416081       -4.2693393942       -5.5449821344
         0.8721387633       -3.0522466462        8.6663038598
         6.0238862475       -1.3019109242        2.5002477444
        -3.0856904611        7.6066166304        4.6687241946
         0.7101451154       -7.7077603455        2.9646617848
        -7.7597800016       -0.7782494036       -4.6112062823
         4.9980157284        2.4956678626        6.1337698493
         7.7740778132       -2.1279407309       -2.6406529650
         9.4835281125       -1.6668977548        3.7964032560
        -7.1929808624        5.6525868366       -1.1100077031
        -0.6021330845        8.4663839543       -2.6135740042
        -2.1498904781       -7.3389533648        0.3999524001
         0.8758260244       -0.2526670910       -9.2144054438
        -4.8172533812       -6.6035105480       -2.2788187184
         0.9432864560        2.3461705249        1.1524336661
         0.8693490923       -6.2862401083        6.4661043630
        -4.3351138995        4.9615700318        7.2170101148
        -1.5914134490       -1.6550082364       -6.8073851456
         3.6358899912       -0.3110442083        8.5138404183
        -4.8485667938        2.4060367567       -2.5750165699
        -7.0625487915       -2.1061994855        2.0800294023
