        -7.4254237446        7.5347680076        3.0736767686
        -7.4481085032       -1.5260983451       -0.1903635725
        -3.5688252429        2.6782999865       -3.9379938815
         0.9280639082       -0.5191672304        9.1921232154
         0.4710316192       -1.7061596955       -7.0067803607
        -5.7971316827        5.3663200679        5.6736459074
        -1.5954716120       -6.2707571001        6.3513329537
         0.8030461139        2.2236151722        1.3764480936
        -4.3692085302       -6.2940806295       -3.7010513078
         3.6564292442       -0.5492379668       -8.5437906740
        -2.7151693396       -7.1898638936       -0.3464031776
         0.9518843365        8.3762901468       -2.6280647242
        -5.9862640318        6.1165620316       -3.2381097416
         7.7882627784       -2.4232059275        6.4474160404
         8.0648403988       -2.8581752669       -0.2046665204
         3.1773287284        2.1294817508        7.3546624772
        -5.9790570631       -0.3065008508       -6.7846422051
        -0.8100919229       -7.7440677157        2.9589687815
        -3.6596327876        7.8552372989        3.5739898497
         4.9239728206       -1.7988723202        4.1705135036
        -1.9807078927       -3.0180084206        8.4823151742
         7.4030994128       -4.9271749060       -3.4194407595
        -1.9747423159        5.6265537640        6.2374517018
        -0.6134032894        2.0854377786       -2.0427845799
         1.9128369339       -4.2865299480        3.7922448642
         1.8491496936        5.7188219023        6.6661031179
        -0.9143595826       -4.3517320124        1.3518466176
         3.7004233917        1.7144905596        3.6228382997
        -1.4476761298        0.0526368531        3.2682625618
         4.6974617430       -6.5367801423       -5.6833885365
         2.0421094429       -6.5705906236        0.9845722812
         5.6822874139        6.3400193105        1.7073738989
         7.6235218862       -4.5012963620        3.3086950754
         1.4617816354       -0.7941810517        5.5844770749
        -2.8371062533        2.1871581801        0.7202483411
        -4.7281689101       -0.9456117491        4.7733002484
        -6.4992943712        3.3475725486       -5.8833082190
         5.4612559783       -0.2152396911        0.8193820946
        -7.0454336894       -3.4638606726        3.0992245334
        -0.5905764964        5.2167976680       -4.0157598280
        -0.5848262379        8.2513775627       -6.1503102612
         8.2780776149       -1.2147274169       -3.7090158635
        -1.4069622615        5.0810255577        2.4876428397
         3.8911081172        8.1621480066        4.5230151100
         1.9502282573       -1.1843536708        2.0515314081
        -1.8623408484        0.2937772582        6.8873867548
         2.6631917529        6.4112949838       -5.4825042313
        -5.9550613589       -2.8493493079       -3.6043384306
        -1.3519129437        8.2801665396        0.4786379206
         2.4512489646        8.3340841281        0.9552739497
        -4.8742020861       -4.1752741068        6.3945311664
         2.8414202039       -4.2973923869       -8.2472142588
        -8.2486655571        5.7075334357       -0.0829506858
        -1.4689808305       -8.7721621032       -3.7931088292
         5.7857339818        1.3959142114       -2.6258581497
        -0.1596624261        4.7848392568       -7.6796871494
        -5.0538056353       -0.7283064334        8.4477802568
         2.3342797193        5.1944210694        2.9621496287
         0.8685733715        5.3143703431       -0.5689101322
        -7.4766901531        0.5629288795       -3.4224813864
         2.6266232879        3.3754155269       -3.3726526985
        -8.9916083971       -0.1635586666        3.2519336687
         0.1309730662        8.0454710186        4.0630281205
         6.5767559395        1.1230009403        5.8719166869
        -2.8386550102       -7.3202196960       -6.9891598606
        -1.3882449347       -4.3889707808       -5.1221565990
        -0.1082086083        1.6977365312       -5.5746457815
         4.9308529609       -7.2252865334        3.1127686347
         0.2310728283       -6.0386099634       -2.2935277859
        -9.1491037112        1.8597053408       -0.0240901588
        -2.6868534241       -3.6182865975       -1.8426218955
         7.1274780530        2.8317997660        2.4066351947
        -3.5493737752        5.8237856655       -6.0887914249
        -5.1503934731        8.0217356845       -0.0146011507
        -5.9263338107        1.0732545354        1.9772046933
         4.2403416220        6.4987698894       -1.9191414852
        -3.1742737594        2.3332585032       -7.5928538924
         1.4393618112       -4.0209764000        7.4433625653
         7.1228040634       -6.5459520005        0.0759669775
         5.8929040348        4.4714869874       -4.7511823524
        -0.9986030959       -4.5820497193       -8.7962454717
         0.8961973500       -6.9611032820       -6.3596211702
         7.4117772267        4.4406043317       -1.1424206055
         1.9623693471       -7.3859136902        5.5825349823
        -4.4929669806       -3.8904366996       -6.9065802181
         8.3744867142       -0.7585234981        3.0252038216
        -1.5097025991       -3.1139529867        4.7604236022
        -0.2556210900        3.1496906755        8.6612952379
        -3.5902433359        2.6963996354        4.4979940377
        -5.1236720116        4.8642329052        1.9211977876
         8.7889657496        0.8896530711       -0.4712581339
         4.1260160958        3.3538117401        0.1690287995
        -0.9917265274       -0.9481265202       -0.0714007713
         6.4243156855        0.9861400567       -6.3183537138
        -4.0142840228       -2.2105460305        1.4701308188
         2.3827765852       -3.9327299741       -4.5939207619
         4.3336047353       -9.1863784945       -0.2397324775
        -7.9698499583       -1.9448050431        6.4143798277
         4.8916906527       -4.9193132595        6.0877779438
         0.2844544275        1.2922679185       -9.1861687675
        -2.9537195021       -0.8469498840       -5.0343322814
         2.5099084028        0.3351293684       -1.2739839545
         3.1895181646       -0.1278080568       -4.9087952604
         5.0083956638       -2.2892781691       -2.3596066268
         4.7195509054       -3.9199008285        1.1896913763
         5.2649849362        4.6715978152        5.2294097212
        -5.7840801443       -4.9443091485       -0.3020786390
        -5.9506822712        3.0660253349       -1.2417748254
        -3.9244798035       -5.6462534773        3.0727508647
         9.0557124740        2.4870903986       -3.9618727046
         0.2721810379        2.7993664759        5.0263658956
         3.1632253069        2.9533507462       -7.1024427815
        -9.1081410328        3.9211047736       -3.2435471709
        -6.9356211716        1.6936434334        6.0079048274
         4.3677072485       -1.4859593321        7.8288585277
        -2.8445685801        8.3033988356       -3.1265662703
        -4.0624087433        3.0028161376        8.1617481205
         0.0840399259       -1.4134496037       -3.3857434910
        -8.3596096062        3.7269895132        3.1960277959
         0.3375417726       -9.4435024991       -0.4441545891
        -4.2473809010       -0.2017722357       -1.6552972648
         1.8190180348       -3.2679645832       -0.8224271862
         4.1326439712       -5.9353112321       -2.0260772887
        -2.8818696089        5.2496645429       -1.1588230042
         2.4122562985       -8.8283564876       -3.5231054428
        -2.7163582394       -1.1592521274       -8.7629188847
         5.6528194794       -2.7893864470       -6.0919071557
         2.2596265379       -9.9083904633        2.8049064239
