         6.8906119747       -8.6317161250       -1.1046679245
         1.4968899308       -9.5841881673        3.9774063758
         6.7748339687       -3.0203147529       -4.5508423530
        -0.8375856085       -1.7392504802       -9.0453646207
         3.1568605344       -8.9652373937       -2.2595150824
        -2.6225022715        5.1783227505       -2.1029509674
         4.4040268983       -5.9160143437       -0.6661045545
         1.8946318790       -3.2151539364       -0.1822329523
        -3.8358120380       -0.3157867991       -2.5006440765
         0.3937021237       -9.3786426049        0.3255549591
        -8.9065557709        3.8700811819        1.0688419450
         0.7524179015       -1.5647291590       -3.1793689333
        -5.7723324492        3.5624916153        6.8806176092
        -2.1703809121        8.0890442498       -4.2324299622
         2.5423503747       -0.8019937554        8.6757766107
        -8.1142144391        2.0605330381        4.2567961185
        -8.2496564072        3.6001473206       -5.3758001152
         4.5500572196        2.5900380722       -6.4532328909
        -0.8675652693        3.2080804309        4.7665008217
         9.6360449873        2.4194729452       -2.0993950357
        -4.5448420398       -5.4005864479        2.5729063942
        -5.5979048978        2.9402960159       -2.6837955023
        -5.6209545880       -4.9810720591       -1.1640131919
         3.9690330271        5.1653034958        5.8940202855
         4.2972295365       -3.6942441760        2.4497616428
         5.3435434309       -2.2921197815       -1.0743187736
         4.1083854339       -0.3361902885       -4.0953758027
         2.6681398225        0.3577880005       -0.7245213975
        -1.8599253072       -1.1677319266       -5.4790559133
         2.1792152929        0.7399577453       -8.9835821954
         3.4193682062       -4.3404784909        7.3497651163
        -9.2148730390       -1.5540083318        4.6913173214
         4.1785641745       -9.0875693911        1.4302848185
         3.2685940390       -4.1177980424       -3.6963767163
        -4.2867638617       -2.0939752664        0.7381886166
         7.5693703489        0.7338949585       -4.8578370304
        -1.0033594687       -0.8891383491       -0.2077798742
         3.9370693698        3.4888786414        0.8153062912
         8.6246900182        1.0459390556        1.3522893646
        -5.4722640628        4.9693837209        0.4448885851
        -4.5222025064        3.0068994013        3.4367736832
        -2.1599046623        3.8045099675        8.1693929521
        -2.5481541843       -2.7385382338        4.5662083850
         7.4763544876       -0.3662846301        4.7843165068
        -2.9510323163       -4.3700196760       -7.3990588606
         0.6520156805       -6.8697518893        6.4290861595
         7.4276959986        4.5316688180        0.1629748266
         2.1992890382       -7.3021112881       -5.4816864596
         0.8466930045       -5.1285870249       -8.4465944206
         6.7158671979        4.3032429432       -3.6813419843
         6.8822030575       -6.3926316858        2.0458984642
        -0.2473629251       -3.3956671524        7.8705620848
        -1.5321265914        1.8187516791       -8.2390664113
         4.4948950584        6.4873605919       -1.4145755583
        -6.2669436993        1.1773415939        0.5974538771
        -5.0869902620        7.9834798496       -1.6741376254
        -2.2214177674        5.4020551107       -7.1016873486
         6.3912130574        3.1594884293        3.6689207683
        -2.2657015449       -3.7125659268       -2.0951037521
        -8.9814047670        1.7685540968       -2.1039353117
         0.6876846493       -6.1214639144       -1.7528318213
         4.0729221793       -6.8457700733        4.6234823573
         1.0309945576        1.3887123674       -5.5710721081
        -0.2992546540       -4.6835523479       -4.9615491005
        -1.3098558769       -7.7726007337       -6.8708269749
         5.1163623141        1.6886373044        7.0482964772
        -0.8002222145        8.3768739713        3.4271184011
        -9.5349154746       -0.0157727432        1.2634979072
         3.2310515481        3.2506435436       -2.9595303056
        -6.6078349964        0.2674998786       -4.9639579435
         0.9135669724        5.3441285725       -0.7350435994
         1.5887209101        5.4882909650        3.0258162955
        -6.8059125156       -0.1522438181        7.2125310310
         1.4269532071        4.3194374634       -7.8537945540
         6.1554687335        1.3743105762       -1.4221137736
        -0.6252577222       -8.9877792487       -3.3675130706
        -8.0931966980        5.6185730151       -2.2409454123
         4.4699121021       -4.7166461952       -7.1503287773
        -6.1901552824       -3.7305484616        5.5060581702
         2.1310058586        8.4853435826        0.8750494187
        -1.4826955392        8.3410264004       -0.3986108985
        -5.0799130161       -3.1284999664       -4.5660460277
         3.7147394978        6.1371440712       -5.2195110433
        -3.3499102453        0.8038437193        6.3067103185
         1.4121473107       -0.9488188620        2.5094007464
         2.7756679888        8.5793083559        4.6696694559
        -1.9632377484        5.2876148132        1.7743279512
         8.8221905172       -1.2681169339       -1.7658925401
         0.6822906613        7.8731813113       -6.6935255119
         0.2237983364        4.9927894134       -4.4026096830
        -7.5970472887       -3.2824249487        1.7677175329
         5.1002315964       -0.0149323895        1.9804087369
        -5.1421209786        2.8907923544       -7.3589162003
        -5.6926484303       -0.6262408905        3.7207177680
        -2.9801480495        2.2532105756       -0.0425614185
         0.1810782082       -0.3146199724        5.8220744616
         6.6791046109       -4.0935881736        5.1661175815
         5.1283139449        6.5949826747        2.4371812105
         1.7163115225       -6.3800151916        1.8799766523
         5.7789353711       -6.7418169642       -4.1557831950
        -2.1664926259        0.3116321044        2.8865359450
         2.7845657245        2.0801636681        4.2052726488
        -1.2331951151       -4.1761729794        1.4509290071
         0.3224039445        6.2594918671        6.4921032067
         1.0045806401       -3.9172431801        4.4337083652
        -0.2186021885        2.0064921176       -2.2622348759
        -3.3222610868        6.0798516784        5.2658177340
         7.9199909157       -4.9734925032       -1.4241730309
        -3.8140664873       -2.3828642058        8.0820773051
         3.8639082614       -1.3704215589        5.2491114642
        -4.3997969224        8.0929512900        2.1531506807
        -1.4863359143       -7.4402413935        3.2877795113
        -4.4431531725       -0.8125641929       -7.8679245879
         1.4766216202        2.7505722796        7.7012661550
         7.8565749393       -2.6927416352        1.7185431802
         6.1804063876       -1.7917241784        8.1146843785
        -5.2063899897        5.8413342511       -4.8582057775
         1.4315073008        8.2600878656       -2.9396357297
        -2.6017818364       -7.1645853840       -0.3841577180
         5.3360486002       -0.9899332607       -7.5116613098
        -3.4957521491       -6.5475851304       -4.0648658624
         0.4335055032        2.3907697118        1.3668246291
        -2.9878346151       -5.7724903701        6.3290806873
        -6.9341931664        5.7180724144        3.9165469834
         1.8931999317       -2.0947234528       -6.6083725503
        -1.1130357306        0.2048498431        9.2043721080
        -2.6987111158        2.4159689763       -4.7845359483
        -7.2773142391       -1.5898868146       -1.6616510259
        -7.9706466979        7.6746309283        0.8810089278
