         1.0724842773        3.0532050272        1.7166250033
       -0.9167527153       -2.8388179084        2.1259732496
        1.9494518161       -0.4449233303        3.0693266738
       -1.9494518066        0.4449232802       -3.0693266616
        1.6974728525       -0.7918089320       -3.1481279489
        2.3357159636       -2.8212725837        0.0627439719
        0.9167527394        2.8388179729       -2.1259733362
       -1.6974729025        0.7918089127        3.1481280071
       -3.5651320640       -0.8201978573        0.1902471664
       -2.3357160598        2.8212726615       -0.0627439870
       -1.0724842714       -3.0532050665       -1.7166250052
        0.0000000558       -0.0000000056        0.0000000560
        3.5651321148        0.8201978293       -0.1902471890
