         0.8587676047       -2.4268085699      -10.5378683989
         7.6706771855       -7.4865262718       -2.8302646303
         3.8860271644       -9.0860583000        3.4245773374
         5.8511088111       -2.0553389445       -6.1000082790
        -2.6243899444       -2.0922450003       -8.7048182455
         3.8798762478       -8.4374962249       -3.0296305636
        -3.8121403029        4.6577143051       -1.3339263580
         4.9756169908       -5.1734312706       -1.7803592908
         2.2686739131       -2.8766755562       -0.6859614563
        -4.1797951198       -0.9518955683       -1.5417526374
         1.9227094859       -9.1780173433        0.1568728601
        -8.8911588003        2.4691206510        3.2053398033
         0.1887854175       -1.4878531545       -3.2902568977
        -4.4332392966        2.7824431184        8.1362255220
        -4.3481690356        7.5519814601       -3.4760336307
         4.7047476476       -0.1397971060        7.7798304813
        -7.0836902358        0.8805303919        6.0777218755
        -9.7177309018        2.1405701593       -3.2201027137
         2.4256577544        3.1274692184       -7.3302505668
        -0.1683400196        3.1668662812        4.8831746487
         8.3542857244        3.8291002020       -4.3503410362
        -2.8831480521       -5.9143994379        3.5593845674
        -6.4405891995        1.9640389847       -1.2269349286
        -4.8732524495       -5.8039834604        0.1708676190
         4.4320496450        5.8891551615        4.8184159370
         5.2849898553       -2.9035698572        1.2822854395
         5.2140239958       -1.4565059744       -2.3727473575
         3.0051947569        0.2117942893       -4.9826410356
         2.3320518749        0.7630450837       -1.3530406049
        -2.9054205723       -1.5658445465       -4.9395348055
        -0.1771498718        0.9359088598       -9.2515558468
         5.7366146829       -3.5326859466        6.2725306533
        -7.4889052332       -2.8591399459        6.7045181200
         5.7633696497       -8.2708659490        0.2981013210
         2.8741846188       -3.6503078770       -4.4277210961
        -3.5936559364       -2.6823880473        1.7062694284
         5.9697613179        1.7726846502       -6.5452144010
        -0.8496949548       -1.0119774202        0.0297923319
         3.4336631700        4.0894512734       -0.1203923002
         8.4363568320        2.4118483758       -0.7773009993
        -5.9042130558        4.0674839550        1.8129185806
        -3.9636166399        2.3528056590        4.4659194984
        -0.6860926272        3.6377933816        8.5246664119
        -0.8943600727       -2.9596504147        5.0727638445
         8.3950876682        0.9370669562        2.8106636673
        -3.8980118905       -4.9517244026       -6.5527700477
         3.2534290523       -6.4778990325        6.0532419189
         6.4569890631        5.6392212231       -1.5889479595
         1.9193018671       -7.0312580606       -5.8966469179
        -0.4385676397       -5.2424379340       -8.4361509587
         4.8890248385        5.2121325411       -5.1452364578
         8.0807224043       -5.1846429345        0.2452482475
         2.1810915774       -3.1475527122        7.6848266763
        -3.6995193724        1.3391252625       -7.6315877719
         2.9636239560        7.0854656255       -2.3754537745
        -6.0458368460        0.2147598348        2.1022461384
        -6.5125189777        7.0523534673       -0.3002328854
        -4.6544089264        4.8215811157       -6.3104762797
         6.5298713751        4.2211720620        2.0425882441
        -2.0667364738       -4.0590715232       -1.5078033490
        -9.3730277544        0.3047798912        0.1043550695
         1.1991083985       -5.9871553099       -1.9323056067
         6.0761509125       -5.9735034620        3.4362319719
        -0.5513956019        1.4273882968       -5.6384603138
        -0.7554628243       -4.8018289458       -4.7782631739
        -1.7099771750       -8.0966180867       -6.3819828106
         6.3665705697        2.6665649236        5.6080490229
        -1.2471496304        8.2371200373        3.6319942421
        -8.8450441437       -1.4609793154        3.4786960915
         1.8863095569        3.6560389884       -3.6156072318
        -7.5045166069       -0.8718129847       -3.2778068254
        -0.1215178696        5.4171533529       -0.8606350462
         1.4042763509        5.7546106161        2.6254734107
        -4.8401896168       -1.0444980988        8.6212370506
        -1.1791018062        4.3387992476       -7.9034492459
         5.3452829361        2.2840339646       -2.8621293469
        -0.0049019021       -9.0791967440       -3.1683945504
        -9.1502480183        4.2371344731       -0.1793483197
         3.2722108913       -4.1652140899       -8.0955165792
        -4.0085657189       -4.4649148372        6.8299942960
         0.9335476468        8.7475941896        0.4487687486
        -2.8111897753        8.0025163497        0.0838419893
        -5.4253234151       -3.9808882416       -3.2680699583
         1.3582346300        6.5335851159       -5.8789005437
        -1.7988902295        0.4299440018        6.9295915763
         2.1337983192       -0.6421677345        2.0777345142
         2.4464998684        9.0345058560        3.9716386150
        -2.2693913991        4.9635284600        2.2695014931
         8.2198139671        0.0672395501       -3.8764729552
        -2.1759285846        7.7495880176       -6.5498677832
        -1.6137273186        4.8846605473       -4.2573579999
        -6.3347032922       -4.3537497528        3.4764248720
         5.3787580708        0.8441552451        0.6763028455
        -7.1166762748        1.8768203394       -5.9177878107
        -4.4574895499       -1.4067388634        4.9610424941
        -3.2054588226        1.7609746033        0.7188079793
         1.6641910615       -0.1020617902        5.5994421160
         8.2892081406       -2.8582529762        3.3378514321
         4.4774623047        7.3835786480        1.2055591772
         3.0860804099       -5.9592200793        1.3445532618
         5.5698272551       -5.8747613178       -5.5036562614
        -1.4020553512        0.0428609553        3.3327976597
         3.3766800334        2.6121189728        3.4310736258
        -0.1674158561       -4.2255815404        1.6941751480
         0.8993231954        6.4083127859        6.3043675986
         2.6623862018       -3.5737360850        4.0391777194
        -1.0624734833        1.9181024181       -2.1152985570
        -2.8613713425        5.6160807104        5.9951814517
         8.0095187303       -3.7230671615       -3.3635266079
        -1.3521803189       -2.6438012170        8.8442459011
         5.2118199523       -0.5993761917        4.1311992203
        -4.9567829689        7.3588386664        3.2564905352
         0.5383870449       -7.4247616321        3.5220569094
        -5.9873616520       -1.6898008050       -6.6552837785
         2.8704547041        3.1801372975        7.1445557747
         8.3629711366       -1.3904123652       -0.2785010593
         8.1960532124       -0.5796920976        6.3387872662
        -7.0338818184        4.8328558139       -3.4026509580
        -0.6150773624        8.3288300118       -3.0834502258
        -1.4449556707       -7.4518674212        0.2191931296
         3.4530506469       -0.3423794594       -8.6216820446
        -3.2879354289       -7.1066945983       -3.1390323209
         0.3858834307        2.4739846275        1.2577432337
        -0.4321142739       -5.9557173073        6.8803677563
        -6.5897711696        4.6600191158        5.5394181149
         0.5344254195       -1.9359061185       -6.8852564616
         1.2201702507        0.3063165038        9.2149840795
        -4.0968853782        1.8652666246       -3.9888816928
        -7.0914775002       -2.7149195084        0.0801151397
        -8.6182801220        6.3579424627        2.8634905568
        -2.2325419211        0.7906596945       10.5860362880
