         0.3699552436        0.3373499768        0.6101346619
         0.4879288970        0.7858713641        4.2191132465
         1.3554945568       -2.5685489515        2.4266639512
        -2.2277955563       -1.4317855169        2.3699393236
        -2.2905177155        2.3030844791        1.9424440106
         1.4042221128        3.5615934418        1.9474423056
         3.6127986339        0.6085050242        2.2420791565
        -0.6669542894       -2.9150191965       -0.7431466648
        -2.8998481211        0.0681106871       -1.0395292293
        -0.7179027272        3.1383339752       -1.3681227455
         2.8624335566        2.0108849695       -1.3207848943
         2.9160832037       -1.7172773375       -0.8853162455
         0.2545892500       -0.1118423425       -3.0431690270
         0.5386253224        1.1910927799        7.8828044340
         1.4083142336       -2.2002923914        6.0751099434
        -2.2010665216       -1.0503090506        6.0079477581
        -2.2720874071        2.7144403332        5.5873768423
         1.4668934423        4.1122875558        5.6586447220
         3.8013497338        0.9891515927        5.9711212115
         4.6552848005       -2.3864104204        4.0182088910
         2.3934226396       -5.5205113857        4.3323375438
        -1.2490405436       -4.4180971422        4.3110627633
        -4.8682517250       -3.2276010887        4.1949327653
        -4.9790599462        0.5641072898        3.8149234770
        -4.9884129311        4.3416187915        3.3523571415
        -1.3212511299        5.5992123445        3.2246754795
         2.4107560838        6.8664334014        3.2365134518
         4.7699633760        3.9226983894        3.5712773499
         6.9286824124        0.8228173953        3.8408723905
         4.0106597167       -4.7203512430        0.9849991446
         0.3640754986       -5.9311746068        1.1573045151
        -3.3121497899       -4.7681358884        1.0849108079
        -5.5973274372       -1.7159639675        0.7812823635
        -5.6604349816        2.1169989472        0.3579334536
        -3.4444946461        5.2414187923       -0.0041485570
         0.2649496648        6.4374267463       -0.1092337367
         3.8768858170        5.3053385894       -0.0666934711
         6.1735064793        2.2350415019        0.2397949353
         6.2238404515       -1.5239712406        0.6820058261
         1.9519937771       -5.0718579191       -2.2502724967
        -1.6768828396       -6.2130967922       -2.0423681134
        -4.0032153209       -3.2334963602       -2.3846442293
        -6.2104474017       -0.1565566935       -2.6440042283
        -4.0636205218        2.9649107684       -3.0480234187
        -1.8135108602        6.0092234491       -3.3557830612
         1.8378054494        4.9431361495       -3.3507063763
         5.4433816871        3.7509030739       -3.2550219966
         5.5572662799       -0.0250848381       -2.8561532407
         5.5281668083       -3.7985048610       -2.3817486006
        -0.7542705136       -3.4105419104       -4.4390375662
        -3.0472789624       -0.3471887427       -4.7432883251
        -0.8280296441        2.7744566525       -5.0959890242
         2.8452122876        1.6301670920       -5.0306820647
         2.8909951862       -2.1932785445       -4.6022356433
         0.1932564707       -0.5232066912       -6.7251299798
         1.4227263850       -1.9616059298        9.7130117814
        -2.2124856100       -0.6995785639        9.6232858799
        -2.3898247696        3.1228899099        9.2100421915
         4.7489779752       -2.2023877037        7.7463316299
         2.4414213418       -5.2294834075        8.0152992501
        -1.2522040204       -4.1284014688        8.0689846088
        -4.8668212093       -2.8615552374        7.8702137220
        -5.0606613327        0.9562588405        7.5624283887
        -5.0489582628        4.7738589066        7.0206489485
        -1.4746108227        6.1088003635        6.9222316679
         7.9529336329       -2.3393418757        5.5771903390
         5.7208890904       -5.4174422644        5.9359188992
        -0.2166733451       -7.3830888753        6.2502319254
        -3.8805668192       -6.2143574448        6.1831080949
        -7.6220407821       -1.2176577426        5.6856342083
        -7.6944562112        2.6044138444        5.2567934337
        -4.0867866381        7.6885198329        4.6347384827
        -0.4762378268        8.9244184316        4.4591875038
         7.4256487795       -4.6217746993        2.5699901153
         5.0806426284       -7.6859543955        2.8971288928
         1.4190052329       -8.8896920293        3.0926264274
        -2.3048485628       -7.8581196452        3.0615756631
        -5.9390108923       -6.5705753924        2.9397793336
        -8.2432264967       -3.4932138617        2.6333266586
        -8.4428901380        0.3399229908        2.2463449584
        -8.3625082656        4.1776856366        1.7945113436
        -6.1469061493        7.3150706780        1.4084484327
        -2.5224623514        8.6707567770        1.2514191116
         1.2139557889        9.7256667007        1.0956890835
         4.9006444224        8.6233974269        1.0508008191
         7.3152051581        5.6121181681        1.3574634251
         9.5209884778        2.4449443670        1.6696160398
         9.5165394880       -1.3670009513        2.1979684035
         6.6846575606       -6.8366064562       -0.4951539789
         3.0548772469       -8.1635543285       -0.3329770470
        -0.6400978344       -9.2716922950       -0.1284675058
        -4.3421400405       -8.1048414134       -0.2062458405
        -6.7423311390       -5.1006583499       -0.5351746809
        -8.9511903450       -1.9483121153       -0.8184218818
        -9.0111917541        1.9111678973       -1.2392625294
        -6.8769085687        5.1053230653       -1.6497723487
        -4.5574940246        8.1827185751       -1.9854406990
        -0.8525744789        9.3843977342       -2.1376211097
         2.8541705601        8.3652748053       -2.1551971736
         6.4905977821        7.0882727785       -2.0638152244
         8.8118511488        3.9866042708       -1.7530209083
         8.9977479679        0.1595711487       -1.3381322783
         8.9060759882       -3.6517270531       -0.8432604403
         4.6065070075       -7.1874677738       -3.7403811467
         0.9568834197       -8.4068692792       -3.5616395680
        -2.6849396798       -9.5310302050       -3.3375793735
        -5.0378967948       -6.5491663347       -3.6915884020
        -7.3368511962       -3.4778610020       -3.9967814458
        -9.5398597530       -0.3732938255       -4.2474437459
        -7.4042514688        2.7630885559       -4.6704620157
        -5.1804649890        5.8864945592       -5.0377267861
        -2.9025759017        8.9379720198       -5.3354551139
         0.7602935065        7.8828861301       -5.3545820752
         4.4258103507        6.7168784449       -5.2882047894
         8.1727776135        1.7128140276       -4.7897635262
         8.2413997333       -2.1092516108       -4.3615055475
         8.1964500636       -5.8880269294       -3.8637114510
         1.9224222675       -5.5909778356       -6.0214545230
        -1.7628989490       -6.7316691295       -5.7629410337
        -4.1369585172       -3.7082139794       -6.1558823748
        -6.3771907563       -0.5672636758       -6.3752678324
        -4.2105732104        2.6016268766       -6.8348569532
        -1.9142757372        5.6995186042       -7.1056833266
         1.7971157042        4.6133721525       -7.1452826231
         5.4556486159        3.3925814624       -6.9583903850
         5.5900290404       -0.4524662611       -6.6412474184
         5.5594309419       -4.2830034241       -6.1142690614
        -0.8101585400       -3.8322277449       -8.1045786156
        -3.1183231368       -0.7488200795       -8.4108282443
        -0.8883670740        2.3855403941       -8.7719138642
         2.8034415465        1.2340142900       -8.7059723019
         2.8509863898       -2.6091185077       -8.2755934033
