        -8.7460106842        6.0664199609        1.4005425289
         5.2038823669        1.5918385683       -2.2869446215
         4.8217748175       -5.0550254164       -5.3707708108
         2.7126195082       -8.9070212771       -0.8567953256
        -8.5667057771       -0.0925068873        3.5411508611
         0.2167220343       -3.8271604632        2.4923519168
        -5.6025963592        1.4547103541       -8.6699857557
        -6.4813461246       -3.5147412948       -0.0704227276
        -6.2938180543        0.2767641577        0.4901338264
        -3.4988416838       -4.7250858097       -2.0119410010
        -2.1056415296       -2.5207290390       -4.8793140222
        -6.7588568956        0.9370418720        6.8059371566
        -3.2350998359       -4.8830123409        1.8291268115
         7.9542189613       -4.3090245490       -3.1785785461
        -0.2995478066       -3.0442854749       -1.6696851802
         1.5545749966       -0.8319285035        4.2081220255
         3.6175172973        4.2175405881        3.1005676045
         5.9765184237       -8.0326593295        1.2496738263
         8.3334422749       -0.5534608474       -2.5953631801
         6.1702797596       -0.9005866897        0.5233621163
         5.8846847357       -3.4394103609        6.3579891289
        -4.7918661844        2.4137182769       -2.2515392035
         0.5466304646        6.2677805681       -2.3695189905
         0.4569059373       -7.1997089875        4.0321637461
        -5.4597980359       -4.2794958753       -5.2470904641
         3.5326641230        4.6356050118       -0.6608588326
         0.0824664990        0.5631257716       -5.6364621418
        -3.3618067496        1.2257305547        8.5467275553
        -5.6226835467        7.3517167974       -0.3589647806
        -1.7901158086        0.2602316460       -2.4156620407
        -0.6028189101       -1.5024199485        7.2373509536
        -7.7783442089        4.5971649896       -2.0129038376
        -5.6017430471       -5.3712818960        4.9390768545
         0.7661767845        9.2624106564       -0.0670694829
        -2.4932745244        8.1137852495        1.7441543869
        -6.7209393874       -6.4670887084       -2.2825469775
         2.3380359697        5.0555307869        8.3467120959
         0.8128490554        9.6509987156       -3.8546333582
        -3.4960589621        4.2513330853       -7.1458934102
        -8.2670692526        0.8077102873       -2.6847727791
        -7.7927641913        3.5601695351        4.1490264453
         3.1903431432        1.1519986682        0.8089487418
        -2.6227195367        4.5907448464        3.1853130145
         6.7060000684        0.2433615271        7.0021165667
         4.4337910602       -6.6404201983        4.6665200622
         9.7170954677        4.5402259935        1.3522017001
         0.0011506575       -0.5392503219        0.9154091160
        -4.6268526745        5.8863827105       -3.8150317690
         0.3572816871        3.9907502116       -7.2666903728
        -5.6423930225        6.7332260710        3.5073821728
         9.4735525529        0.7702757323        0.8544611868
         2.7390787505       -5.3427165809       -2.2335702193
        -4.6687009412        4.1634430841        6.2747894464
         1.7194492282       -2.8233768292       -4.8745088142
         2.9815723214       -9.6547129001        2.8259586337
         6.9172373481       -1.8811772281       -5.9752051647
         0.5340853809        5.8730116487        1.3774595497
         2.2337404617        3.2974512994       -4.0314325398
        -4.2954326930       -1.9623706048        6.7283991092
        -0.6235850198       -9.2071119894       -2.6144659846
        -8.7270939014       -4.0117616316        2.8476487142
         4.9288113236        0.6739589830        3.9143127847
        -5.7688571427        3.8922457699        1.0905096668
        -1.4571077965        1.8574134362        5.6394246287
        -3.1868739848       -8.0344886512        3.4245819372
         4.3546062160       -2.9830083867        3.2067345298
        -1.4728281635        4.6375263595        8.1348137454
         7.4661721577       -5.0479642116        3.1492364397
         6.8206570962        6.3318169538       -0.4218147662
        -1.9564331380       -4.6786270569        5.4204573224
        -2.6468082087        5.1584158194       -0.6499252426
        -1.3481827452        7.0002226318       -5.5269360666
         0.2889730997        2.8727849860       -0.8793262663
        -2.7706237653        1.7773219901        0.8961302314
        -3.7093932769       -7.6056753165       -4.3507133025
         8.5181311641        3.2460791848       -2.0218553174
         2.5909361870       -8.1467079346       -4.5997929090
         7.9989006025       -1.4054299610        3.7341496962
        -4.0091240223       -1.9601341803       -8.0139015688
         5.5961812641        5.0440406529       -3.8409877354
         8.2938955454        2.3818754450        4.1896335864
        -1.5954461358        3.6187107807       -4.0220722092
         3.6759101992       -2.5456697976       -8.0115088615
         3.8721033800        0.2486474944       -5.5821630126
         0.5298971179        5.2912638162        5.1089074696
        -2.4175294974        8.5558229010       -2.1211876059
        -3.6969497338        0.8535331194       -5.5502575844
        -2.3605798980       -5.3556950775       -7.2563544914
         2.5223121982        6.6790407893       -5.5406234901
         6.8471838683        5.9411071789        3.3884719394
        -5.1596067680       -1.3507096938       -2.8684630928
         2.3503964156        2.2090308618        6.0269751184
         4.2017201422        3.6079116400       -7.1380625110
         1.8871608275       -4.1744715954        5.8643481943
        -4.7417645779        1.3403270629        3.8653104849
         5.5886267270        3.8939402451        6.3592747230
         6.4139313526        2.8971097742        1.0653502396
         9.1721611437       -3.0054245293        0.3126785100
         3.8297219391        8.0386683071       -2.1596911196
         1.4985758776       -5.6394737598       -7.2829534883
        -1.8068409350        1.1604393167       -8.7780470950
         1.8750580276       -0.0559032085       -2.4381428775
        -6.4248783266       -6.8113249144        1.5804361190
        -3.6157955376       -8.1274606549       -0.4872693083
        -5.5692945829       -2.1820496537        3.2536627404
         0.4895724552        1.5813720236        9.0526723697
         3.8424521354        7.6983172306        1.6540835854
        -0.4687955108       -9.6074892821        1.2352948983
         2.0238303439        0.8554853612       -8.7596572594
        -8.4339812131       -3.0586455466       -3.1793273818
         2.8213361447       -2.5406255052        0.0860242175
         3.7690414008        7.1035131950        5.4256476592
        -3.2799524222       -1.7474424314        0.2628440736
        -0.6907112216       -8.6729879334       -6.4158758045
        -0.1663447976       -2.2752006661       -8.1429265269
        -0.3905781491       -6.3138094288       -0.1878218780
        -6.7199983989        3.0425355768       -5.3814208957
         3.1761987945       -1.0719037982        7.5422478088
         0.7096537550        8.7233431540        3.7397443893
        -2.4847405663        7.3810276731        5.5694296945
        -7.0714495095       -0.8026041986       -5.9788030049
         4.2750799126        1.9976116713        9.3374616386
         2.8788637254       -6.0725601844        1.4614995719
         7.2005683012        1.9040540045       -5.3723968954
         4.9298590351       -2.1817022917       -2.8995490471
        -9.2941636345        2.3809892173        0.7201284583
        -2.1013714404       -1.2607599702        3.8137603231
         5.7896921966       -7.4314833327       -2.5423619327
        -0.4406110975       -5.8269735646       -4.0647767325
         0.4446722736        2.4704808883        2.7594292482
        -7.9242816181       -2.6357449865        6.2455927458
         5.8618758190       -4.5873828959       -0.1389463732
        -9.5646391376       -1.4331181390        0.1224973456
