         4.1246942025       -7.9918137589        6.3897600920
         8.3368219116       -1.6577105909       -4.4621449273
        -9.5241085945       -2.1576950348       -4.8283993898
         0.0387878813       -0.0751535217        0.0600880932
        -0.0618021339        0.4995296202        3.6201645739
         1.3822766102       -2.6782338605        2.1413506609
        -2.3461375584       -2.0237592006        1.9388068106
        -2.8371192871        1.6842290040        1.3269863226
        -0.7904354555        6.0387063269       -0.9489881491
         3.1923923063        0.6188155234        1.6687228438
        -0.5037400640       -3.4639513695       -1.0517716448
        -3.1093502139       -0.7572498998       -1.5508965098
        -1.3130137607        2.5440336609       -2.0340523409
         5.6688078994        2.6161295955       -0.2127409901
         2.9192596684       -1.8307504888       -1.2186926242
         0.1341005846       -0.6383579561       -3.4958955852
        -0.1618208006        1.0797978786        7.2466119551
         1.3066113084       -2.1447854565        5.8091026276
        -2.4848118105       -1.4755633335        5.5903749486
        -2.9902776429        2.2987211080        4.9798506135
         0.4833692690        3.9560870945        4.8104600520
         4.6212886019       -2.0232822641        3.8213913663
         3.1434453530        1.2098222594        5.3159155912
         2.7460113125       -5.3205419100        4.2539768131
        -1.0201809638       -4.7149718612        4.0964952952
        -4.7707492750       -4.0112473263        3.8542654615
        -5.3178448892       -0.2723215504        3.2666722941
        -5.7520633028        3.4642339089        2.6159713017
        -2.3481175616        5.1749109669        2.4805917782
         3.7991505759        4.0776306899        2.8220863268
         1.1205596833        6.7433383552        2.2808313522
         6.4039176775        1.3204727535        3.3093374395
         7.2829055626       -6.3245439930       -0.4032144632
         2.2363041193       -8.8794788722        3.1864492973
        -2.9339093339       -5.5032539890        0.8427516846
        -9.3558502963        0.3269830700       -1.9284001263
        -6.1092350824        1.0203610416       -0.2877350755
        -4.2652593984        4.3807789395       -0.7795401752
        -3.7882784976        7.9762935624        0.3571407708
         3.0098560606        5.3713132124       -0.7324232406
         4.8196843066        3.8517528182       -3.7235859130
         6.1728014277       -1.1582085726        0.3986663894
        -0.9632998315       -7.5587842478       -5.8393660215
        -1.0534849362       -6.9170127068       -2.1795934947
        -3.7177531769       -4.2255798927       -2.7106409211
        -6.3004528488       -1.4539502703       -3.1813171597
        -4.5425273482        1.8941263748       -3.7106715515
        -5.9347559724        4.5493781675       -5.8470850959
         1.0798559616        4.5767100130       -3.9848442253
         2.4108942501        1.8766004672       -1.8200887952
         5.3905062666        0.1202046232       -3.1548017316
        -0.4154091812       -4.1045295287       -4.6909561837
        -0.3172963922       -4.7070505168       -8.3479805398
        -1.2390641965        2.0152180952       -5.6916577872
         3.5132715894        6.5917997635       -5.9245516426
         3.0723719922       -2.4404194149       -4.8610362767
        -6.3028361613       -2.0595428371       -6.8840502133
        -2.5967373457       -0.9051381113        9.2296141055
        -3.1079806739        2.8883844075        8.6115648112
         0.3875495425        4.5561914037        8.4411071700
         3.0595305777        1.7936121610        8.9537887717
         2.6888474771       -4.8208865863        7.9704975658
         4.6009533212       -1.4736822653        7.5823979046
        -1.1356182708       -4.2107473297        7.8621393840
        -4.9116528487       -3.4622051060        7.5257482916
        -5.5179312313        0.3201745096        7.0163040492
        -5.9444678319        4.1047487677        6.3055613569
        -2.4919412967        5.8580656757        6.2154094746
         1.0366402748        7.4356143340        5.9651311824
         3.7620535565        4.7478929984        6.5637699765
         6.3572884524        1.9144954524        6.9762232122
         7.8388477895       -1.3386283018        5.4739112952
         6.0211339319       -4.6987377612        5.9722267684
         0.3496941819       -7.4047267979        6.2487922868
        -3.4344346447       -6.7174002571        6.0236485353
        -7.7576573067       -2.2476715282        5.1892259187
        -9.0783042549        2.8161311242        1.0056723431
         0.5745794745        3.3120378911        1.1606164223
        -1.8146484343        8.6570335201        3.6222125057
         4.3694745002        7.5577830648        3.9665312512
         7.0113370076        4.7989941327        4.4690222854
         7.6886088638       -3.8872848173        2.5705182253
         5.7414466661       -7.2070857811        3.0155223193
         3.8603138475       -8.1160393350       -0.2472510869
        -1.5933586322       -8.3159493890        3.0231499605
        -8.0365771467       -4.7491408199        2.2406294430
        -6.2584120208       -6.3207636728       -0.8116731203
        -5.5950186381       -2.7581310217        0.3365348754
        -7.2258287246        6.1981461149        0.5153614316
        -8.2840055618        1.5204834390        4.5835722440
        -0.2444109584        9.5291591523        0.1749161758
        -2.1597048082        8.7193187257       -3.0685030288
         1.6639004085        8.1761491867       -2.9123660617
         6.3319098754        6.1815138826        0.9240127999
         8.7569173733        0.8434355707       -1.5438903506
         9.1249319231       -2.9476777989       -0.8915657504
         4.3430793583       -4.5183754603        0.8803108903
         0.8564594009       -6.1819310235        1.0503344984
         0.3156340278       -9.6488079149       -0.0634576979
        -5.3629853527       -7.5099404159        2.7544976922
        -3.4959238543       -8.9694122797       -0.2761138782
        -8.8410511869       -3.4753337238       -1.3052256856
        -8.6859888456       -0.9839106270        1.6563540145
        -7.7828994687        1.2021062732       -5.3736990410
        -2.6877648308        5.2076873079       -4.1637450435
        -5.2929603173        6.9974418190        3.7918305954
         3.5778376266        8.8547008410        0.3885015818
         5.4500061372        7.3912370830       -2.6504012053
         8.1269895109        4.6205539790       -2.1326655401
         8.8927726302        3.3282861780        1.4150762536
         9.4017209488       -0.4653202615        2.0345019556
         5.3502281017       -7.1172366626       -3.6698901528
         1.8814052308       -8.7723011577       -3.5007340835
        -6.9541311353       -4.9503297130       -4.3680726059
        -4.2864479664       -7.6805970979       -3.8465753621
        -7.6155250727        3.7486973482       -2.4598594661
        -5.6557914372        7.0512463488       -2.8980183421
        -0.2779692325        7.2483765301       -6.1229355486
         1.2062856858        4.0720701579       -7.7500315778
         7.8472566751        2.1117927555       -5.0898568313
         5.8528388791       -3.6218282895       -2.5163779563
         2.4167903483       -5.3071189733       -2.3659000178
         2.5639301442       -5.9973724644       -6.1021632276
        -3.6902695532       -4.8890385608       -6.4526920222
        -4.5287148929        1.3357536893       -7.4703669705
        -3.0757604693       -1.3508909474       -5.2116688494
        -2.6110787002        4.6712107023       -7.8401931312
         5.5913022295       -0.4605617855       -6.9053043624
         2.5601480496        1.3381461743       -5.4865014339
         0.2332467237       -1.2144514357       -7.0993782007
         6.0040839422       -4.2344661252       -6.1791281330
         3.1884222477       -3.0343817812       -8.5189353956
        -2.9960571813       -1.9383297708       -8.8670249612
        -1.1457700480        1.4453966954       -9.3537834786
         2.6761539862        0.7680283192       -9.1436278123
         4.9974015514        3.3320912630       -7.4351016033
         7.2529959294        5.8470924240       -5.6465282177
         1.2151670805       -1.5814273378        9.4459317824
         1.6720756042       10.2096671377        3.4124177288
         0.3333744787       -1.7963594511      -10.7396323514
        -8.6967458130        5.2624367306        3.9180482890
