        -7.1893785213       -5.8789729978        5.7126143039
         3.7856413352       -9.1740679430        4.7389403765
         7.6165551924       -1.8690540479       -5.6337545524
       -10.1116608781       -0.3600072810       -3.9449963234
         0.0903153608       -0.0416282724        0.0011504606
         0.4238837434        0.0296590916        3.5949709665
         1.3031562365       -3.0461168624        1.5606433793
        -2.3094653630       -1.9610907251        1.8809004485
        -2.4033406309        1.8219893938        1.8171025012
        -0.0763564645        6.2041702639       -0.1079285747
         3.4509150651        0.0670774801        1.3041039135
        -0.9831505885       -3.1627264928       -1.4611465951
        -3.2700657745       -0.1445012730       -1.2974362567
        -1.1373245809        2.9764085616       -1.5627774233
         5.9496278250        2.0277229904       -0.5859297381
         2.5811322194       -1.9063516371       -1.8214231449
        -0.2537868474       -0.1072869653       -3.5817240742
         0.7684672909        0.0993588408        7.2530688679
         1.6686164786       -3.0313270105        5.2497210230
        -2.0084619273       -1.9260388056        5.5754285848
        -2.1050556637        1.9259589056        5.5109809055
         1.5122582742        3.2028327045        5.1459505346
         4.7529226423       -2.9926244320        2.9160924994
         3.8486828128        0.1388575509        4.9769447615
         2.5379298436       -6.0937478240        3.1412724912
        -1.1159826653       -5.0698441236        3.5116122394
        -4.7371300173       -3.9101687714        3.7871091360
        -4.9001690536       -0.1007530529        3.7728930140
        -4.9278162454        3.7099867683        3.6597536608
        -1.3696300838        5.0400611605        3.3429886139
         4.5964184134        3.2413455830        2.8110606837
         2.2282150720        6.2331828132        2.9367278822
         6.8751854469        0.1753761615        2.6293579647
         6.4127829254       -6.9190884230       -2.1101297005
         1.4823551838       -9.3884766569        1.6949627220
        -3.4414250455       -5.1772533058        0.4261374903
        -9.3393289016        1.6561969357       -0.7903081866
        -5.8810879913        1.7520382408        0.5303902378
        -3.6945651847        4.9280387235        0.2576990019
        -2.6607886343        8.2531993551        1.7812902196
         3.6139477271        5.1024477047       -0.4299114820
         4.9054635034        3.8321518698       -3.7846964389
         6.0408791533       -1.8275369450       -0.5271876479
        -2.4364665009       -6.4664709437       -6.6453907306
        -2.0706153520       -6.3421656489       -2.9490522516
        -4.4206207564       -3.3277689132       -2.8099019715
        -6.6739037706       -0.2516668350       -2.6147351747
        -4.5772774101        2.9252751463       -2.9142886731
        -4.9524316693        8.0063345855       -1.3215393317
         1.2770145592        4.9902727308       -3.5061844160
         2.4789444547        1.8836535769       -1.8791716690
         5.0635370454        0.0172929810       -3.7700590097
        -1.3492107935       -3.2894837061       -5.1366140545
        -1.7018653666       -3.3767193077       -8.8263172529
        -1.5046645268        2.9635168250       -5.2404910543
         3.7302040279        6.9811562401       -5.4458929016
         2.2825448392       -2.0085451255       -5.5037428201
        -7.1307467425       -0.3250902654       -6.3376835103
        -1.6783017644       -1.8683576794        9.2411659434
        -1.7755340071        2.0070447628        9.1764325324
         1.8643148370        3.2914653119        8.8092796144
         4.2112651895        0.2090066245        8.6439004691
         2.9228200753       -6.1202415717        6.8712116514
         5.1857713619       -2.9805307033        6.6919321242
        -0.7862766337       -5.0873253604        7.2962513216
        -4.4662774383       -3.9007822764        7.5263283057
        -4.6360855821       -0.0310755812        7.5625189509
        -4.6603376071        3.8389021860        7.3971332915
        -1.0443350188        5.2001197294        7.1247215684
         2.6085909213        6.4031674021        6.6631181603
         5.0261473113        3.3765961041        6.5856251225
         7.2781486231        0.2472402438        6.3216479618
         8.1827498319       -2.9032539047        4.2501695541
         6.0231142572       -6.0816213339        4.5255015737
         0.1181881716       -8.1663912910        5.1232941682
        -3.5635786747       -7.0613859699        5.4501786427
        -7.3714571649       -2.0603572554        5.7134225325
        -8.4556723162        3.6611028089        2.3850728952
         1.1488856788        3.0752021927        1.4587182958
        -0.2938181916        8.2468640937        4.8500932155
         5.7085040381        6.4418671366        4.3163737724
         8.0249508666        3.3681590427        4.1450282098
         7.4204541570       -4.9847945505        1.0823631398
         5.1326062525       -8.1020730197        1.3254994530
         2.8279930289       -8.3300362356       -1.7806429739
        -2.2437216163       -8.3940860635        2.0589855607
        -8.2617474875       -4.0803141720        2.5142037909
        -5.9068177249       -7.1691883340        2.3498092651
        -5.7846018374       -2.1074198931        0.5947230625
        -6.2583121122        6.8568456523        2.1159695929
        -7.4681236369        1.7959563298        5.6490919248
         1.0110409670        9.4202840901        1.3814570426
        -1.3121614908        9.2902939664       -1.6893932928
         2.4102158605        8.3166103308       -2.0578371209
         7.1628508929        5.3030509891        0.9118046680
         8.6406959124        0.1343027297       -2.4893620834
         8.6000413329       -3.7283076899       -2.3762911076
         3.8671346305       -5.0023670517       -0.2669483675
         0.2357690499       -6.2822790680        0.1008451420
        -0.8419200909       -9.4773100146       -1.3764458598
        -4.5418188159       -8.3653209298       -1.0487595069
        -6.9937076787       -5.3802252942       -0.9094935543
        -9.2420800002       -2.2289278726       -0.7255419783
        -8.4745829145       -0.2117759366        2.4920508200
        -8.0318709052        2.8328630083       -4.2572361464
        -2.3816658979        6.0474863312       -3.1555474515
        -3.9154930543        6.9699177603        5.2161896571
         4.7216936423        8.3095700912        1.0530019567
         6.0764842041        7.0942824222       -2.3485672309
         8.4277025059        4.0027887003       -2.5106145334
         9.3865553320        2.1468564934        0.7266645802
         9.4812378518       -1.7289823645        0.7902504180
         4.0720092465       -7.0270912114       -5.1994753086
         0.4604158509       -8.3012034061       -4.8346144519
        -7.8743737834       -3.4533436432       -4.1523659792
        -5.5270505786       -6.5046772905       -4.3044793559
        -5.8405452847        5.9913158249       -4.5129367965
        -7.2514551041        4.9082399440       -1.0810550797
         0.0494672359        8.0688684102       -5.1083747657
         0.9533121287        5.0110772429       -7.2931568022
         7.5371016015        1.9821258965       -5.7109505900
         5.1206273290       -3.8054979199       -3.6755706891
         1.5352171673       -5.1101080806       -3.3363942811
         1.2117716175       -5.2777467162       -7.1211674013
        -4.8591392604       -3.4551943251       -6.5836111535
        -5.0180631002        2.9048382337       -6.6894716416
        -3.6862812333       -0.2161308099       -4.9817957310
        -2.7492100343        6.0298094474       -6.8533641076
         4.8049819127       -0.0466599287       -7.5610947138
         2.1821135108        1.8537941247       -5.5751455588
        -0.5968125177       -0.1764522859       -7.2148846107
         4.8181613491       -3.9076462835       -7.3784292002
         1.9484155831       -2.0893037317       -9.1953382558
        -4.0550488992       -0.2868976945       -8.6657234115
        -1.8585979821        2.9094315500       -8.9304635971
         1.8509744760        1.7962668557       -9.2628011416
         4.6355048359        3.8248798628       -7.5266640093
         7.3574045880        5.8011336320       -5.7102284418
         2.0216593471       -2.9802049324        8.9137041928
         3.3187467597        9.4238260771        4.4298123715
        -0.9432716954       -0.2461602037      -10.8855619503
        -7.4774849076        5.6166076538        5.5207997931
