        -6.8453300534       -6.2629740929        5.7928058810
         4.2512069567       -9.0194330046        4.5579865875
         7.5473331895       -1.3860026243       -5.7815466687
       -10.2144918903       -0.7415058689       -3.7168717850
         0.0332296705        0.0024111834        0.0423399083
         0.4381420777        0.0316853059        3.6278167263
         1.4203025959       -2.9673525925        1.5270286273
        -2.2324978277       -2.0604021527        1.9335218266
        -2.5067004194        1.7161730181        1.9336531548
        -0.4252766676        6.2315971871        0.0346620415
         3.4137711329        0.2478160965        1.2801495797
        -0.9173738977       -3.1459150195       -1.4523753666
        -3.3404534454       -0.2424960610       -1.1968883262
        -1.3621901930        2.9805057564       -1.4521617839
         5.7800808316        2.3517237654       -0.6263797987
         2.5687973813       -1.7116665245       -1.8545322824
        -0.3746717305       -0.0270805711       -3.5367869896
         0.8514270819        0.0615652357        7.2787642242
         1.8582181024       -2.9920533030        5.2079221710
        -1.8598896102       -2.0672675090        5.6213440339
        -2.1389732710        1.7765337789        5.6214776084
         1.4065504956        3.2287326114        5.2081390765
         4.8906099199       -2.7717997802        2.8154710235
         3.8809654614        0.2816095055        4.9449837376
         2.8284424593       -5.9776134351        3.0346918806
        -0.8613852594       -5.1335612320        3.4901286043
        -4.5271224082       -4.1510562266        3.8532999479
        -4.8696725805       -0.3537040104        3.9040864699
        -5.0792462356        3.4533064979        3.8535644968
        -1.5938808639        4.9550509491        3.4904801950
         4.4389422794        3.4489864079        2.8156878950
         1.9353214507        6.3232806254        3.0351206982
         6.8558107975        0.4976856424        2.5415150876
         6.6502012837       -6.5545920441       -2.3084603015
         1.9015222952       -9.2952522499        1.5544082194
        -3.2395955615       -5.3038397305        0.4479683204
        -9.4758260044        1.2606211734       -0.5450876853
        -6.0007146873        1.5000763437        0.7110177825
        -3.9717608780        4.7802201204        0.4483195253
        -3.0654793030        8.1266929183        2.0057458125
         3.3059688310        5.3109451628       -0.3753303984
         4.5890547287        4.1555506091       -3.7743876701
         6.0591651147       -1.4920776690       -0.6265136529
        -2.3144079236       -6.4352340830       -6.6612363642
        -1.8829555877       -6.3511206467       -2.9713110459
        -4.3685743342       -3.4534196172       -2.7386596029
        -6.7602068189       -0.4907476124       -2.4506985435
        -4.8216198942        2.7863452316       -2.7384421289
        -5.4039797290        7.8191078059       -1.0565830759
         0.9163175717        5.1352588667       -3.4082036496
         2.2945942410        2.0649083346       -1.8544007813
         4.9298578803        0.3580717060       -3.8274009268
         7.7399756878       -5.2035899352       -5.7144919703
        -1.3475768287       -3.2339936929       -5.1221217358
        -1.7692702211       -3.2809785139       -8.8052908179
        -1.8006224322        3.0057712644       -5.1219039877
         3.2342379216        7.2698857127       -5.3617873306
         2.2073530144       -1.7753293633       -5.5443796848
        -7.2863134397       -0.5288168486       -6.1649606838
        -1.4603701940       -2.0501062676        9.2805019857
        -1.7411467813        1.8170097607        9.2806364000
         1.8264243665        3.2778774800        8.8649835942
         4.3121966868        0.3127922193        8.6049332445
         3.2881673487       -6.0426702254        6.7553080346
         5.3967571147       -2.7967914518        6.5828202551
        -0.4563805472       -5.1930594590        7.2669388147
        -4.1829825090       -4.1858769739        7.5862266935
        -4.5340322423       -0.3294665961        7.6884870938
        -4.7437266812        3.5372141393        7.5864952669
        -1.2016994839        5.0721663973        7.2672964265
         2.3808459143        6.4538048257        6.7557435613
         4.9361897528        3.5465681990        6.5830412562
         7.3275111223        0.5318055916        6.2259552038
         8.3378535723       -2.5403395054        4.0859660833
         6.3358706507       -5.8213046271        4.3507765912
         0.5486632041       -8.1926287689        5.0279442461
        -3.1737309204       -7.2681397338        5.4422794711
        -7.2069757533       -2.4576621237        5.8590884611
        -8.6249797899        3.2564549832        2.6451522609
         0.9767775857        3.1412888886        1.5272418084
        -0.6404982861        8.1856109027        5.0285151029
         5.4285490577        6.6751708346        4.3512121567
         7.8834721243        3.7178232662        4.0861842546
         7.6123856272       -4.6069957943        0.9009639768
         5.4797535382       -7.8344661144        1.1374861761
         3.1262349771       -8.1222844438       -1.9283332984
        -1.8594103742       -8.4844096778        2.0051669735
        -8.0641098548       -4.4683701812        2.6448834479
        -5.5699718446       -7.4393702798        2.3856811943
        -5.7210882997       -2.3512011804        0.7108838478
        -6.5861657088        6.5565939355        2.3861686102
        -7.4863708829        1.3904263258        5.8592224626
         0.5388795951        9.4723321615        1.5550623552
        -1.8359501552        9.2794735762       -1.4727492180
         1.9201659636        8.4888186940       -1.9277544554
         6.8670662213        5.6582307552        0.9013217075
         8.5195271864        0.6186613830       -2.6103158826
         8.6842764571       -3.2512808614       -2.5655919717
         4.0384647788       -4.7776676759       -0.3756819911
         0.4793435366       -6.2276741375        0.0342275732
        -0.4762741078       -9.4472527757       -1.4734019114
        -4.2178309348       -8.5176364965       -1.0571519986
        -6.8040123053       -5.6541910245       -0.8230230698
        -9.1943483765       -2.6161532805       -0.5452226107
        -8.4592910443       -0.6142904175        2.6895808010
        -8.2938282096        2.5507815428       -4.0167401506
        -2.7806469996        6.0127213316       -2.9708800546
        -4.1903066923        6.7330862080        5.4427671858
         4.2905918462        8.5437743418        1.1380569309
         5.6336252573        7.4466347545       -2.3079725302
         8.1235316652        4.4718105329       -2.5653229027
         9.2326700705        2.6140785826        0.6226775885
         9.5134471224       -1.2530376704        0.6225429015
         4.2504317834       -6.7260785903       -5.3622748499
         0.6999544248       -8.1604397682       -4.9371132105
        -7.8383999705       -3.7218014194       -4.0169586456
        -5.3537854317       -6.6559949469       -4.2632731714
        -6.2591203537        5.8131229923       -4.2628387503
        -7.5494085758        4.6121014840       -0.8226655799
        -0.4861944467        8.1763042375       -4.9365440417
         0.5174246374        5.1980247383       -7.1871153842
         7.2679381285        2.4620859788       -5.7814126823
         5.1411789653       -3.4488122795       -3.7746524643
         1.6484830111       -4.9488007912       -3.4085550336
         1.2628210430       -5.0682674031       -7.1874733265
        -4.8745212999       -3.5435119765       -6.5045960914
        -5.3352932771        2.8026690194       -6.5043748859
        -3.8247430995       -0.2775304824       -4.8733469296
        -3.2197428810        6.0338840717       -6.6608016804
         4.5967056145        0.3340143999       -7.6111449909
         1.9277262448        2.0759477099       -5.5442455092
        -0.7858734085       -0.0568100116       -7.1642394298
         4.8069556239       -3.5334974449       -7.5099382606
         1.8076524456       -1.8170376580       -9.2254173744
        -4.2627570871       -0.3092049167       -8.5504411548
        -2.2246985026        2.9916046200       -8.8050719251
         1.5261746020        2.0597366292       -9.2252822850
         4.2460853612        4.1913274197       -7.5096691174
         6.9071064245        6.2674570153       -5.7140923789
         2.2808057016       -2.9802849679        8.8647654216
         2.9037782540        9.5386115373        4.5586333761
        -1.2009386319       -0.0868185076      -10.8282509557
        -7.6781991216        5.2080726400        5.7932052540
