         2.5111596933        0.6561372528        5.7316100864
        -3.2426874969       -1.6959120308        5.0689886198
        -3.1591188569       -0.7277231251        1.4910057156
        -8.8765740606        3.3946595414       -0.7966082171
        -1.2527252653        1.4993453192        5.9387233515
         2.8199342346       -2.0733408836        1.1650630199
         6.1436342805       -1.4119468576       -0.3080678209
        -1.4171731807       -6.9862298472        1.5070368123
        -3.3549017740        8.1798658514        0.4865358869
         0.7905195243        3.4058695205       -0.7126292190
         5.8121647667        2.3101664163        0.6853163473
         2.6081939432       -4.9692446707       -4.6465993818
         0.0755635692        0.8930751027       -3.4538990723
        -5.8357603815        4.2589685100        6.2750380584
         2.8474398213       -4.0335190590        8.3034977989
         2.5090453365       -0.2932030914        9.3108043381
         0.0405157907       -0.9786056063        3.5025331497
         2.8509701017       -3.0617964719        4.7254745403
         0.0224232462       -1.9266021670        7.0267101680
        -0.6745784551       -3.4918874193        0.7607315974
        -3.9721698319       -4.2597616818        2.2720209373
        -3.1624383187       -5.2125606002       -1.3834631067
        -2.3654473853       -1.6616247963       -2.0919779971
        -4.6158992006        0.8151702857        7.5664336250
        -4.0432092032        4.5189239384        1.2298676112
         3.7143219970        5.7814210850        6.7331944869
         4.9375107651        3.2174050314        4.2844184553
         5.3357360835       -0.4613031475        3.3391406720
         8.9696305313       -3.4709058192        0.8422309943
         7.5706198869       -3.9727524470       -2.7264495773
        -0.7095157002       -4.5152602415        4.3239796079
        -8.2021359760       -4.0579262989       -2.7980721227
        -9.0107979271       -3.1063856008        0.8525844278
        -5.6969160984       -2.3934820983       -0.6380722927
         3.2774781729        5.1279300058        1.4311705766
         5.7666528987        6.8097795357        3.5957670873
         7.9383659770       -1.1525547787       -5.3596944369
         4.9248024737       -7.7041207123        3.0989756175
         1.8953549495       -8.5881100735       -3.9653936852
        -1.1226763806       -4.1904997774       -4.5016764968
        -7.7257580980       -1.2761868927       -5.4720607119
        -2.6941634510        1.9808693241       -1.1130997834
        -6.0331497000        1.3237016563        0.3601424769
        -2.0036353511        5.5408907560       -1.8880576936
         1.5331200837        6.9016408990       -1.4593058246
         6.6745023637        5.9312308894       -0.0674949365
         9.8286097305        2.0386260979       -4.4321350581
         6.9721267422       -6.6782708669       -0.0307987563
         5.9511205209       -4.3434484818       -6.2282406312
        -2.3966233993       -0.7398084937       -5.6832765028
        -2.7330501976        2.9772785124       -4.6847658093
         0.8233575825        4.4304720569       -4.2759497162
         3.3578528784        1.6114111845       -5.0213508175
         1.3677275814       -1.5841062575       -5.8911557528
         0.1115449301        2.7993786734      -10.5396632382
         0.0039783978       -2.8841872611       10.5869182610
        -0.7317223914       -5.4968626006        7.8943921746
        -7.2752277942       -4.9844458268        3.7810067589
        -3.2812650407       -2.6595450559        8.6439025871
         5.4134531698       -1.4344415947        7.0119522165
         2.4819998664        1.5765900281        2.1403475672
         8.1568308626       -2.5144944005        4.5115672946
        -1.4601491095       -8.0570023123        5.1014722940
         1.3249523633       -2.4899852573       -2.2959799447
        -6.5411598610       -2.4044806479        6.5955556777
         1.2378823627        4.1059525481        4.5491298351
         1.2399780131        3.2081620634        8.2403400913
         8.7715966700        0.2482178041        1.8783103847
        -1.2788775758        0.5556633139        9.5190679231
         5.6287253305       -4.1384888769        2.3255222522
         4.1581765716       -4.5999696671       -1.1758326061
         1.3853540293       -9.1721873709        2.6975977386
        -2.1675418962      -10.5162441481        2.2609178392
        -4.7437402083       -7.7995813234        3.0365087738
        -6.5593447898       -6.0152905628        0.1149119855
        -9.7135261840       -2.1236577716        4.4800612660
        -4.5166286971        1.7547719173        3.8873628572
        -3.7890652300        7.3891733453        7.0694106456
        -0.0450643493        6.6249350143        6.9410269401
        -1.2086243065        2.4041611752        2.3434904988
         7.4180080032        4.8751508134        6.4503833037
         7.8393098204        1.1908468191        5.5183668077
         2.1231986618       -5.6196332515        1.9350674892
         5.6569895434       -5.1307652390        5.9063121415
         3.9044133759       -7.4737780579       -7.0213665426
        -0.1414554734       -9.6086918249       -0.8516926239
        -3.9289528402       -8.7583295514       -0.6417995840
        -4.0622975856       -5.3056346409        5.9229237091
        -6.4203127479       -1.4222227194        2.9781792208
        -9.3492499013        0.6341526067        1.8570984218
        -5.3594228608        7.0405670445        3.6008954784
        -1.7806916477        8.5029021894        4.0125797156
        -2.4925790063        4.8844892310        4.6948376507
         4.0442823044        8.6739781932        0.6895848350
         2.0194350620        7.7595452053        3.8643588530
         8.3176471322        3.9739805015        2.8454468321
         4.9960486764        2.3096324598        7.9232219262
         4.6316227858       -1.8389844223       -3.8410943718
         0.6010025369       -6.0573296618       -1.5922767172
        -1.9047600240       -7.8443791336       -3.8171516371
        -7.3028167804       -4.9603049713       -6.4029446110
        -8.6567737971       -0.3332810991       -1.8307041781
        -5.2234272850        0.3709131013       -3.2953021112
        -5.4857654021        4.0333798072       -2.2664566159
        -7.4556821727        3.8880913821        2.7744979779
        -5.5556325749        5.0586798040       -5.8733776984
         2.2831631581       10.4317765916       -2.2132907147
         0.2562107425        9.5235300474        0.8987382311
         4.0872755846        4.1750513652       -2.2246122776
         9.1262727464        3.0224807122       -0.8050456463
         6.5356051012        1.3369473788       -2.9300835425
         0.0621053222       -0.0456627396        0.0256590432
         0.1603864428       -6.7092899309       -6.8932309555
         5.4736045089       -7.1236934042       -3.5521693287
        -4.8811084251       -2.3938629248       -7.8749743257
        -5.6517334323       -6.8947876886       -3.5481612568
        -4.8220870969       -3.3028315308       -4.2369165245
        -8.0617378052        2.4358534735       -4.4751388846
        -6.8740660736        6.6100612602        0.0786096676
        -8.3043414924        6.1057227398       -3.4309580038
        -1.2700813574        9.0896084130       -2.6505385296
        -0.4868780894        5.9722080992        1.6390305110
         4.8591698433        7.7151101021       -2.9891775184
         7.3901443796        4.8994372221       -3.7333897349
         3.2758253592        0.6425054707       -1.4433306291
         6.6561672086        2.3197898080       -6.5475908421
         9.4623692230       -0.7189869942       -1.8088385746
         3.4702318858       -8.2641149011       -0.4387062343
        -2.3939932676        0.2090888410       -9.2626182750
        -3.5991499169       -5.8663023685       -6.6859751854
        -4.8216112191        7.6384824516       -3.0590067891
        -1.1251268234       -3.2923738231       -8.1924542369
        -2.0215712456        6.6109549449       -5.5327037776
         1.5746782616        7.9721076328       -5.0534044852
         3.3966922917        2.5750658256       -8.5965791836
         1.3940572114       -0.6405381681       -9.4718515753
         2.1370297320       -6.6953528694        5.5799568050
         4.7309473140       -0.8996158695       -7.5194339941
        -2.7325569031        3.9495711166       -8.2579328438
        -5.2983088252        1.3495410261       -6.9648368066
         0.8462185972        5.4118532507       -7.8464495933
         0.0934048768        1.8415976872       -6.9794325709
         2.6663401551       -4.0866222704       -8.2913860818
         4.1768514170        5.2209417799       -5.8751691462
        -2.5513273928        4.0019429763        8.3393552861
        -7.8230947708        1.0679309986        5.4064521330
