         0.9371197547        1.8624153401        5.7762414266
        -4.0998841094       -1.5122168341        4.1081115139
        -3.2254553887       -0.9936863409        0.5672681985
        -8.5538548262        1.8161227430       -3.7856336935
        -2.7370545043        2.1773193503        4.8723968753
         2.7253258460       -1.4170068437        1.9808607694
         6.2393970021       -0.4714876937        1.2753012836
        -0.8649112243       -6.8371894214        2.1614990696
        -4.1391070060        7.5590810329       -2.0473169075
         0.6806274344        3.3485549243       -1.2973215933
         5.2331467928        3.2560533192        1.4693267544
         4.4096923567       -5.1318550023       -3.0759785750
         1.0079397409        0.3787578898       -3.6257322259
        -7.6714954415        4.1669544700        3.4819378147
         1.0302410549       -2.2755468146        9.1479878725
         0.0703809895        1.4586125622        9.3475740814
        -0.6612215811       -0.4452074858        3.3282645691
         1.9110098983       -1.8615914510        5.5791078305
        -1.5561225901       -0.8432279614        6.8454204345
        -0.3524177736       -3.4101385994        1.0047358503
        -3.8250664800       -4.4745120596        1.7491006363
        -1.9593206250       -5.7916339605       -1.3451992768
        -1.4060781627       -2.3006970919       -2.4675603043
        -6.2143157538        1.1470762013        5.5435793973
        -4.5871509021        3.9918975185       -0.8570595562
         1.2430619779        7.2347675716        6.0754163463
         3.3376063322        4.5401165580        4.5183007189
         4.3822590362        0.8687527224        4.3854997557
         8.8800532936       -1.8858288167        3.4510893991
         4.9255807123       -4.0283283671        0.5385038997
        -1.1958678965       -3.9121376075        4.5800468221
        -6.5411328649       -5.6483926297       -4.1312913633
        -8.3964743006       -4.2918820811       -1.0020721594
        -4.9095544253       -3.3204817991       -1.7648221415
         2.2965079152        5.7299962460        1.0414988228
         3.9187185847        8.0755300789        3.4033361831
         9.2741715117       -0.6815631889       -3.1377607137
         4.8724918233       -6.3304890315        5.3807234592
         3.9531208877       -8.6767188536       -1.9477483556
         0.7137544877       -4.9292206895       -3.9965103469
        -5.6701751791       -3.2500604099       -7.0749328658
        -2.3977056025        1.3567963533       -2.2743904996
        -5.9151165873        0.3967501479       -1.6017917827
        -1.9151225971        4.8291458811       -3.4933056058
         1.1972088631        6.7700668224       -2.4567807561
         5.8597887622        6.8175656574        0.3007118503
        10.4797519914        2.8642176935       -2.3727552987
         8.5341771440       -3.1088726093       -0.2097889353
         7.9623982610       -4.2328731386       -3.8734122387
        -0.5736134181       -1.9287628179       -6.0604956612
        -1.5798357301        1.7987843351       -5.8664404139
         1.5537117465        3.8304586909       -4.8674768520
         4.4910843824        1.3589372453       -4.4409829202
         3.1769465655       -2.1987756430       -5.1779613287
         2.7362980505        1.2079244072      -10.7103922948
        -2.4920481437       -1.2288653670       10.3759491770
        -2.0725298413       -4.3428083107        8.1458140893
        -7.3053218737       -5.4620801759        2.5114918859
        -5.0498130963       -1.9433781945        7.6851742698
         3.5889156167        0.4561322632        8.0854846603
         1.7348883692        2.2407410683        2.1753119215
         7.0123566874       -0.5373186617        6.5807751084
        -1.7260738763       -7.3828093737        5.7717021999
         2.2715392799       -2.5663019353       -1.5998550333
        -7.5978901882       -2.4884009806        4.9415750899
        -7.1703044622        0.7595268476        9.1191052495
        -0.3641128121        4.8951874450        3.6900280811
        -1.1942562274        4.5702948681        7.3888271356
         7.9809036679        1.8738999161        3.7014094208
        -3.6612667488        1.8157843061        8.4638822921
         5.3117222764       -2.8195962392        4.1398521121
         7.5588642315       -5.4626298627        2.7101572420
         1.7521387733       -8.3626471671        4.3760005895
        -1.3781274627      -10.2978042690        3.3256008989
        -4.3648201015       -7.9472259891        2.9304758817
        -5.5290920219       -6.8930604094       -0.6150431641
       -10.1263590920       -2.8618117398        2.1558312851
        -5.4352811847        1.6001805666        1.9671244758
        -6.2703921272        7.5772910327        4.3182828985
        -2.5194113705        7.4946219478        5.1954640144
        -1.9303026370        2.5126282217        1.2935993261
         4.9598407317        6.8607221370        6.8799789384
         6.0173260480        3.1843229734        6.7679483001
         2.2550327790       -4.8902012932        3.1925359671
         4.5219166115       -3.2820518431        7.7806646026
         6.5686582925       -7.7241277753       -4.5661239014
         1.2878289890       -9.5394642102        0.6989878564
        -2.4881907959       -9.2696359650       -0.1897039181
        -4.7395700300       -5.0277945205        5.4005890975
        -6.6662684474       -1.9362663636        1.3431556285
        -9.4050963743       -0.5681532886       -0.8549914821
        -6.7620975740        6.5871296960        0.6272198629
        -3.6351923679        8.5981415989        1.6680869803
        -4.0852164406        5.0513102445        2.7906268107
         2.8323551153        9.2049771346       -0.1208519517
         0.1479101437        8.4760559296        2.5686593459
         6.8747457429        5.5857693402        3.8321704263
         2.5490196999        4.1909821475        8.1692054559
         7.9274718519       -4.2363944766        6.3150942275
         5.7787686256       -1.6422565508       -2.3764922564
         1.7920196509       -6.0599706449       -0.4604819604
         0.1943481388       -8.5202509400       -2.8765067918
        -4.6079749287       -6.9176752545       -7.1822412812
        -7.6508065378       -1.9479984081       -4.0167020106
        -4.0437246396       -0.9335305873       -4.6870399638
        -4.9828298648        2.7604095350       -4.4405927849
        -8.2135172124        3.0689047647       -0.1690490043
        -4.1866194157        3.2197886198       -8.0779736863
         1.7234767223       10.2232064715       -3.6315189143
        -0.9533650264        9.4791423983       -0.9976324247
         4.1548961805        4.3868413733       -2.0666940329
         8.7263499059        4.2456510310        0.7291120039
         7.0031480541        1.8893018432       -1.6215503626
         0.1673464908       -0.0308897654       -0.1492841377
         2.8657769165       -7.5399470913       -5.5031252037
         7.1035647218       -6.6335016318       -0.9401572966
        -2.1784467096       -4.2511969128       -8.4559684807
        -3.5733871330       -8.1370277309       -3.7132369129
        -3.0018348290       -4.5978319629       -4.8116333185
        -6.6675174115        0.4710868173       -6.8902495319
        -7.2210668651        5.4243258260       -3.0381970706
        -7.5885091114        4.1766815651       -6.6312520999
        -1.4042981984        8.2987745268       -4.6825993274
        -1.4645973687        6.0059082330        0.1671334006
         4.7016154627        7.8528223647       -3.2480302921
         7.6398596968        5.3847330482       -2.8257864689
         3.5610980694        0.9248679587       -0.8766610043
         7.9785314351        2.3381731772       -5.2150066109
         9.7372096873        0.4964572444        0.5368090829
         4.4801551777       -7.6035345266        1.7381648613
         1.6018002499       -4.5916797904       -7.6741115243
        -0.8838544149       -7.2684928345       -6.3804005458
        -4.5257955748        6.2692832967       -5.6891568699
         0.2851498567       -1.5252998946       -9.6405411013
        -1.0712358476        5.3350479581       -7.1621556741
         2.0858341337        7.2933174888       -6.0645300623
         5.3813924431        1.7826557413       -8.0114334215
         4.0591353021       -1.7970382032       -8.7529652139
         1.4236131806       -5.4059057248        6.8711670187
         6.7553545825       -1.2469459471       -6.0262241180
        -0.7240195443        2.2242555925       -9.4464184641
        -3.2359275564       -0.5253344920       -8.3761297652
         2.4255880478        4.2694216539       -8.4401681423
         1.8684448369        0.7910097998       -7.1502577792
         5.3445013141       -4.7928306247       -6.6921896409
         5.1032314735        4.8876034896       -5.7104838371
        -8.4321135273        3.7004184754        7.0960962318
        -9.7198477649        0.2141908430        6.3739262491
        -4.9223503358        4.7549840808        6.4420364128
        -8.9584883782        0.6827325086        2.7601838063
