         0.5000673080        3.2806462404        5.0830834072
        -3.6265258235       -1.3915536007        4.4362593181
        -2.8051566576       -1.5535820644        0.8372282601
        -8.5301294744       -1.1230012142       -3.8795261410
        -2.3671842159        2.2111677491        0.7000529128
         3.0743408069       -0.2822789601        2.0753652356
         6.2939187467        1.2525171826        1.0511835365
         0.8261295189       -6.1822936284        3.6132438250
        -5.5831051328        5.7141715561       -3.6537584861
         0.0453961694        3.0027546538       -2.1215371071
         4.4509948185        4.5926385506        0.4285792910
         5.6642060979       -4.5737500746       -2.0541143539
         1.0944417271       -0.2627429251       -3.7217012409
        -8.3862738869        3.0084689065        2.5995509125
         1.5454604492        0.1589212072        9.3150580321
        -0.2963404418        3.5209548996        8.6902881622
        -0.4792697821        0.1755000987        3.2948516390
         2.3339524628       -0.0642320129        5.7036154302
        -1.2691776034        0.3967099572        6.8485594859
         0.5542993995       -3.0922555430        1.6887137146
        -2.6009136154       -4.6974675973        2.7967812579
        -0.4148839309       -6.2495039109        0.0064131503
        -0.6621329877       -3.0774124984       -1.9002383212
        -6.4032272064        0.9388983270        5.3196650361
        -5.2396110094        2.5111466423       -1.6444202504
        -0.4393140098        8.4831100347        4.1544941227
         2.2514686013        6.0706721059        3.1676375539
         4.1184984079        2.8101816550        3.8348604884
         9.1541207507        1.0169500275        3.3931318506
         5.8476308149       -2.5836744264        1.1906088212
        -0.2229034726       -2.9350448819        5.3092229068
        -4.8366296251       -7.8029843619       -2.5862769984
        -7.0127888112       -6.2449928874        0.1971591204
        -3.8406819859       -4.6767832098       -0.8615324785
         1.0292580493        6.1619227144       -0.4451422866
         2.0244253907        9.2945047210        1.2629942772
         9.3756624315        0.7319169684       -3.2998568936
         6.2399290954       -3.6614815684        6.4216649149
         6.0155325650       -7.7743218741       -0.1336933696
         2.0383199330       -5.4355244426       -2.8647117679
        -4.4922153204       -6.0121998366       -6.0271060859
        -2.4748287025        0.1966297435       -2.5062338163
        -5.6893287437       -1.3543574963       -1.5034698443
        -2.7742967116        3.3075307757       -4.5088453274
        -0.2056700944        6.0903886374       -4.0530721833
         4.2626683040        7.8359565183       -1.5397345728
         9.7179626949        4.5376902763       -3.4058226034
         9.1615701567       -1.0613312678        0.1258553809
         8.9301891734       -3.0966624091       -3.1607498588
         0.1364142791       -3.3661092674       -5.5134385084
        -1.7049108303       -0.0249949469       -6.1361329101
         0.8587775508        2.8409477212       -5.7393235335
         4.2761731465        1.2711244489       -4.8629689384
         3.8300500088       -2.5629214766       -4.7235819847
         2.7258579628       -0.7124813499      -10.8678635356
        -2.0805678904        0.6219448366       10.4431955327
        -1.0228035236       -2.7271117619        8.9177127218
        -5.7610434462       -6.2843476400        3.8691726183
        -4.4613489876       -1.1489352404        8.0529606838
         3.3773901362        3.0873317248        7.5528164648
         1.2624575757        2.9955492794        1.4672897811
         6.9662587509        2.5835943479        6.1947422936
         0.0431801118       -6.0615413616        7.2809521835
         2.9628618102       -2.2930483343       -1.1266123747
        -6.7849122499       -2.9899011676        5.5608788845
        -7.7518974961        3.0909396238        8.0464716747
        -3.1736074637        2.5004740783        4.2943527953
        -2.2352173070        5.6944124244        6.1322369699
         7.4038615825        4.4265884824        2.8157669953
        -4.0122144631        2.7152262765        7.9119748198
         5.8846956335       -0.5247927069        4.3979200115
         8.7051034241       -2.8429744045        3.5333619105
         3.3964714845       -3.3975651109        4.0605220994
         1.0979065474       -9.3043036264        5.5564582836
        -2.3377475529       -7.8362032078        4.7483539172
        -3.6366871976       -7.9328289907        1.0934444232
        -9.1142529181       -4.6307592716        2.9699572285
        -5.5903552244        0.7126127903        1.7067821701
       -10.4630723184       -2.3773279314        5.7164527637
        -7.7844737924        6.7986277811        2.5527285731
        -4.1342209454        7.6989809727        3.3596426533
        -1.4312840797        5.3567567899        2.4307448546
         3.2479418317        9.1782382150        4.8843349698
         5.1312981212        5.9202749447        5.5706592088
         2.6427172976       -3.2302467879        7.7825002033
         5.1683961264       -0.3077998849        8.0743180033
         8.3897990432       -6.8770854862       -2.9910287289
         3.5697008765       -8.5888743571        2.7330508169
        -0.1501191081       -9.3961319439        1.9428648540
        -3.4297022638       -4.5755904791        6.5061419719
        -5.9521614178       -3.0735879940        1.9062046334
        -8.8765381019       -2.9160872342       -0.4709119928
        -7.9750843422        4.8322694161       -0.7536394611
        -5.3920299956        7.6843628267       -0.3106579240
        -5.0726877882        4.4852611795        1.6303245329
         0.7810711620        9.3049831441       -2.3896607505
        -1.7115855747        8.6126670718        0.4910230263
         5.4663988544        7.7146172817        2.1403970234
         1.4920985008        6.3959258370        6.8278444290
         8.7204322253       -0.7694162040        6.7439105659
         6.1809298948       -0.7997329400       -2.2162653103
         3.2828434434       -5.4481193270        0.7935536570
         2.3392893742       -8.6942886813       -0.9386611062
        -2.6116674497       -9.2649001009       -5.3308875278
        -6.7750863148       -4.5289122005       -3.2805228318
        -3.4965421203       -2.8981365804       -4.2828819971
        -5.2637327399        0.4357176447       -4.8499876183
        -8.5684894901        0.9729267687       -0.6593159526
        -4.5219590698        0.2157679683       -8.5249990021
        -0.4617964260        9.2100389709       -6.0032957427
        -2.9398079577        8.4978602748       -3.1799157940
         3.2065259899        4.6036276542       -3.2298078696
         7.6364768858        6.1577222012       -0.6400111529
         6.5447136406        2.9938539392       -2.3291487101
         0.2951001029       -0.0422203933       -0.2138527162
         4.7627976344       -7.7616875945       -3.8123789271
         8.5942090324       -4.8918376779        0.2680558002
         1.0729012640       -8.5625867264       -4.5978039975
        -1.3934519579       -9.3829765411       -1.7096555593
        -1.6307703825       -6.1555320268       -3.6073899112
        -6.3261874364       -2.6777079223       -6.6612949543
        -8.0774862710        2.7674106821       -4.0213637318
        -8.0794368817        0.6770919755       -7.2192728415
        -3.0437720031        6.4336196622       -6.4802098257
        -2.6729548907        5.3585259316       -1.2270912047
         6.3838120324        6.1691238184       -4.3188232105
         2.9695390904        7.7362202076       -5.1906760499
         3.4001997463        1.4657680869       -1.2632773165
         7.4596425796        2.8154273597       -5.9622383806
         9.4887956853        2.7972704414       -0.0113001868
         6.2150349367       -5.7929433078        3.1870933016
         2.8976269362       -5.7596648451       -6.5523354797
        -0.8404014108       -6.4808164602       -7.2626361921
        -5.5988494374        3.5716614772       -6.8888549737
         0.9501338014       -3.6117368907       -9.1198075107
        -1.9941712091        3.1373759626       -8.2255842746
         0.6077628516        5.9629557269       -7.7155031910
         4.0865400067        4.4569502552       -6.9238922068
         4.6658321080       -2.8033936646       -8.3248538098
         3.6837956829       -6.5244737630        6.0230154507
         7.1093121994       -1.0413950107       -5.8914849664
        -0.8981426166       -0.2502236846       -9.7485387742
        -2.7292361243       -3.1782066216       -7.9956702716
         1.6770474618        2.6343100641       -9.3471165901
         1.9077280020       -0.4866636270       -7.2773253541
         6.5652838032       -4.8706809308       -5.6828982473
         5.1147851420        1.0547852559       -8.4651308639
        -9.5913844131        5.1184014677        5.4424043484
       -10.0894871522        1.3779401140        5.5845258344
        -5.8720641825        4.8571348159        5.2741595966
        -8.1858072685       -0.6435218619        8.1829226572
        -8.8306165159       -0.8103901298        2.7390065287
