        -5.9821028412        1.2594403796       10.4318956389
       -8.8144646952       -0.7071124333        2.5519365928
       -8.2899607418       -0.4873907888        8.0007634892
       -5.8683044737        4.9905980347        5.0361943099
      -10.1070616732        1.5326875009        5.3362637795
       -9.5911922017        5.2720028003        5.1391735495
        5.2919224295        0.8840740396       -8.4656689471
        6.6453224167       -5.0148173814       -5.5790503803
        2.0528827375       -0.6114287590       -7.3061676534
        1.8823534218        2.4820364575       -9.4235741978
       -2.5960438410       -3.2711228676       -8.0605682311
       -0.7126618815       -0.3839723831       -9.8252083100
        7.2269731996       -1.1943049656       -5.8321260409
        3.5697058099       -6.4833640551        6.1017553305
        4.8054310540       -2.9673302996       -8.2786367765
        4.2722103582        4.3163949542       -6.9897232792
        0.8199855227        5.8420225688       -7.8563750694
       -1.8009398047        3.0337630414       -8.3652636770
        1.0956826392       -3.7527460513       -9.1216466822
       -5.4211132818        3.5179433199       -7.0876860842
       -0.7471023351       -6.5804997001       -7.2556785916
        2.9848789840       -5.8838306268       -6.4956787979
        6.1483995320       -5.8101909406        3.2966662645
        9.5492751145        2.7027283114        0.0314830749
        7.6142220908        2.6572957224       -5.9512421656
        3.4691637142        1.4106230693       -1.2958132548
        3.1611981238        7.6298749325       -5.3216622699
        6.5465738138        6.0435550505       -4.3736354283
       -2.5637144234        5.3639104000       -1.4153123390
       -2.8457656447        6.3623047278       -6.6820977251
       -7.9224114022        0.6413666672       -7.4155422342
       -7.9498221611        2.7738343487       -4.2460949912
       -6.2076147650       -2.7205487025       -6.7867263980
       -1.5893742135       -6.2004542236       -3.6175764399
       -1.4098883305       -9.4040534246       -1.6759216997
        1.1077772687       -8.6450330828       -4.5342916188
        8.5809226146       -4.9710199141        0.4038405036
        4.7911862276       -7.8654151058       -3.6998824027
        0.3368558581       -0.0555174710       -0.2720966985
        6.6438711068        2.8941971717       -2.3353556029
        7.7390541527        6.0701360902       -0.6742418729
        3.3385024977        4.5230995204       -3.3123488168
       -2.7738513292        8.4763832217       -3.4165855078
       -0.2441212800        9.1220816984       -6.2083178442
       -4.3505168460        0.1310437211       -8.6628110658
       -8.4992871197        1.0300278898       -0.8642571093
       -5.1440066611        0.4074689084       -5.0019003820
       -3.4156710271       -2.9347202545       -4.3631384760
       -6.7255921612       -4.5227322795       -3.3917785456
       -2.5709518450       -9.3232936554       -5.3169178557
        2.3160580218       -8.7373460887       -0.8532636841
        3.2560824450       -5.4736302827        0.8534172932
        6.2428065589       -0.8936445152       -2.1749563923
        8.6405649666       -0.7602084653        6.8233645565
        1.4893106547        6.4757024559        6.6909625111
        5.5423531274        7.6864044376        2.0484237424
       -1.5993084995        8.6355695713        0.2679048474
        0.9448768316        9.2577894938       -2.5785211630
       -5.0090807577        4.5551498911        1.4130459977
       -5.2779008614        7.7276540125       -0.5762740864
       -7.8785300852        4.8834940996       -1.0097909227
       -8.8542747626       -2.8527585326       -0.6364158683
       -5.9644947786       -3.0170664529        1.7785997320
       -3.5260532083       -4.5008836280        6.4310893865
       -0.2223096932       -9.3798516668        1.9955016724
        3.4878687623       -8.5897536760        2.8374443020
        8.4101851782       -6.9986340539       -2.8309395565
        5.0708939543       -0.2483760817        8.0891524991
        2.5306628549       -3.1551174160        7.7997497526
        5.1386909230        5.9453649530        5.4985583370
        3.2996262077        9.2123124923        4.7347886347
       -1.3783862355        5.4062995792        2.2583357181
       -4.0740113566        7.7898026205        3.1092075753
       -7.7196355769        6.9006706977        2.2618030359
      -10.5359987382       -2.2190984033        5.5017698943
       -5.5542388552        0.7758342895        1.5609905567
       -9.1614399433       -4.5260766776        2.8139631104
       -3.6865466399       -7.9040798371        1.0677755096
       -2.4425861016       -7.7788867673        4.7395427991
        0.9688883163       -9.2495186565        5.6292081817
        3.3359439233       -3.3793621346        4.0955829094
        8.6584404374       -2.8780008889        3.6419931975
        5.8435105533       -0.5233899250        4.4308563279
       -4.0304312508        2.9471371960        7.7312642676
        7.4357229697        4.3902216576        2.8014579551
       -2.2226970407        5.8246867103        5.9314026436
       -3.1800367401        2.5895703358        4.1315231558
       -7.8143905212        3.2840096539        7.8183228211
       -6.8609326993       -2.8784158588        5.4160334756
        2.9952475894       -2.3435488121       -1.1136989797
       -0.0828565224       -5.9763646873        7.2946101963
        6.9294836512        2.6003181741        6.1991596079
        1.3022693006        2.9971659052        1.3835738723
        3.3274523752        3.1559097931        7.4932134927
       -4.5418634472       -1.1070181570        7.9268791034
       -5.8402000336       -6.2056144828        3.7860423245
       -1.1371174160       -2.6132471134        8.8781392054
       -2.2145199983        0.7799840625       10.3351856239
        2.9241924231       -0.8944104935      -10.8801045638
        3.9163360513       -2.6702167963       -4.6940613155
        4.3998403819        1.1580149486       -4.8800454763
        1.0115865423        2.7462502180       -5.8316209663
       -1.5712279094       -0.1020534615       -6.2293990707
        0.2297620091       -3.4510297324       -5.5315911708
        8.9862196720       -3.2271841119       -3.0443600770
        9.1844205573       -1.1492792327        0.2172281196
        9.8483543021        4.3928150103       -3.3830914263
        4.3991240756        7.7687576629       -1.6527336300
       -0.0466143926        6.0292006577       -4.2088249625
       -2.6342656807        3.2623118167       -4.6624808813
       -5.6359273681       -1.3326628691       -1.6385737927
       -2.3916201438        0.1753807622       -2.6159497715
       -4.4127416128       -6.0626095949       -6.0822282631
        2.0733477278       -5.5031368176       -2.8267056599
        5.9839787004       -7.8352704563       -0.0000418618
        6.1424554247       -3.6355048352        6.5021403960
        9.4684907934        0.5934062346       -3.2296600794
        2.1338962575        9.2885037831        1.0917047160
        1.1338173588        6.1407131340       -0.5831451249
       -3.8296304592       -4.6710644559       -0.9306623569
       -7.0348604139       -6.1979414028        0.0964011590
       -4.8284290646       -7.8095332097       -2.6299288650
       -0.3029009337       -2.8649537612        5.2846588337
        5.8399504082       -2.6263374940        1.2518181432
        9.1444885822        0.9738169036        3.4549348319
        4.1183129269        2.8197832377        3.7943388002
        2.2940802944        6.0889270879        3.0513819675
       -0.3807520443        8.5553590148        3.9487495879
       -5.1494044407        2.5254779489       -1.8245558453
       -6.4190628369        1.0607004544        5.1804630261
       -0.6192453959       -3.1086587368       -1.9343927500
       -0.4306085311       -6.2563213868        0.0170367990
       -2.6481729369       -4.6565073211        2.7452981074
        0.5352440348       -3.0814339342        1.6787659966
       -1.3610235072        0.4992470194        6.7627184927
        2.2699323138       -0.0120901929        5.6737439155
       -0.4991858792        0.2189087045        3.2221959482
       -0.3468299754        3.6455498234        8.5747242638
        1.4304314153        0.2679463862        9.2621627101
       -8.3330622648        3.1075768203        2.3675899903
        1.1878150651       -0.3314628535       -3.7660400061
        5.6900873301       -4.6595973054       -1.9687044629
        4.5212120149        4.5509670283        0.3671097591
        0.1471738821        2.9667059561       -2.2280483230
       -5.4356336419        5.7050865612       -3.8852721627
        0.7493757019       -6.1488552158        3.6446973692
        6.3230488017        1.2023505504        1.0660111372
        3.0731736111       -0.2884986547        2.0635651081
       -2.3146734798        2.2374563468        0.5592606664
       -8.4392742409       -1.1079366599       -4.0589903100
       -2.7905839359       -1.5314526023        0.7413753227
       -3.6726736458       -1.3158845668        4.3200120748
        0.4803445286        3.3395200795        4.9837756899
