         7.7896750995        7.3170006993        4.2797511624
        7.1200724142        3.9582028220        2.8134245089
       10.1183896556        2.2295736089        1.6310389287
       -0.8289056691        1.8675375198       -9.4256590477
       -9.3858258821        2.8522801881        0.4729314761
        1.5991120897       -5.7201544090        7.5988982923
       -6.4075704517        1.0275013318       -0.7519033502
        1.0934734205        4.5549182618       -3.7229776102
       -5.9106913781       -0.5253302458        2.7325741453
       -4.3524584405        1.7493924998       -7.7865364502
       -3.8849229265        7.7996637104        0.5220106641
       -9.6417336978       -1.6978517365       -5.7242354180
        0.7343484728       -3.1360396469        1.8757918733
        5.1852803625       -0.1973172488       -2.9214322359
       -5.5246523852       -4.3132311400        3.0694838991
       -6.3561386563       -0.2113243264        6.4896878787
        6.9576158497       -4.6145813202        2.6015085341
       -0.0559210130       -0.6656677465       -3.6670032215
       -0.6414820104       -4.0151784562       -5.1481398087
       -9.0901520517        5.0925235194        3.5662600001
        0.2909541216       -0.9853305701       -7.2830328218
       -0.3112861561       -4.3591717945       -8.8191623269
        2.9040829367       -2.4992305017       -4.9740510582
       -1.0195241917        0.3031092102        7.1099191645
        8.6526169829       -3.6249015197       -0.6896506924
        0.6323269278       -1.3064846998      -10.9352014502
       -2.1582870107      -10.2928298953       -4.2795621591
        3.1631748678       -8.5102343492       -0.7299394791
       -0.2508990325        9.1615975256        0.6140395715
       -4.7042959200       -7.4977192102       -4.8184236561
        1.5998628983        8.8068989102       -2.8080567890
       -1.4614510943        2.4825178262       -2.0559069021
       -8.7482452336       -4.8349923690        1.2203227902
       -2.1407515161        8.7451777202       -2.7559765626
        5.4951616408        0.9493372139        7.2779861514
       -3.2970468809       -2.0222801479        5.1496526327
        2.5857397059        1.3495738195       -5.3174719844
       -2.4844451509       -8.7008112370        2.1615922415
        3.2595768617       -2.8304246976       -8.6411245485
        7.8411125981        1.7885304783       -4.3837315672
        0.3630076768        2.9899173330        1.2813301137
       -6.8074434180       -6.2526004682       -1.8155664710
        3.4579653122        9.6365745466        0.4929861580
        7.4294466681        5.6545098163       -4.3505535898
       -4.0190470445        2.1256497632        8.4648130227
       -8.8857728612        1.2896496629        3.9793808804
        4.6591580971        6.7497228724        2.3434988401
       -7.2146512479       -4.6161743976       -5.3034283884
        2.9670698722        1.0438926375       -8.9766437067
       -3.8151132003       -4.5435251640       -7.1658488564
        2.6931509879        0.0765591134        1.7718881894
        0.1093762491       -2.5856798847        9.2400394518
       -3.4068563911       -0.7775197700       -1.9446057121
        2.7913286536        6.0907334950       -0.8583631334
       -5.5769407309        6.6493072591        3.7588003161
       -9.2461495124       -3.2796091959       -2.2698524215
        2.5052532759       -2.1296401275       -1.3061800509
        3.7074331240        6.5357124803       -5.2556653970
        3.8847077874       -2.7093639641        3.7886764272
       -0.7148826117       -8.0893669837        5.5581759056
       -0.4336921528       -9.9178582744       -0.8827066392
        1.3084991687       -9.4199609671        2.5359755857
       -9.1880457943       -0.9993560822        0.8652694962
       -6.1425196293        3.2594681968        2.3287420872
        3.5348066091        3.7689988847        4.3505534321
       -0.9525684179       -3.6034700929       -1.4703244580
       -8.5699761624       -2.5452035186        4.3523198466
       -8.1571791543       -6.3358709043        4.6828080106
       -2.5925792287        4.7971577414        2.5080363182
       -4.4351033446        4.3475846608       -0.8918532544
       -4.2014038689       -9.0680262167       -1.2945689930
        5.3868812420        8.3289091254       -2.4737324184
        6.6372104089        5.4673669899       -0.5738891720
       -3.2158208427        1.4689263027        1.1132287389
       -3.0638171345        5.2346672261        6.2780772074
       -6.2137521280       -7.7421213234        1.7110726234
        3.0336751663       -8.8111703827        5.9033587157
       -9.5677246327        0.5727133133       -2.6440524352
       -6.5865587763        3.6432002407        6.0398230926
       -2.8351451765       -1.4630011799       -9.3090191415
        0.5689422404        6.5995218403        6.3644349990
        8.7930724102       -1.1823500827        2.2815831553
       -0.0574289988        3.3209450391        4.9724292935
        1.3847517563       -8.8869865702       -4.1579319226
       -2.2023710437       -4.9684378713        7.2864665861
        9.6317311169        3.7509676802       -1.7827777753
       -1.2474022374       -7.3765118092       -6.5854985153
        5.4301738333       -3.9735516618       -2.5452105510
       -5.7866165007        4.9079373620       -6.0626362478
        2.1959533864        1.6293492972       -1.7096775030
       -0.0491941940        7.3781887730       -5.8522428566
        4.7805039578        3.6200411638       -3.0507134521
        5.2655720091        3.3855921648       -6.7615763777
        0.4486569403       -2.8479871781        5.5589213675
        3.6503583248       -2.4414599214        7.5618893470
        1.9723133318       -5.5163815087       -2.7394201917
        0.1660913447       -6.5379556228        0.5124729886
       -2.3267662060        5.0250860053       -7.8367313197
       -4.4721673389       -7.2591542109        5.1492545938
        4.9193892196       -7.3903657971       -3.9949747874
       -0.3425496904       -0.2975723800       -0.0837726558
        1.5040268708        4.2646317097       -7.4844525751
       -1.9369690798        8.1011485848        3.8864059977
       -1.3623654568        0.6016697059       10.7743745125
       -4.6034438075        2.0585450402       -4.0069719127
        2.0917977058        0.6894230243        9.1552662247
       -3.1553543540       -1.1307089091       -5.6355031150
        5.7130868126        0.7073642150        3.4821206766
       -2.9191995998       -2.3011979046        1.4744129903
        8.3855426909       -5.8224048260       -3.7910058931
       -4.0771950458       -4.1344161617       -3.3952549070
       -0.5124324837        3.6573317802        8.6620738262
        1.8824453825       -5.9597567364        3.8779636157
        5.0774588260       -5.5510724856        5.8205733920
       -5.9361631159       -4.0530946629        6.7830437296
        2.4037173636        0.4615390131        5.4590248873
        8.7891365520        1.4054515911        5.1837184927
       -7.4006220800        6.1855932558        0.3355512271
       -6.5083959159       -1.2395596788       -3.8279077011
        6.6544785398        4.3680815944        6.4158383512
        3.1216131509        4.0509250705        7.8644196238
        2.3404141190       -5.9414409507       -6.4951072968
       -0.6723180865        0.0177444742        3.4741851779
       -5.6445865963        7.2036013639       -2.9287414190
        5.3695223484       10.1664254401        3.7645861266
       -6.2850393480       -1.5944523990       -7.5607207256
        1.0872422849        6.1789509056        2.5989178929
       -1.5495120496       -6.9357917718       -2.8703972401
       -1.8494092904       -5.2123831345        3.5221784938
        5.6764237783       -1.7291683511        0.5140979268
       -0.8732387385        5.8679025218       -0.7435255662
        6.8464256503        1.6651532264       -0.2341537812
        6.6617984347       -6.9068289953       -0.5502005285
       -1.1643652011        2.1919210001       -5.7492679212
        4.8781801822       -7.8865630574        2.7047803978
        4.2318103764        7.2176967368        5.9210715713
       -3.6621055604       -1.7281528176        8.8272338944
        5.8473296414       -4.3641075852       -6.2566977230
        8.1462365756       -2.0452722376       -4.2336346532
        3.7112171678       -5.0187930271        0.6807820531
       -2.6182764512        5.2969091772       -4.0955441866
       -7.6852196779        3.9401571979       -2.8252195122
        9.7996208327        6.0331678883        1.2915129008
        5.6340871981       -0.4830564305       -6.6686724372
       -6.0935713569       -2.8075779636       -0.3821639646
        1.7095387318        9.4216356064        3.9546125387
       -7.7484723222        1.6085016395       -5.9206825127
       -3.6244334498        1.8161792284        4.7882404651
        3.9524542689        3.2939012718        0.9042818933
       -3.5775137952       -5.6948366842        0.1062813350
       -3.7763289312        8.1421263035       -6.1447092319
        7.0255061987       -2.1130616812        5.5754208243
        9.6885617822       -0.0888319518       -1.4217379202
        7.2917276720        8.8739847643        0.7853185144
