         6.0478177838        8.8588280265        5.4879048373
       10.6680112884        2.9471680166        4.7874845026
        7.3206227462        2.9408444619        3.0933168737
        9.0649321474       -0.3996282513        4.6843106858
        1.0862492733        5.6692050479       -6.4987868836
       -8.6148789160        4.4912184884        5.2842520105
        1.6453517985       -7.4049048036        5.9893945719
       -6.5064857119        1.3658948109       -0.0244958196
       -1.5136964324        3.8648092048       -8.7348016527
       -6.0091642693       -1.4374996910        6.7532558909
       -4.9072830938        3.5404640504       -6.8717867170
       -3.4695578647        7.5731972747        2.4821999421
       -9.8104916992        1.4850188703       -1.6992803447
        3.3194509048       -5.2742566453       -0.7695188543
        4.8506086909        0.1669554495       -3.3367177010
       -5.6724355120       -4.7169648378        2.4665273665
       -8.5114231949       -3.1468790266        4.3522779428
        6.6980230187       -5.4550154572        0.9292269493
       -3.6968138713       -0.2604836174       -1.8209128866
       -2.2878275935       -6.1315836885       -4.2053901865
       -7.0817320394        6.1916263609        2.2418475599
       -0.4126762462        0.5564556370       -7.3531142721
       -1.3228852380       -2.3626502457       -9.5346948902
        2.2730563619       -1.5381862492       -5.6520299995
       -0.6197840893       -1.3172346485        7.0191451147
        8.2361614654       -3.8388877113       -2.1928087218
       -0.3512107003        1.0379021607      -11.0053416121
       -3.1955415819       -9.0637754822       -6.2554443633
       -0.3188692391       -6.5680894068       -0.9703088810
       -1.8922326492        9.1378201283       -0.6466672855
       -4.9486743871       -8.4420153638       -2.9194397852
        1.8470976757        9.1624797976       -1.0053687246
       -1.5657412345        2.8451061784       -1.3982480388
       -2.9754784516       -8.9225476179        0.3817633782
        0.2503003057        8.7056933568        2.5509093889
        7.3319226387        2.4896716746        6.6973414678
       -3.1734857409       -3.0459701188        4.8029794348
        4.7938592795        4.4883402914       -6.3230902385
       -5.6017454507       -6.1119936441       -5.9630936579
        2.3367090004       -1.0693670149       -9.3219349453
        4.9785920056        0.6811929852       -7.0886346321
        0.4155330851        2.5146789227        1.8309848042
       -7.4096608727       -5.4691886907       -2.5996265964
        3.9522296244        9.1334832578        2.2470076137
        5.6490959176        8.4243870534       -1.0984991320
       -3.3855468945        0.3048800140        8.9771373270
       -5.8864541257        2.8436193578        3.4361712697
        5.0232539803        5.8781246925        3.4450462111
       -7.9615407680       -3.0877444984       -5.6030963007
        2.2366833802        2.7884746271       -8.7638185734
       -4.7032991592       -2.7531334617       -7.6762006605
        2.7196589371       -0.4701372103        1.4787803378
        2.6387679617       -1.4982392540        8.8403165835
       -0.4611519130        0.0899372162       -3.7376838425
        2.9546938030        6.0307124379        0.2205248535
       -5.0145286553        5.8188770788        5.5300738598
       -9.6899249178       -2.3653033157       -2.1958394701
        2.1757112362       -1.9590770572       -1.9721736101
        0.9907443549        5.1240787806       -2.7475427392
        4.9763013901       -6.9868729734        4.0056967636
       -2.0332804235       -5.8513428226        2.4090627814
       -1.2200059905       -9.5264432490       -3.0113159954
        2.4578630299       -8.3428660011       -2.8504068841
       -9.2794561225       -0.8407861997        1.3444182996
       -8.6185152627        0.6860929400        4.8467095476
        3.9500861794        2.4995591482        4.8851154103
       -1.3874169931       -3.2224508527       -2.1734700573
       -3.0644005651       -2.5216443398        1.1317573325
       -6.6613343818       -7.7261329340        0.4568395923
       -2.2800198921        4.1498581888        3.6612684656
       -4.3322721540        4.5358397858        0.3980751683
       -9.0426471577       -4.6737643310        0.8202263308
        4.6742694715        3.9529632899       -2.5702140269
        6.6900724333        5.1811674343        0.1575842970
       -3.1767363575        1.2236892131        1.6125988223
       -2.3983149411        3.7641560244        7.4541389957
       -8.3027027680       -6.9293643983        3.8124291739
        2.7685172547      -10.1007517522        3.5456177440
      -10.2317758928       -0.0453616247       -5.1812428670
       -6.0254149538        2.4254346197        7.1622825610
       -3.6962675926        0.6785247789       -9.1734739316
        0.3612738436        2.0423894747        5.5110865662
       10.0573133830        1.3481652415        1.3146499243
        1.3317258401        4.8869335207        7.5228040510
        0.4259479833       -7.8707849968       -6.1180610691
       -2.1117840892       -6.4328502544        6.1576595775
        9.4182693665        3.6349840477       -1.6754348349
       -1.3666271581       -2.8207635737       -5.8607474439
        4.8767486042       -3.6143557468       -3.8152218661
       -6.0172201662        6.2985522493       -4.3879537073
        2.0958758740        1.8143888658       -1.4738204856
       -0.1389255358        8.4048520214       -4.1027811120
        7.2482219882        6.1035185751       -3.8196616043
        7.4729560287        2.3210697310       -4.5863959418
        0.5371911252       -4.1115765006        4.7145730616
        7.0857774544       -3.6988148629        4.3795149040
        1.3200311346       -4.9237739818       -4.0543977207
        0.7812231272       -9.8761461209        0.2785775264
       -2.6950624388        6.6577557866       -6.3760933771
       -4.6568903464       -8.0898205997        3.7639033582
        4.0483590218       -6.6019473713       -5.9235453516
       -0.4708663087       -0.3419190819       -0.1672776166
        3.5764701387        7.3160514747       -4.0063919245
       -1.2851738698        7.0282571439        5.6611844361
        0.2311524665        1.5879539156        9.2071325410
       -4.8695025053        3.0127102785       -3.1093187029
        3.8765550624        2.0240430348        8.3929485070
       -3.7276287760        0.2049441071       -5.5012097780
        5.8735269853       -0.3625549488        3.0563404895
       -6.3893531627       -2.4605584461       -0.5166899607
        7.6110278224       -5.2733026366       -5.6700296204
       -4.6728199652       -3.1781045936       -3.9004207084
       -0.6848713466       -1.8058943224       10.6835140218
       -0.9413550450       -9.1558816066        3.6742282128
        3.8358315082       -3.7007015716        2.7298549598
       -5.8084988278       -5.2652639138        6.1718256078
        2.6817493567       -0.9347441867        5.1586334832
        8.7216029752       -2.1437572974        1.2490072584
       -9.2700756714        3.0076889997        1.8137012084
       -8.1635773372        3.1388602935       -4.8069824655
        3.8738012003       -4.2739887002        6.4963057084
        0.4740477831       -4.6413593468        8.3864705612
       -2.2764627094       -5.7523641878       -7.9384095655
       -0.5444040781       -0.8229826511        3.3882532169
       -5.4974876187        7.8288349255       -0.8514504609
        8.3525525270        5.8924722716        5.1894868476
       -7.0113542747        0.3153660308       -7.2165679238
        1.4762865338        5.2878230655        3.7313209908
        1.3897650178       -4.5297009854       -7.8321421822
        1.6533951642       -6.8235871291        2.2848411954
        5.4879253931       -2.1068198996       -0.3708208550
       -0.6951572244        5.8288078973        0.5748260829
        6.6007240996        1.3918055594       -0.3504260371
        6.0540512177       -6.9739960258       -2.6132423178
       -1.5605176693        3.3776115620       -5.0660192310
        4.4384051638       -8.5724811119        0.4834811692
        4.9933505366        5.4865658262        7.0562447203
       -3.2565337901       -3.5488877830        8.4764702620
        4.9969128785       -3.1986963285       -7.5473751316
        9.2084218481       -0.2077428119       -2.1330886255
        0.5587323774       -3.5752338870        1.0406793031
       -2.6955622904        6.0944202645       -2.6597155626
       -6.9508591206       -0.1543749687       -3.4938282892
       10.0656300508        5.1751160160        1.8095445652
        2.1600900606        2.2949512955       -5.0880574778
       -5.8585405133       -0.9439791053        2.9931855887
        2.4163412876        8.1217607096        5.7061412202
       -7.7364488098        4.7227295027       -1.2945712704
       -3.2826019382        0.7834429483        5.2987674723
        3.9535546935        2.8852015080        1.3990799976
       -4.0237767834       -5.4928005967       -0.8771550018
       -3.8216833058        9.3784352030       -3.9270495075
        5.8926086045       -0.9592753850        6.8236248333
        7.5752560834       -1.4816148857       -5.2712165458
        7.6967215750        8.1963013290        2.1677763137
        9.3947530276        7.4587450813       -1.1115547496
