         1.4713356410      -11.5714192714        2.0295332267
        -0.4907069771        5.0281647734        4.3956777101
         1.2539317698       -2.6603240820        8.9683245807
         7.0217495022       -8.6836415787        0.0872069852
         6.9732718637       -0.7842440534        5.9840201051
        -2.8330577822        3.0373750331       -5.2541937314
         3.8585602124        8.1420194712        3.9614205088
        -5.2505451924        0.2542633501       -4.0929257906
        -8.0565412676        1.9648489837       -5.8091682286
        -2.5896253586       -5.9285444518       -6.8724092380
        -3.8351921314       -0.4217546949        1.0187362236
         3.9322413389        8.5559881910       -2.7196895192
        -4.9515186417       -1.9565746283        8.1919388743
        -4.9647755403       -7.0012586928       -3.9515163963
         5.7789769999       -5.9700415635       -2.2248454053
         6.7401960000        5.5435576581        3.8057359247
         1.7687843756       -4.6618947931        2.7142450986
         1.2568722056       -1.8647563093       -2.0176981743
         3.4953286760       -7.1838498756        0.6339566917
         0.8882409890        2.8997220079      -10.5953509082
         3.7390614921        0.1305099901        7.8937389866
         3.9183068882       -3.5028382588       -0.2283600975
         0.8928893363        1.8021061334        5.9941697615
        -7.0965907967        7.2009086449        2.2542812113
         6.1795421271        2.3452947253       -1.9840273396
         3.0974886973       -4.3127373992       -4.0343225406
        -8.7971493522        5.6317925966       -5.0467220101
         2.4631463558        9.6498471879        0.7101885690
        -2.0565590971       -4.5277104522        8.0339228629
        -9.2855658105       -3.4016982173       -0.3461535291
        -4.7339088065        8.3806821841       -0.5807788954
         9.0987194073        0.7073730542       -0.2800099306
         1.8019271572       -1.1264597684       -5.6042731008
         7.7413496094       -4.4748350475        5.2673361266
        -9.2257949146        1.0880893270        4.0481654979
         1.4291810575        7.0785055055        6.8133405661
         3.8126035333      -10.5636780743       -0.7590264939
        -5.5667236689        7.5228636379       -4.2548392514
         5.1987097526        6.5634607214        7.1656791526
       -10.1215571500        0.3261093987        0.3567634057
        -3.5066362738       -8.5422676465       -0.7019396257
         6.1281002742        2.9126791268        6.6052264113
         6.7934080466        5.9581958590       -2.8781554079
         9.3861570357       -5.9595644941       -1.0485105104
         7.8958071609       -7.9252365721        3.6763166116
        -7.2345982381       -1.7301293081       -6.5108626233
        -1.9621281357       -9.9823077031        2.5355276185
        -1.8870380578        6.5364119278        1.1320551528
        -4.2469806218        5.4091671463        3.9093138613
         0.0455805589        8.6997574790        3.5894455944
         1.2547056643       -5.5173660328        6.3805776323
         9.5744111796        3.3291372824       -3.0106100364
        -1.5172451459       -3.7637146252        4.4294944211
         6.7529718742        3.2064459842       -5.5985601405
        -6.6908165964        1.2810690948       -0.6611815566
        -1.3735204369       10.1065872842        0.2816794385
        10.0914638494       -3.3373066106       -3.7388896097
        10.2499334991       -5.1892347644        2.5215865175
         0.4069157394        2.0966995527       -7.0255754421
         0.2796369364       -9.0757971551       -0.4537255685
        -5.6191318700        4.7653329592       -6.9798843974
         2.8177172233        1.4028158921       -0.9737130573
         4.9993468588       -6.8053626364       -6.0321881765
         0.8076220521       -5.4792398717       -1.2472216365
         2.1810374595       -1.0794212903        1.7909865125
        -7.7222019275        4.5162939982        4.9946379453
         4.5213059614       -6.4018044754        4.5449617275
         8.1853641048       -0.0696541543       -4.0462004942
        -6.3478131737       -5.3872712444       -7.1414706293
         6.6842636879       -5.2004631549        1.5045466644
         7.7180382371        1.8648793606        3.2197565671
         6.1518792119       -9.4077709749       -3.5101153530
        -2.3325216735        6.6778227706       -6.2084443704
         4.9363022609       -2.7500585183        3.5418857531
        -3.4345407573        1.5015248261        9.1479626441
        10.9627011717       -2.5961222261       -0.1467471036
        -7.8312254393       -2.1643377841        5.6501854312
        -7.8528007820       -4.4241972991       -3.7667904387
         4.5337951529       -3.5739583271        7.1705813521
        -4.8131883733        4.7230329957        7.5530630918
        -2.3703760311        3.8490837286       -8.8407264213
         4.7029250641       -0.9917536182       -3.0802590775
         8.2057993247        4.4409307051        0.3901128330
        -0.0067071520        3.9869088976       -0.8207253368
        -2.3751227548        7.5228652087        6.3833549366
         3.2690358629        4.5282828891        4.7669212357
       -10.6214694777       -2.3342590166        3.0600353683
        -4.3645925492       -3.9598858804        1.8766066339
         3.6622321860       -3.5979365239       -7.6598961226
         5.6469711288       -0.1886586213        0.8122699593
         6.6040233631       -3.4296865930       -5.1649713794
        -6.0073888654        3.9114895972       -3.3444502154
        -2.3694576760        2.9507031439        1.9519732254
         3.9467020964        5.8898804783       -5.5099903502
        -6.1440827687        7.8878666222        5.8831476852
        -0.5180787878        0.5205086196        0.0186433805
        -2.4418536564       -1.4286152952       -2.3411107586
         0.3916509697        1.0617207307        9.5919455507
         4.6997551381       -9.8104562813        2.8958200713
        -4.3777855522       -3.3978879467       -4.7363130023
         1.0347353011       11.0573148802       -2.5327298186
         4.1813332455        0.8951013811        4.2012139614
        -2.9643936604       -4.9951183370       -1.5348206260
        -2.7782580337        5.7774009547       -2.5411104447
        -1.4163622731       -6.4677534160        1.6777920151
         1.2746726437       -8.2301224745        3.6459362603
        -1.0036959482        4.3393896529        8.0948851116
        -6.4071306415        1.2935137691        6.6850370589
        -8.7190358228        3.8045544314        1.3313404783
        -2.0326788215       -1.7177816627       10.6417334829
         7.4447924778       -2.6641798565       -1.2569555876
        -3.2446837751        2.2057238833       -1.6538245819
        -2.0460304466       -7.2994541832        5.3170695012
        -7.9859200221        6.4442191854       -1.4097418766
         2.8191094469        3.8383762871        8.4247557629
         2.2974203514       -0.3427856866       -9.1791064754
        -1.0195616450       -0.2184246648        3.5217047923
        -6.4682682231       -6.0582024111       -0.5205659686
        -7.8059082321       -4.9356288017        2.9130105234
        -0.1506043988       -3.1756077539       -8.1350761535
         8.4854951603       -1.8301277288        2.5885978248
        -0.9347056778       -2.9585175152        0.8371954340
        -3.7806351692        9.0427058108        3.1048474999
        -5.8002056894        2.0387179275        3.0089334011
         5.3049871971       -0.1860995295       -6.7259267482
        -2.0075764538       -0.6633819171       -5.9579030402
         1.2145085677       -6.3956856452       -6.5093001847
         4.7837549110        3.4927824000        1.4025090850
        -1.1892517196       -7.5953668199       -3.6917977976
        -8.7842785486       -0.7288875530       -3.1132043452
         1.3569942422        2.5215228411        2.3802194365
         3.3897461704        4.9811024087       -1.8507188966
        -2.2695232969        9.3434410040       -3.4117876653
        -4.8976769569       -7.4933229021        2.7342871413
        -4.9969229701       -4.8065357016        5.5449114672
         3.8385499968        3.0777441192       -8.1520482073
        -1.5142451322       -0.9621403475        7.0663480327
         2.6169857532       -8.0203810954       -3.3026939316
        -0.6404176787       -3.9238701914       -4.4484899051
        -4.8586519084        1.0623594356       -7.7869535748
         0.4727176416        4.8596988509       -4.4011565695
        -2.9090542053        2.2462837191        5.5573261705
         8.5144069443       -6.6647210416       -4.6299599624
        -5.8645580205       -2.4224980691       -1.3626539188
        -7.2128925330       -1.3621105842        2.0324013345
        -5.1835407902        4.7100769034        0.2858025876
         0.9596877070        5.6787969436       -7.9828888754
        -3.9730889789       -2.6492527252       -8.3945128035
         5.4168577018        7.1387510632        0.5489016192
         1.9197361117        6.0888785954        1.5615045855
        -0.0667419372        1.3128467299       -3.4841172583
         0.5032846499        7.5066892982       -1.6710345100
         1.0093387980        8.4145181219       -5.2805930232
         1.7447532177       -1.8957596921        5.3813521608
         3.3366797364        2.2635010681       -4.5613066800
        -4.4172301530       -1.1910877403        4.6050636453
        -1.5438448662        0.1298641802       -9.5523356512
        -9.5078334054        2.9973413230       -2.3628297674
