         1.3536573027       -8.9802111014        7.5895298633
        0.3364396576        0.2467136708       -0.6618092733
       -2.2445762761       -1.7933727880        0.8067958173
        1.3976323653       -2.7095529011        1.0898105588
        0.4401345259        0.1834345160       -4.2763136046
        0.3409279542        0.3974122015        2.9378664029
       -2.4085295314        1.9682541874        0.8987226759
        3.5402538655        0.4676354728        1.0051103952
        3.0796400732       -1.5306001727       -2.1628594679
       -0.4349369802       -2.9006779447       -2.2713928736
        1.1399301602        3.4176550623        0.8846024368
        2.8837861897        2.2540229922       -2.2621630920
       -0.7820447839        3.2154453041       -2.3567350694
       -2.8352609104        0.0493416241       -2.3919008976
        0.2979762174        0.5122865549        6.6055035554
       -1.2071874211       -4.8741724189        2.5924511301
       -2.4475825778        2.1941004012        4.5968383851
        1.1305163492        3.6120100900        4.6108196991
       -2.2409448418       -1.6433028100        4.4081574960
        3.5795500573        0.6021256910        4.7337732153
        6.7720145705        0.6950238441        2.7020874833
        2.5010099934       -5.7083684655        2.8339912718
        1.4628034271       -2.6117990539        4.7931589253
       -2.3104017100       -1.5500906261        8.0734491949
       -5.1175733167       -0.0682728963        2.3961306419
       -5.1862078496        3.7392913737        2.4480552792
       -1.6448746201        5.2609370592        2.4662062501
        1.9542496683        6.6161000897        2.4602120609
        5.8662230274       -3.3267962261       -3.6971317358
        4.4193491996        3.7027960164        2.6176789733
        6.3942988365       -1.3446495696       -0.4954847462
        0.6690462647       -5.9765197387       -0.5466566940
       -3.0874209120       -5.0470237594       -0.7613973459
       -5.5364545848       -2.0371393697       -0.8843507719
       -5.6873803082        1.8355856127       -0.8657803525
       -3.5903256298        5.0433532602       -0.8287385296
        0.0098485227        6.5018971950       -0.8160154303
        3.7524348256        5.5174261135       -0.7143528203
        6.1912851216        2.5200572215       -0.5919105848
        4.2332500928       -4.5718916068       -0.4359567278
        3.2474713018       -1.6288962886       -5.8824286574
       -1.2269209642       -6.0827440846       -3.8909388443
       -6.0446857758       -0.1616678045       -4.1328141287
       -4.0334070095        3.0759103848       -4.1486200819
       -3.6849937119       -3.1642871694       -4.0622280820
       -1.9088148172        6.2287951041       -4.0874766802
        1.7918339034        5.3242589556       -4.0303769229
        5.4623296410        4.2857607188       -3.8859005536
        5.7346155458        0.4785449224       -3.8324299622
        7.6409925774       -4.4449348881        1.2752830760
        2.3510432732       -4.7706363884       -3.8280894556
        3.0371357770        2.2271558467       -5.9743427024
       -0.6953103189        3.2168177632       -6.0803756150
        5.6415766750        4.2785370286       -7.6330456491
       -2.7870886918       -0.0237327986       -6.1044763257
        0.5478110970        0.1215233660       -7.9366332744
        0.1977303880        0.5825237248       10.3216344861
        0.1635082180       -5.9506893122        9.5111620967
       -5.8964675368       -1.9823499129        9.1917380765
       -2.5196159479        2.3836122442        8.3255554677
        1.0962054692        3.7377409433        8.3252738882
        3.5471106421        0.7255565599        8.4483213264
        4.8129640349       -2.4525764085        6.5953784873
        1.4844796862       -2.5374571074        8.5265806772
       -1.1399614133       -4.7683181434        6.2849790103
        2.6482659641       -5.6389017506        6.5977109434
       -5.1478514231        0.1574146040        6.0837633665
       -5.2385855075        4.0541093890        6.2017524385
       -1.6799735249        5.5273020134        6.2694012519
        5.2595821700        6.9459836711        4.2099138414
        4.4534591042        3.8860118180        6.4233628361
        6.8436798980        0.8250233024        6.4629984288
        5.8804972244       -5.5791736020        4.5308808772
        8.0152767738       -2.3394971421        4.4899050738
        3.6498712673       -8.7327534152        4.5492752250
       -0.1117216708       -7.9775324414        4.3228244022
       -3.8233456450       -7.0349566772        4.1516696136
       -7.4764376674       -5.9200578877        3.9962938901
       -7.8274411506       -2.1138871849        3.9506444291
       -1.0770543121       -2.8544783878       11.3098346372
       -7.9784573425        5.5585667962        3.9654763481
       -4.4377747100        7.1020752378        4.0128532128
       -0.8315418399        8.5333223224        4.0457515100
        2.7678509768        9.8538844709        4.0368753578
        1.9457624592        6.8446077224        6.2170990037
        7.6994992516        3.9473036677        4.3324096138
       10.0420652333        0.9138098343        4.4020765283
        4.7115519659       -2.5511682690        2.7853299830
        5.3802541606       -7.6076590944        1.2932818990
        1.8029831757       -9.0341888298        1.1700390253
        0.8167897348        9.7594668321        0.7584949262
       -5.7342711082       -7.1388714082        0.7982541768
       -8.1851762182       -4.1266869918        0.6752067719
       -8.4966664784       -0.2487119446        0.6508241727
       -8.5152887777        3.6470600059        0.6520113457
       -6.3946452662        6.8637980532        0.7021243682
       -2.8388871502        8.4349313691        0.7491418424
       -3.4638062278        0.0788609473       11.1900079529
        4.5815303429        8.7678347013        0.8589717567
        7.1232474626        5.8372098197        1.0105740546
        9.4769801858        2.7512828904        1.1047473253
        9.6824284939       -1.1364828010        1.2035933910
        7.0722002919       -6.4146772293       -1.9858680861
        3.5316209261       -7.9269441083       -2.1118170353
       -3.8930401548       -8.2725618742       -2.3866138213
       -0.1051243776       -9.2201870167       -2.2032378018
       -6.4257427798       -5.3323030406       -2.5436883346
       -8.7909575047       -2.2529774050       -2.6325131458
       -8.9519429528        1.6526324732       -2.6473912988
       -4.7513515354        8.1165741651       -2.5794682275
       -6.9482587667        4.9529221654       -2.6379582179
       -2.0037290269       -8.2285904477        0.9768013244
       -1.1385281200        9.5664766700       -2.5461436036
        6.3579962152        7.5885965817       -2.3475531603
        8.8142921826        4.5697867516       -2.2242350410
        9.1363436448        0.7035426235       -2.1539308369
        9.2265555486       -3.1723042716       -2.0257656523
        5.1646897481       -6.6140602040       -5.3737096802
        1.5805449281       -8.0014821053       -5.4742866256
       -2.0085488302       -9.2970820294       -5.5304970739
       -4.4932668749       -6.3840384365       -5.7173310699
       -6.9331839484       -3.3853584455       -5.8398268090
       -6.0292260755       -0.2230172493       -7.8868164523
       -7.2850937977        2.8944675466       -5.9193850111
       -5.2003939394        6.1247207107       -5.8940875919
       -3.0615619838        9.2767981160       -5.8223259530
        0.6584878993        8.3857378833       -5.7825677245
        4.3896839507        7.3980881642       -5.6815262704
       -5.9376400259       -6.9730166160        7.3035554679
        8.3593662402        2.5193129692       -5.4822287710
        8.5677893474       -1.3348646729       -5.3854820473
        8.6815622593       -5.1556070965       -5.2327636088
       -0.3482384126       -3.0211016999       -5.9820341394
       -1.1337762877       -6.2395690498       -7.6410409881
       -3.6405585527       -3.2833261769       -7.8613634649
       -9.2827630669       -0.3570074100       -5.8956981507
       -3.9990401167        3.0636830389       -7.9516470217
       -1.8424434443        6.2666143881       -7.8439302869
        1.9222021345        5.3476112011       -7.8295514685
        8.0628514839        6.3347499072       -5.5250976441
        5.9358708477        0.4147763023       -7.6280456279
        6.0668580030       -3.4539881514       -7.4468445940
       -0.2400059696       -3.1022255377       -9.6871313275
       -2.6963019466       -0.0834157052       -9.8104493652
       -0.5953389134        3.1741101358       -9.7903713477
        3.1592620029        2.1751880602       -9.6790636353
        3.3743433842       -1.7046650708       -9.5910738342
        0.6575659096        0.0600016169      -11.6288151340
       -6.1671862109        1.8297908334        9.1933302586
       -8.3243918832       -4.0396772097        7.1837287677
       -4.8548629138       -3.8538879813        2.3583379093
       -4.8386989689       -3.6924022029        5.9895306443
       -2.3065176274       -8.0436255279        7.4752730908
        2.6392494360        8.6885297350       -2.4801167980
       -7.9985730296        1.7154788323        3.9268659538
       -3.5099245230       -4.9154325666        9.3115542803
       -8.6372119916       -0.2631453420        7.1574412413
        2.4980540595       -4.9213040806       -7.6254611161
       -8.8107137713        3.5118920880        7.0792287860
