        -2.2507670479        3.4863891524       -2.9458627146
        3.8859901215        1.3866626997       -2.9791299074
        3.4240478973        0.3299228438        0.6346539021
       -0.1411657042       -0.4238564975        0.7119038180
       -1.2371263195       -3.6020992351       -0.8572694235
       -2.4979332504        2.3561630076        0.6667570675
       -3.7246227659       -1.2902188873        0.9536936585
       -1.9000031478        0.3337134312        3.8906969335
        0.8881121412        2.6134948385       -1.1271047119
        2.1626513589       -3.3045838579        0.9217787420
        1.5506112385       -1.4521472936       -2.3579830874
       -2.1379653737       -0.1900796451       -2.3379873231
        1.7438547229       -0.9130536652        3.8709435998
       -1.1022672187       -3.2679003123        2.9263455246
        0.8947811555        2.5734967175        2.6275996131
        0.4418021923        1.3640967032       -4.5990356912
