         0.5825574116        0.3256159553        0.7646630471
        -5.4507141893       -7.2336543952        1.5395706962
        -9.4022333310       -0.5691401779       -6.6763811681
        -0.2776964401        2.4036282525       -9.9555620238
         1.4965522217        4.9385376047       -7.6442653840
        -5.0792301811       -8.3430844060       -5.1219805348
         3.6432367891        1.4227700121        2.3600942571
        -1.2997313371       -7.5503765167       -8.5941497437
         7.7590636152       -7.4705403009        3.6068472183
         0.0774060671        1.7259294872       -6.3273277992
         1.7635940415        4.2180227344       -4.0167918340
        -3.1017955261        0.6930686637       -7.7448318089
         1.2702174703       -1.0741786570        7.8592539933
        -4.1703902006        5.4399304587       -1.2104093546
         1.9285439021       -8.5131221876        0.6335793592
        -7.8304533082       -4.0174379717       -7.1984628139
        -6.5414066724        8.0623962342       -2.1341232444
         0.6707630979        2.4926359124        6.6256513845
         0.3606007053       -1.1662944697       -8.7732607955
         0.0703394557        6.0024434958        5.2451554755
        -8.0357865237        6.7838292992       -5.4198190087
         7.1660122200        1.8571733245        7.6418070273
         9.8253536709       -0.3151901566       -5.1514348380
        -7.2678121834        5.8038975868        0.9328511025
        -8.8030411118        3.1371909207       -6.0711383852
        -8.7538755542       -0.3316811952        3.3787956980
        -3.4558433772      -10.4377456339       -2.3632694458
         4.9390226046        7.6190516086        3.5317166489
         1.7581972466        6.3788946413        1.8546567077
        -2.7470144435        8.7605303077       -2.3323044381
        -0.8069506008       -2.8118223447        1.8900773977
         6.7380841271        2.5349002168        3.9794340563
        -4.8545417867        3.1782830611        1.8598464638
         5.1401727184        4.6181761005        1.2125361474
        -5.2985825339       -5.8108166416        5.1861718945
        -6.9388783878       -2.3995505668        6.0940404126
         6.7243677630       -0.0963001181       -3.1580490689
        -5.3205769907       -4.6175236983       -4.4555357705
        -2.5365568481       -2.8826395405       -6.6091243553
         3.3213070464       -5.1722506172       -0.5501432891
        -1.8706428719       -4.0446972688       -9.9825432184
         4.9285983324        4.0577987264       -6.1157520525
         3.4315867739        6.5959077605       -1.5628221618
        -3.8668471401       -2.6127968789        4.0106145664
         1.6159386328       -1.7874173631       11.4672415920
         6.5283100727        0.6090008318       -6.8417318988
         8.5314911464       -5.1410209245        0.6784437995
        -2.7303390350        3.4520532993        5.0905136475
         0.4097804968        5.3842902331        8.9329512504
        -0.6038021882        6.9898402144       -5.0780193358
         3.2108143366        7.4136687988       -5.2203602429
         9.2243679387       -2.7397314128       -2.2572557212
        -1.8890936686       -6.7458361240        6.7283566932
         1.2506370867       -5.3208445287       -3.7231928559
         3.6543760254        0.1260232413       -1.1712102455
        -2.2184624003       -5.9617987280        3.0486725101
        -1.9684556239       -8.9775805261        0.8265835747
         9.2501584775       -0.0629543382        4.9920111437
         8.5471692427       -3.7966875555        4.3179079310
         0.3517223022        1.0106382668       -2.7500493811
        -0.6506160468        9.1376598274        0.9034689521
        -3.5955051451       -3.3971496245        7.7150863310
        -0.1365924976       -4.2869759792        9.1503605295
        -5.6862310403       -0.5458928683        1.3517412861
        -2.4297799185        2.7711757718        8.8148766786
        -2.7832606733       -0.0144705968       -4.1676592003
        -5.2728564578        2.6582018571       -5.2564490003
        -2.1794670898       -3.4948365987       -2.9145596440
        -2.1176216839       -0.1560201856        6.4205932945
         9.3564793353       -1.4188956839        1.3731363203
         5.3513887085       -4.8410286436        2.6502498007
        -4.0593295220       -3.9553626164        0.4479680502
         9.8532499220        3.6613760909        5.6182681149
        -1.7873681824      -10.0313025428       -5.7444541145
         3.4346472315        4.3190862889        4.6614335149
         1.4960654435       -8.2019841112       -6.0488417934
         3.1991124660        9.5889408396        0.6895812121
        -5.4456265648        0.7956341517        4.8383146809
        -5.9247630622       -1.0757914042       -5.7148939828
         6.1030891913       -2.5072146332       -0.2648601492
        -3.6133545278       -9.1343828834        4.2780415094
         1.4985022358        9.2911982858        4.1286380496
         3.8318779144        3.6695187676        8.3840472906
         0.6507432015       -1.8325277030       -5.1084943106
        -7.9283089023        3.4363541020        3.9551856278
        -1.9005759148       -6.3537288618       -5.2024979246
        -2.5605174885       -0.7318416773       -0.6294910478
         6.5561703254        5.4622177925        6.3134824215
        -4.3893503570        6.3858993368       -4.8528820315
         0.1759772732       -8.6681713179        4.0718051313
        -0.1951609274        8.8968856429        7.5218296284
        -8.2215493838        2.0850183143        0.3901498933
        -6.0314466678        4.9293241327       -8.0283889521
         9.9364496885        1.0204224216       -1.5765003457
         3.7876169790       -2.0892627832       -7.2341792597
         3.1464805170        1.5272577886       -8.4534559718
        -2.4071366684        0.5735326309        2.8087048868
         6.5080506044       -5.4769012369       -2.6010613798
        -2.0171662745        3.6921425784       -3.8327178010
        -8.3214092073        0.7222096860       -3.2119892471
         6.1163421145       -1.1712013518        3.3473398809
         1.9949337213        3.4430345788       -0.3923215707
        -7.3019790929       -5.0931764728       -1.0833517923
        -0.1313090268       -8.6891045553       -2.5929646418
        -5.1854918055       -2.2251743109       -9.1997218214
         6.8141686262        1.2320270370        0.4122379026
         8.2547386366        3.0896263254       -4.4009210153
         0.9514516005       -4.7096485876       -7.4750933409
         3.6959427368       -3.7350733707        8.9285196672
         2.9575339597       -2.2383671292        1.7066465208
        -1.7885739642       -0.8695548079       10.0345605919
         0.9365774179       -2.4699065672       -1.4555774953
        -0.4828330605       -3.5615028990        5.5197449561
        -2.3128568219        4.4893647154       -7.4652599185
         6.5981034755        7.8178014388        0.0454363049
         5.1358942895        3.2917878679       -2.3976021759
        -2.3376532742        8.7042217241        4.3437112118
         4.0424520903        0.7341988357        5.9832340012
         1.0799891467        9.3300790295       -2.5480559851
        -3.9733457223        2.9699218842      -10.5372169862
        -6.6975172612        1.2166751121       -8.6134455081
        -5.7926805155        3.7040568951        7.1711698240
        -5.1775811288        0.0753909190        8.5028786188
         8.3709355168        4.4764844756       -0.7936192311
        -8.9038926431       -1.6674034771       -0.1955173453
         5.7285557117       -7.8180772857        0.3910345609
        -8.4975848096        1.0298616641        6.9032542855
         9.9480702817        2.3540534381        2.0353513409
         1.5888027276       -5.4640881607        2.8999687277
        -5.2109199405        6.1571375281        4.1928712715
         3.1876317439        7.2186544368        6.9534637985
         6.5966922336        6.4775480454       -3.5914677643
        -4.4594269279        8.4158023967        1.1034304965
         4.3392045351       -5.6428966664       -5.8058429975
         7.1264720452       -2.9950658970       -5.5110101366
         8.2689802113        5.7643435129        2.8471108843
         1.9491915291       -6.2927542070        6.5873604191
        -0.3712172044        6.1127937136       -1.3765332924
         0.9214692179       -0.3788799298        4.2831651984
         4.0236084638       -2.7529735824       -3.4993569939
         5.7557124889       -5.6397254759        6.2924047105
         1.0170154424        1.7996842288       10.2558782599
        -1.7795708533        2.8709739260       -0.2342944994
        -2.0732413290        5.7866384620        2.0472022752
         3.3410007544       -3.0025473032        5.3153781186
        -0.4551565825       -5.7492440366       -0.3292874434
        -7.1967655550       -3.8158800265        2.5246940638
        -3.0105771799        6.3425352276        7.3770306747
        -8.3632478053       -6.6369088070       -4.4475905108
        -7.5395147289        4.3990009411       -2.6251577155
        -5.7310667460       -1.8276611310       -2.1395513727
         3.6490974870       -8.0623969343       -2.8491328383
        -3.6558769732       -6.7969985031       -1.8573152837
        -5.0560446085        1.8103534394       -1.6779731806
         3.4297974503        0.8205081455       -4.8206851294
         6.5474081784       -1.9214226141        7.0454601433
        -6.7687609611       -8.7482541735       -1.7186293292
         4.8737815373        9.7848951860       -2.7375058545
         3.9981761680       -8.1164604036        3.8654247530
         0.3229619268        3.1470515859        2.9792644273
         4.4050710541        0.0308149860        9.6038084925
        -4.5784994018       -5.8083692521       -7.9153105682
        -2.4928620120       -0.4759333655      -11.1571800193
        -8.9222120019       -2.9623967800       -3.7768731509
