         0.6274766812        3.1295841857      -10.0814671324
         3.0879951572       -1.3067225424        7.4061570248
        -0.7355327240        1.1970690416        2.9823127924
         6.0676592919       -1.6041600664       -7.0855917558
        -7.7942590616       -6.0721788905       -1.2578308589
        -2.9322090890       -9.5320560911       -3.2536716418
        -2.6083026277       -1.3862448400       -5.9745042959
         3.1977956285      -10.5002007583        1.3316839988
         1.4046302925        4.4891469293        0.4454424249
        -0.4640121496        6.8929393365        2.6339010785
        -3.4361165229       -8.7044758362        4.0895826151
        -9.0384147989       -2.4280494286       -0.7734746479
         5.8127047285        8.9163280507       -0.3035095703
        -1.9797826271        4.9946959157       -5.8036166265
       -10.1329814130        1.3063898609       -0.4812606602
         0.5977688070        6.5115138490       -8.1515090425
        -5.5808231715        5.5883371995       -6.8733547410
         5.4785597923       -8.7580003995        3.9394360321
        -0.4188073328        1.6097231561       -0.7090300489
         3.7003241278       -9.8307411346       -2.4286814953
         1.3024779284        3.1652507830       -6.5135097167
         8.7497831273       -5.6630580214       -1.0101241625
         1.1007332121       -0.4858742591       -5.7913277127
        -1.8129332627        0.0953861590        9.1949207936
         5.3977753063        1.4518433706        8.2284480590
        -9.1046914188       -0.8454409436        2.7033594845
        -2.3891864218        9.2375159476        4.7994805711
        -5.0518673868        9.6092772317        1.9714419791
        10.9248823764       -3.8917945258        1.5892094225
        -1.2914446615       -1.4787362056       -2.6019865999
        -3.1359945662        0.0610770682        5.6109050240
        -0.6930809210       -6.7226988910       -2.4408997408
         0.8992766079       -2.4956536324       10.1701106941
        -3.2126611815       -0.4995363931        0.5779497169
        -5.4655956357        2.2764302720       -8.8640240810
        -3.3115893520       -6.9940427067        7.5636408987
         0.6112120407       -9.3349802070       -4.7276183626
        -4.1795003524       -5.3009929452        2.5466361247
         8.4647295346        3.3895467695        2.6105053988
        -1.2168264431        4.8834738878       -2.1975817926
        -5.5294083074       -1.7079011090        3.1210645004
         7.5041417128       -3.6832351900       -4.1091299111
         1.2948393750        6.4248139697       -4.4138900378
         6.2545646613        0.5430810578        1.7644567713
         2.3691031740       -0.3887232629       -2.1658840742
         3.8745345285        7.8821577605       -6.6141509691
         3.9851483348        1.4175114823        4.7982941183
         9.8255115317       -0.2873254806        2.1759231015
         6.1695275016       -5.5256412737        5.9384699947
        -8.2426232368        6.0685138009       -4.1128384899
        -6.4463294852       -8.0887447835        1.7537381638
         0.3049133319       -5.8528921480        8.3642754924
         4.1516570057       -9.0570022733       -6.1440924037
         2.4363212418       10.7309949387        0.4250768486
         0.4786812300        1.2463404163        6.4188146985
         2.8695494118       -6.4614751303       -3.8665330788
         5.2137959455       -5.4323599791       -6.6682735624
         7.4160259956        5.4230236348       -0.4789569382
        -1.8505986245       -2.5112329497        3.3317211896
        -1.1008397127       -5.8055024234        4.8394555546
        -4.4343635562        2.6159452168        7.8661941051
         3.9196300116        6.0077305209       -1.6627112605
        -2.6925857448       -3.6768718793        9.4831544781
         1.5630655745        4.0956243908        4.0324393608
         3.9114586897        4.6139968787       -8.7471882837
        -4.0604408080       -3.6677093160        5.9861044030
        -3.9482536243       10.5567556538       -1.5957374227
        -2.1918418608        4.0062361815        1.3079351847
         1.4729789485       -6.5804381104       -7.3070618829
        -5.5018321155       -3.2724698704       -0.4392086872
         8.2165753786        0.1066056981       -4.4304880816
         0.0737735379       -0.6468604690       -9.4709160551
        -3.6035719929        6.3606075598        7.1506946021
         3.1969867849        7.3714368612        1.7674122497
         6.4931647746       -7.4030575439       -3.6034591443
        -5.6546988624       -7.0598219119       -4.4138888904
         4.8384565589        4.0879713225        2.0717936880
        -8.4103062650        2.9302811956        2.5153431878
         4.6681396320       -5.4869542330        2.4498329558
        -0.4799082737       -2.4892724166        6.7544076684
         3.8202617611       -2.2178193923        0.9393064010
         8.2548472255       -6.3530566946        2.7791948280
        -7.3141635011        2.8601155525       -2.5291992071
         5.2828271540       -2.1744248354        4.3580371676
        -8.1689273859        2.7660867324       -6.1768743079
         1.5568583578       -3.9244532705       -1.6022478216
        -2.0848760233        3.7873131527        5.1212241011
        -3.4511870947       -4.2517061020       -3.5688873362
        -7.7793403527       -2.9367802830        5.7737146630
        -2.7804166561        8.2349512438       -7.3289213187
         1.7193529539       -1.3445772448        4.0003234854
        -6.6911076711        0.4071595905        0.1470225397
         1.8884905410       -7.8704653879        3.6025322660
         6.0228821151       -1.0613266480       -1.7603098868
        -2.7249506050        4.9983333512       -9.4177726538
        -1.9533499814       -4.1150042269       -0.1278643995
        -5.7901008133        4.5980220213        0.4371201935
        -7.8891791069       -4.5304897837        2.2652834753
        -7.1667172868       -3.5989625656       -4.0471769642
        -7.0533703143        0.7850060930        5.5456171980
         2.7723790976        4.0761455043        7.5112747645
         3.8311109043       -2.8581718058       -4.4163500920
        -4.7155586128        5.5262339825       -3.1712845607
        -0.9058386899        3.8502207639        8.6600534569
        -1.9919403314        1.7694323056       -7.7733474836
        -0.3150353473       -9.0802018611        6.3356255926
         6.5065798072        7.4293060398       -3.7784576436
         1.3435450646        9.7199393917        4.0239184883
         6.2257114646        4.1865745143        5.6017041931
         2.5925494556       -3.0278212566       -8.0020465396
         2.5088939004       -4.6050695502        5.5322918729
        -5.3758046841       -1.1256152599        8.3547881645
        -8.7588945911       -0.1987211233       -3.7711516893
         3.4223079246        0.8062213838       -8.4902573125
         2.3959078900       -7.2210671865       -0.1457910361
         7.6935727627        0.6220370238        5.2558442949
        -6.4928607903        4.5033149421        5.3681650843
        -1.2214299027       -3.9858909694       -8.3711266744
         6.0565714415       -8.1800345894        0.1641014209
        -9.3595011748        5.1363778224       -0.4914613485
        -0.1792602633       11.1198990900       -2.3759871238
        -4.1071546298        6.3192738642        3.3687438214
        -1.3170922491       10.3172906134        1.2462733058
         3.9147416712       -4.5923165550        8.9366154856
         0.1550876492       -3.9600093587       -4.9938127734
         7.3576021417       -3.0285839955        1.2792546867
         9.6437491596       -1.9187037244       -1.4311244584
        -2.1286887291       -6.8693402663       -5.9524347137
         8.8726897618       -3.0415854624        4.7107777117
        -4.7485739001        2.0792229461        2.9795644801
        -6.4005895382       -6.5083063275        5.2617088374
         5.1648321958       -4.7938262488       -1.3326336365
         1.8093491448        1.2367981011        9.8370109134
         6.7119237068        2.3171074407       -7.2761744548
         0.1042746871        6.7356634198        6.3245319611
        -3.1316403711        7.2824586480       -0.1535703682
         3.7376856642        6.9725980471        5.3081903279
         6.8042627862        6.9895265134        2.9485943985
        -6.3592271353       -0.7344360153       -6.6426160918
        -5.0347796335       -0.7508548501       -3.0933917301
        -2.0190523798        8.1745129717       -3.6935864198
        -1.1747402980       -7.4139332279        1.3261488731
        -3.7554392970       -1.1995101692       -9.3944676022
        -4.6984565691        2.2939048236       -5.2161807895
        -1.2740504911        1.7240570168       -4.2033136431
        -4.7889696617       -4.2260030054       -7.0227968150
         1.0990657210       -4.6290251261        2.1290112462
         3.3083670441       -7.8790804855        7.0318229157
         8.7331613870        1.7155220279       -0.8624856925
         0.1211969050      -10.1444378902       -0.9757207666
         5.1735946471        2.5086418596       -1.3876979584
        -6.2522316976       -4.8366638249        8.7058812419
         2.7112321853        1.2638168084        1.2886201395
        -3.4405280468      -10.2057637162        0.5274390790
        -4.2072213709       -6.8889643855       -0.9661062596
        -6.7640475188        7.9406954680       -1.0649216949
         0.3280484178       -1.4714595055        0.6954017447
        -0.3839809205      -10.6966077658        2.8110305259
         0.5422802421        9.6857151059       -5.9194867643
         1.9723634409        3.0798529155       -2.9614565773
         6.6929529093       -2.1614712825        7.7567954308
         7.7925274368        3.7853591071       -3.8636701800
         0.5829038273        7.8378514016       -0.9214753364
        -5.5559928578        8.7746226960       -4.6573160292
        -7.7252881524        6.8361144131        2.5432761044
        -3.8466933779        2.2979332724       -1.5647828126
         4.5047148178        4.5604624135       -5.1198230117
         4.5183455572        0.8922286095       -4.7852545735
         3.2325331553        9.4345951369       -3.1337629198
