         2.8752193346        7.2762420250        1.6026991324
        -7.7667342072       -2.0430496163        0.3241948841
         3.2131665317       10.6012239925        0.0382148058
         2.2471656388        0.0609600333       10.4064229883
         0.3859576007        6.6230690948        4.4456017786
        -6.9411186734        6.1975743433       -1.9194664978
        -6.2273475370       -7.7464085041        3.2346470378
        -3.5588032667      -10.2453274736        4.3570259465
        -6.5259002164        5.3040097783        4.5217044698
        -2.6594242243        3.8888031099        9.6191400127
        -4.2197095185        4.3898848662       -7.8551534209
        -7.7658505693        1.7697289675        4.1291809676
         0.3477119518       -7.1374383208        0.1823559472
        -7.4138738464        2.4545218676       -8.6962418695
         2.9322758973       -0.7464463619       -1.2435768277
         5.1975295108        2.2502748052       -6.9579261086
         1.1753001832        3.8051291000       10.3366486099
        -5.1496507096        1.2905217239       -6.0345654732
         8.8039501172        3.8671947123        4.2973884999
        -6.3180030308        7.8738946218        1.6359293806
        -3.9591444649       -3.3519156245        7.7994518016
         8.1062705934       -3.3764001785        3.7490150082
         5.2291133081       -9.9941031620       -3.0641573297
        -2.5679451976       -7.1497438973        2.6245726014
         5.8901641300        4.9620743769        2.1124763217
        -4.2145413626        6.4114464368       -4.6498602057
         4.5095034790        9.8887907373        3.5951352417
         2.9698662555       -6.5103541946        6.2503639637
        -4.5694931504       -2.4532365706       -5.4942561170
        -8.1480200532        4.4475632359        1.2546544372
         1.8624572657        3.9052587496        6.7124298232
        -4.2093176347       -1.5237254010       -0.2733515516
        -8.2945374348       -2.9957705874       -4.9950470097
         6.3497292645        8.3867155084        0.5269050952
         0.4961788015        1.8860585547       -2.6265503103
         1.3758473355       -2.2529317773        1.9321454467
         1.2801820282       -4.0126728182       -1.5404183007
         6.9313899656        5.4277434803        7.3174087274
         2.8464703558       -2.1452060450      -11.1314867506
         2.5103060065       -4.4174701840       -5.0280235264
        -3.0962026528       10.0231126931        2.1627282075
        -6.9767641842       -7.3320765594       -0.5393498697
         6.2345309902       -0.7719112400        5.3936378530
        -3.7955465171       -6.8533573070        6.1160607023
         7.9584258517        6.6018279765       -2.5357327149
        -4.9208938695       -9.3188378411       -3.1369110341
        -6.8598724552       -1.2888861278       -8.1626138374
        -1.8025727914        9.2831230326        5.7691216420
         2.9087562266        0.2276614078        6.8388585479
         4.1410026671        6.5238999586        5.1244336201
        -7.3149635690        4.3401734739       -5.3815591871
        -0.7041649244       -1.1095610590       -0.8714972997
         2.3233479902      -10.1740145343       -0.5843555216
        -0.3495559387        6.6309006192        8.1755096410
        -3.2753682565       -6.7174560877       -1.1112924426
         0.6925448093       10.0947918070        2.9237374994
         1.6665092218       -1.7558786305       -7.6642177978
        -3.4407565854       -2.8557024918       -9.0955443259
         0.0475325074       -4.3834974851       -9.8045835346
         2.2095494748        8.2103261048       -5.6832792617
        -0.5484894899       -5.2602326342        7.2470863552
         6.9724785371        1.2416076448        2.2642270185
        -4.1395386241        6.5628927332        7.2895763494
         1.4190189582        5.0061457578       -4.2146899736
        -9.8362197267        0.9498153283        1.0629226753
         0.8767829282       -7.1054038236       -7.1741444952
         7.6662389434       -0.3876573254       -5.3686119120
        -4.9622916461        3.1909602889       -2.7838100887
         0.5163640079       -1.4214836311       -4.2220683723
        -4.2601643641       -9.8393771500        0.6223297721
         5.2642732461        2.8787550128        5.2705151159
         1.5408902669        1.6780123244       -6.1127007705
       -11.3726747156       -2.5516473902        0.8761454795
        -1.1717543395        4.0337498457        2.2958930690
         3.4801163911        6.4700456274        8.7791830094
        -0.5901954484       -0.6039693757      -10.4326010618
         1.9833448510        9.2271290944        6.4786779355
         7.5533151982        3.2866044445       -0.8389196500
        -3.3061235966        6.6622936188        3.6386459997
        -1.7711783117        5.2858165652       -2.1345151250
        -1.6403494647       -4.0759780883        0.9000205853
         2.4877949158        3.9194488028        3.0785471613
         3.6859735587       -4.8075775411       -8.5176370475
        -9.1266667460       -1.7676207530        3.8583112586
         2.6384578935        1.3506292620       -9.6187278052
        -0.6186319119      -10.2740312866        1.9015459485
        -3.8784176163        0.1786394945        9.4612706076
        -2.8763141168        0.1168411207       -3.4390495749
         4.6635813759        2.7821039577        9.0245259276
        -0.4769940961        1.3142575333        8.1609099467
        10.4129196817        2.2029526066        1.2021469213
         0.6070172670       -5.3841531767        3.6328878478
        -4.4496130292        4.9712021960        0.5719184621
         6.9783943378       -6.6047019162       -2.9976658588
        -1.3085579239       -9.8719390571       -1.8860842577
         4.9829564141        8.9812162032       -3.0392454421
         0.8438263406        1.3294548687        1.0441237130
         8.0315274688        1.7376396575        7.4286296651
        -6.5153592880       -4.3338522063        5.0622955541
         7.4632518836       -4.9631937162        0.3947240432
         3.4826919892        0.3151064504        3.2690954229
         9.9194857562        0.7230837790       -2.3815417381
        -0.7846857414        2.9275781620       -8.8131473020
         0.1600969144        1.3977287501        4.5754702593
        -1.7378200713       -0.2271167791       -6.9299284041
        -8.8381610864        0.7963531866       -5.5503507142
         5.5540907472       -8.2358384698        0.3208873070
        -5.8988869098       -4.1340591295       -2.2801769078
         9.2909697876        5.9377893437        1.0637701361
         3.2621242099       -6.9722257133       -2.3125736510
         9.7240888396        0.0849855977        4.3339520834
         5.4454762672       -2.0357307552        1.3549928443
        -2.8149173122       -3.7064303441        4.3549812867
        -0.2928095360       -8.5319086436        5.3316975898
         1.6542816992       -9.6679408971       -4.3752142705
        -1.9412212652        3.9933705309        5.9637416218
         5.6897249143       -0.9442458049        9.0256026917
        -5.5394463220       -1.1737308927        3.2392725250
         4.1044475270       -0.9151136115       -4.7899176907
         6.4540338335       -0.1009194953       -1.7815584030
        -8.6546512568        2.6986243971       -2.1621831597
        -3.0416012881       -0.1573222968        5.9633416080
         4.6340543662        5.6340657269       -1.4380618957
        -2.7628351083       -6.5863842144       -8.3594083724
        -2.0220534022       -0.5516559076        2.5118338117
         1.3277640304        4.5801616130       -0.4193619095
        -8.8557773765       -5.1800933070        2.0725804052
        -1.1243719490       -3.9978186195       -6.3117894635
         5.2918932178       -1.2871604728       -8.3138003397
         8.5840996339       -3.0083553678       -2.7449457787
         5.0907456531        5.7623400338       -5.1450874272
         2.6964555337       -3.2309147086        8.2390303484
        -2.5658396537        2.0064436679       -0.3054977532
         0.2454305029       -2.0657480761        5.5953228430
         3.5426495702       -5.1836197005        1.0983440336
        -4.2146106832        2.4592484159        3.4383868965
        -1.9060017175        3.2002269194       -5.1723248902
         9.1202244198       -1.3864745957        0.6998176385
         4.2043326472        2.2818624736        0.1820924902
        -0.8748815662        7.3347774392        0.8483792613
        -6.2225413091       -5.0361751622       -7.5372615924
         3.6971554381       -3.2921027116        4.5089635140
        -6.1824885258        1.4750947464        0.4794998197
         2.6766908298       -8.4511156719        2.8762243807
         4.1991209003        2.5078991178       -3.4223266187
       -10.1493309214       -0.8796165606       -2.3383752064
        -4.0224736475        0.9366543986       -9.6016017056
        -7.5563136911       -6.7249202175       -4.3095858563
        -6.5259135876       -0.3572897440       -2.8951098210
        -0.3245513993       -6.6332100893       -3.6029723017
         4.9828726765       -3.6216812076       -2.1470409091
        -2.2940434006       -3.6142266631       -2.8388041027
         7.8120658431        3.2377016719       -4.4336675292
        -0.7551239706       -2.0993800307        9.2840299249
         7.5675422074        7.5406025211        4.1134400761
         6.1569444326       -4.2407296575        6.9783749986
         1.6569339547        7.8812282201       -1.9234452025
        -3.9241923203       -6.1825382501       -4.8560769824
        -6.6253281482       -0.8208130904        6.7604672086
         6.2183997871       -3.9632976750       -5.6993735065
        -0.6097625067       10.6054035063       -0.7090090141
         5.8145033672       -6.3402366332        3.7060709336
        -5.2369865810       -4.6280945324        1.5005208468
         4.4897477585       -7.4458046133       -5.8271662293
        -5.3031912577        2.7778655422        7.0533346195
        -9.5222326694       -4.6608055439       -1.7184634455
        -1.9583474479       -9.2331775744       -5.6398557233
         2.4588310205        4.8455127626       -7.7940076088
        -0.9629939294        6.2795107984       -6.8835827368
        -3.8233755572        8.3359517558       -1.2183600010
        -1.2310756218        8.6023358706       -3.9559347640
