         2.1337392147       -4.2084735049       10.4524237935
         6.0234038336        1.1219427602        9.2303806936
         0.4367212732       -6.7640606101        8.0589455452
         8.8834694938       -3.0960369241       -6.9392824430
         0.0304806859        1.3840928659       -8.6436679007
        -0.4143008035       -2.6790064801       -3.5744459716
         7.5131445377        4.3772826530       -5.8021501541
         1.3624067763       -2.9520575226       -0.3720962241
        -4.5234272576       -4.8233837863        1.0592005610
         4.2675797090        6.7789026452        4.6267621270
         5.5753542287       -4.9792433770       -7.3072264908
        -2.6609289097       -5.3015849120       -2.3379547164
         0.0433022209        1.9664536246      -12.2805010489
         0.8601918971       -8.8861569609       -4.6507417797
        -9.1141851224        2.1113590476        0.4888790728
         2.9524916731        0.5556478411        3.7265331298
         5.9969785901       -1.4206167535       -8.8007656092
         2.7336183334        5.8960208572       -0.5775576195
         3.0445499214        8.8524111579        1.6277423214
        -0.3718943746       -1.5775577379      -10.9020986573
         2.9865061337        0.1060140355        7.4077108330
         5.7399623723        4.6721747969        7.6512457941
        -7.9286135237        4.1755371324       -2.5646015916
         0.6450080459        3.1511942789        0.6026634020
         6.1015331936       -7.0485229294       -0.9241756538
        -0.0193256298       -0.8785554371        5.4864707062
        -7.7534654712       -5.4477183130       -0.7002303250
        -8.7181936392        3.3462134046        4.1713202893
        -5.6352293712       -1.2014914655        1.5550662139
         4.2815116748       -6.3144179737        8.0334199354
        -0.9009582294        9.0933776366       -5.0766685518
        -3.6640211526       -2.5398385687       -9.1049795832
         3.0055702746       -0.3058316203       -6.9314711856
        -4.8964693879       -2.8102930308        4.8364755918
         3.2489787734        0.3556508725        0.1642088521
        -1.0337404552       -8.8080281309       -1.3573990784
         2.9237815137        8.6335357805       -5.1471274393
         2.2958882515        4.0454731442       -9.9922784662
        -1.1323496732        6.2561464922       -0.4818483269
        -0.3843780137       -2.1504259605       -7.2388101103
        -3.2103837811        0.4640219671       -6.8301316837
         5.2486541846        1.7363591243       -4.5336437238
         2.9327786325       -0.8895716225       -3.2760720958
        -3.0583773528       -8.3081817316       -4.5215791856
         9.3177177754       -1.6050300231       -3.4549872362
        -8.1092166393       -2.3767229116        6.4736071529
        -8.9629667602       -0.4073365800        3.2584883056
         4.2492018803       -7.0797197497       -4.3238995779
         1.9859253246       -3.0044940133        3.1529804461
        -3.1738870790       -0.0878020628       -3.1692595267
        -2.8507617685        1.5711313997        0.3373202856
         3.9951094473        3.7403150872        2.3803754930
         2.2746600104        3.4486682510       -6.3328508422
        -2.8851596929       -8.8941422634        1.9209710570
         2.5671613078       -8.7916596724        5.5520531716
        -9.4196154691        0.6627926412       -3.1075255747
         0.0054434339        0.2490162293       -1.5551001371
         8.1980646473       -1.0374657661        6.8136144267
         6.2984027706       -0.5780696245       -1.6016521701
        -2.6400464098        4.7248052630        2.5146005097
        -3.0798481772        0.2472196648        3.6557946687
        -0.1784110707        2.5653467654        4.0372827821
        -1.1904317158       -8.5776131143       -7.8525952273
        -3.1557906763        7.0391959087       -7.4784036531
         8.6193701878        2.1340869009       -2.8330910964
        -0.3081122975        2.0656821832        7.7098906579
         7.5444887966       -5.1113023892       -3.9722539159
        -4.6016574974        4.5523810565       -0.8186117409
        -8.7951753056       -1.7526579158       -0.2550221152
        -0.0320916653       -1.4582357083        9.1066005639
        -3.4201534698       -6.9726238500        7.9008264803
         0.3861812947       -6.0227910871        4.3407011841
         2.2417487765        2.8075747388       -2.6864825055
         8.1560304487       -3.7032036704       -0.5075301177
         4.5310739387        6.0907115850       -7.6031752761
        -0.4907069272        5.5045517637        6.1671982918
        -2.4073671792       -2.2007816070       -0.2650887327
        -5.7725504996        2.5545427505        2.2362189481
         7.7362207582        5.8354147088       -2.2187128673
         9.3601632402        1.3088096643        3.9088604174
        -3.2104872135        1.0465560494      -10.4919133925
        -0.0066144013       -0.2984829710        1.8638904059
         8.6432216585        3.5289770837        0.7785287119
        -1.7473875750       -4.5383248860       10.3858871057
        -3.4374629687        3.1416194945        5.7947197767
        -4.8659058002        3.6230885540       -8.1223684901
         2.9680849309       -5.9341940126        0.9077698905
        -6.1490139876        1.0279193581       -1.3367572159
        -2.7481541098        9.4040262997       -1.6842718327
         8.3721434427       -2.3085741808        3.1860857828
        -0.8511443133       -5.8488067865        0.8277836389
        -3.2119471304       -0.4216679975        7.3013207257
         1.0930743520        9.0902336986       -1.7457811065
         6.7114616736        8.0611525738       -5.1603775131
        -0.3242166471        1.5242126824       11.3617491822
         1.0668663499        8.8118830850        5.0810620588
        -6.3654938059       -0.4728441384       -4.8877378194
        -5.0269377314       -3.5130526359        8.5602386750
        -5.9780102280       -5.8180384481       -4.1579610437
        -4.7047968573        9.4751109770       -4.9742423395
         7.2967074046        4.5772578094        4.1139882247
        -7.6176083651        5.5785261531        1.0658766550
         2.1188487059       -3.5924947320        6.8123822795
        -8.0389928015        2.6515590404       -6.1333869821
        -0.7606171878        9.1901232171        1.6518549335
        -0.0448948794       -2.0390620164       12.7338226013
         2.7666947155        3.1606421445        9.6564464523
         4.9137984702        8.5912573420       -1.8378105375
        -1.7120118181       -3.9186099395        6.7466375464
         4.7006028899       -8.7939910811        2.2746609955
         8.2526705910        0.6447736112       -6.4075352614
        -7.8388987065       -3.9938188052        2.8590211054
        -0.7766260152       -5.6233642320       -5.6927687727
        -6.8571841390       -3.4512176327       -7.1167497579
        -6.7066406513        3.6482152463        7.5113166490
        -6.2654490387        7.6117932886       -2.0340879508
         5.9324398137        1.5710005032        5.5599972742
        -6.4406245926        0.1140736013       -8.5989035344
         0.8898973271       -8.9665349195        2.0935527016
         1.1662180176       -5.9228978954       -2.4756493457
         2.7468035255        3.6075535656        5.8911776366
        -9.5884691231       -0.8082017327       -6.6381360540
        -3.1347376254        6.3645274583       -3.7814908776
         5.4561790877        3.1578075640       -0.9547045725
         5.9082673406       -1.9691877248       -5.0840386639
        -2.6701988331        7.9183161427        4.6138378678
         0.0178498897        0.8106900626       -5.0626838003
         0.6845440780        5.9715986687       -3.8715873740
         2.5822333671       -3.8563085431       -5.4386055935
         4.5114396644       -3.9852318090       -2.1018391636
        -0.6017013387        5.0596519022        9.8375553256
        -0.7839139863       -5.1143795892       -9.4161663604
        -4.4022219626        7.7125218696        1.2761261824
        -8.7707446242       -3.1898205853       -3.7725730863
         0.9469663410        6.0035942200        2.8122092197
         7.2955565618       -4.7143623438        6.1536716003
        -1.5617040377        4.5217756531       -9.9296135389
         5.1099215159       -2.0563055283        4.9925497023
         3.0312349601        0.2758743730      -10.5933047342
         5.1008408062       -2.7945541604        1.3378666986
         7.1639937648       -5.8134434498        2.4497094601
        -5.7513402326        5.7373477061        4.4246219827
         5.3385250796        2.3625845949       -8.2881914324
         2.8247566973       -8.9884536150       -1.2298693271
        -1.7422189491       -3.1950434733        3.1092529005
        -5.5703752870       -2.7520730026       -1.9916891411
         2.2077186244       -6.8240114898       -7.6248340006
        -3.7806959369        6.1168969232        7.8489769975
         3.0133023631       -0.4616111542       11.0555447657
        -3.6298406347       -3.0775336910       -5.3358391044
         6.0741338672        6.5070425762        1.1200657452
        -3.4037728363       -6.2188839242        4.2795832095
         2.4665469426        6.6508025450        8.0245142655
        -1.5323755007        3.3030663019       -2.6204762184
        -6.4146253137        6.1020957061       -5.5854415687
         5.2534490018       -2.6394914433        8.7364322175
        -6.4381365638        0.0569433106        9.0158420387
         2.6426682923       -3.3188622576       -9.2074653039
        -6.6444601841       -5.8957476719        5.9832543406
         4.4508672958        5.4397374429       -3.9028085371
         6.3490021556        0.7572698819        1.9911847330
        -4.8731194088       -7.9246621872       -1.1031985479
         0.6979831123        6.6529483823       -7.6175647877
        -1.5670196504        3.9244476942       -6.2702226467
        -1.2637351958       -9.0708219038        5.4258472815
        -6.2608723431        0.6901671676        5.3758697911
        -4.8026724230        2.9964506990       -4.3673736187
         4.1321185010       -5.6744081132        4.3933847780
        -6.4724230465       -7.5348106550        2.4368720477
         9.4983022962       -0.1504730341        0.2089000662
        -3.5869310429        2.6207473659        9.5475498573
        -4.0364052386       -6.0458268407       -7.5119417302
        -3.2664802204       -0.9953256749       10.9478828204
