        -1.1612676343       -6.8116706093        4.1020737185
        -1.9532831885       -1.1996500366        7.3691540626
        -0.9406823681        0.9169654882       -5.2422038668
         8.9459849307        4.8295507761        5.8155168075
         2.4996688386        9.5864445692       -2.3892167364
        -6.3730059857       -7.0142857256       -0.1043545817
        -5.7428882386        6.2541837559       -6.8873623700
         8.6379589092       -1.6601124808       -2.0383047757
         0.8862885728       -4.8530829049       10.0085085441
         0.9158448526        1.3640640691       11.0538174256
         4.3555749290        4.3573351878       -1.8199960722
         3.1928335518       -6.4473552518        7.3305805535
        -8.0483715790        6.0626982915       -1.0662094566
         4.7625117446        0.1505128704       -9.8388848866
         4.5499931116       -8.0207164373       -2.2677359809
        -8.1715565678       -3.6784719471        0.6875330662
        -3.6864230354        8.7375282033       -4.7384059436
        -3.0522034182        1.0140692255        0.5775093208
        -0.9646500055        5.2134967721        6.0986699272
         1.7604202829       -9.1141480815        4.8822370688
         1.1373067117        9.3885702042        1.2970108914
         3.2353223251        7.6524503265        4.0151434485
        -6.8974958553       -4.7948111119       -6.4656977724
        -3.3393805762        3.5877781455       -6.0610178158
        -3.2696553376        4.1296330098        2.8496057406
         5.3768045042       -0.4328504980       -6.2189711935
         3.4124535474        4.6417842916        1.7138500233
         9.0788203140        1.0386780906        5.2787252668
         0.2525320214       -4.2051988730        6.4591175715
        -5.0704974218       -6.9111663430       -3.7590755192
        -0.1992957654        4.6231543317      -10.2633842321
        -1.7469495751       -5.6293002920       -2.3910082946
         6.8125655441        2.6569865929       -7.7092408527
         6.0489457788        3.0134682622        4.4421664039
        -3.1832506588       -5.6387522779        1.2567998877
        -0.3070031241        0.3364107176       -1.7876253160
        -1.6281234426       -1.4442682359      -11.0251369212
        -6.7585108262       -1.8002900590       -4.2114712002
         6.6617825542        6.2815034380        3.0590736660
         3.1825232464       -8.5072446361        1.2958468823
        -0.3404094843       -5.5137225133       -6.0104017520
         2.5768880750        4.2076717173        5.3387518244
         4.5383217813        7.8262015505        0.3093975570
        -3.6526694409       -6.6658365906       -7.3636594414
        -0.2693672026        8.9043132828        4.9546050982
         8.9030042221       -6.4746116497        3.9189926069
        -0.4684638213       -3.4688295733        2.9005940548
        -0.9794524688       -2.0323255932       -7.4469848827
         3.8680324027        0.8399843343        6.6500850308
        -1.2805350370        9.1699823005       -1.7329768228
        -0.4287561184        4.7520838653        9.7649257130
         6.2270965416        2.1887481424        0.8574688122
        -7.5184975465       -1.2156808516       -7.8427783688
        -6.3202927921       -4.3215083889        7.1653142285
        -2.7365893288        1.6315257565        9.7779217194
        -2.7664687818       -4.6558701530        8.7206253554
         3.8502901464       -2.9445572963        6.0150467616
        -5.8121078840        1.2678915009        2.9019877207
         1.8418761816       -2.5339155555       -0.9172565882
         1.8697677242        7.0686382633        7.6176367059
        -8.4799006706        3.7465454868        2.0922377991
        -5.4218250715       -0.8574454982        5.8841440094
        -0.3442168783       -2.5863912510       -3.8413466949
        -8.9615025307        2.3393187286       -1.4885367604
         0.4485215018        4.0043378017       -6.6898516741
        -1.8398378746      -10.2493299393        5.2422622040
        -3.0421206779       -8.7169813092       -0.9778506568
        -8.6292944093        1.2980322697        5.1903456971
        -3.3616561436       -3.9148148231        5.0511559081
         3.2409891629        3.7259778536        9.0396242868
        -1.3537291244       -1.8016073224       10.9324997228
        -0.4900016863       -7.6205677995        7.6848027336
         1.2302288016        6.4478228226       -0.9493769423
         3.0719689569        1.0908782839       -0.5285942560
         9.1859057448        2.1144671358       -1.4129045332
         3.0482773514       -2.3636711017        2.4450784063
         7.2867553307       -5.3260665088       -2.2877862517
        -3.5210577138       -0.7099625742       -2.9447953545
         1.6123521183       -1.4442613881        8.7262487868
         5.7508814463        7.5243350652       -3.2671156786
         8.7019195536       -4.0067729188        0.9535340107
         2.5171716881       -0.0830482594       -3.9478701306
         7.3586070629        4.1419026699       -4.1673741112
         6.8485810723       -7.4471760564        0.8909702042
         5.3758618407       -7.8739098406        4.4532944116
         0.7816531330       -8.7720105834       -1.8065302159
         6.8177262734        2.5726141033        8.0695766078
         0.2816101412        1.9180391510        7.4885680290
        -2.5643511207        5.8713930090       -0.3043727645
         5.3618147200        6.1097017145       -6.8543422369
        -4.3214922005       -3.1561278383       -8.8470316595
        -3.7932742456        7.2228872880        5.1347479229
         9.0664391427       -0.2689805882        1.6102786868
         5.9419061594        0.9279254447       -2.7495188345
        -4.2207001655       -0.1449127789       -6.5371923308
        -1.9467610321       -2.5818864587       -0.2320259559
         0.5520560652       -5.9065032588        0.4550213424
         9.0366062368       -2.7514741961        4.6273252479
        -4.9460944984       -1.5465589249        9.5231385492
         4.2566283672       -5.0681503638       -0.0050012060
         5.9274346873       -4.4188333896        3.2118921023
        -6.3317851495       -0.2994760692       -0.6530894440
        -0.4933421424       -9.4248675793        1.7160289133
        -9.1596308279       -0.0042305197        1.6094196735
        -1.0112226720       -4.9963675460       -9.6689671097
         1.2700335568        1.1333707472      -11.1183325847
        -5.8506821694        6.5784203717        2.0022178863
         3.9643184102        3.0004644295       -5.3958511368
        -8.4369930119       -1.2771080876        7.9600779303
        -0.3927891199       -8.4720801879       -8.2074333167
        -6.2548928037        4.3116109775        5.1846182474
        -4.2286178134       -8.8091168647        2.6818474372
        -4.0038145291        4.2000784820       -9.6364052836
         1.8408334979        7.1129413961       -8.1466249021
        -0.2444501759        2.4600804461        3.8617143240
        -8.2155717873       -2.4831503051        4.2965570343
         5.4537338145        5.9714519700        6.7537895719
         2.1244357664       -8.3439242065       -5.3494382884
        -4.1228489499       -7.3501871841        6.2745528220
         4.8592806890       -2.7464111574       -3.1171996332
         1.0936311737        3.3417392564       -3.1044737852
         2.5308068765       -3.0295920054       -6.1489293012
        -1.9786017119        6.7808459726       -7.5951025959
         4.5395486929       -3.5728095037        9.5576551491
         1.9116003646        0.5290097390       -7.5372923386
         3.3599809722        3.6755299166       -9.0989087448
        -2.6041045418        8.7645193297        1.9008557953
        -1.7694963854        8.0402956358        8.3218810863
         8.7718857448        0.6643425681       -5.0534238547
         6.1033090811       -0.7009294434        3.8647918586
         3.8568248326        9.5020912716       -5.9483200078
         5.0187980621       -5.7921569637       -5.4120813339
        -6.2904666423        1.8849021715        8.2305795716
         0.3035018364       -0.2344011147        1.5614796033
        -4.0373666671        5.0006159457        8.3264386100
         4.5578383950        0.2700039875       10.2023536050
        -5.0625224017        5.5965740537       -3.2921459474
         2.4332341089       -5.7210320901        3.6885180885
        -9.2646708452        0.8636403854       -5.0673167885
         7.7659930053       -3.1121284246       -5.4166083526
         5.3776661109       -3.4130983476       -8.4478266350
        -2.5040596650       -0.4870105113        3.7758781113
        -1.5882962161        1.5145814150       -8.7823483836
        -9.6661623618       -1.4179390773       -1.9596550543
         2.0406077798       -5.4305887883       -3.1039064261
        -5.0393149031       -2.3909098637        2.0696729095
        -3.6114646171       -3.7029681392       -5.1439328097
        -5.0949688821       -3.8483693099       -1.5345407818
         0.0462139457        3.2858891519        0.3952758784
       -10.0509569644       -2.8502301904       -5.4929569675
        -2.6409128920        2.9595370927       -2.4914547455
        -5.5884382249        3.4935921722       -0.2083767410
        -6.7246411520        2.5573765774       -7.4443976488
         2.4466353240        6.4181826105       -4.5054302964
         1.9149527473       -2.4652699256       -9.8678089639
         5.7746452662       -1.5611129641        0.2348640246
        -4.8875426551        0.4505353020      -10.1112673872
        -1.2900459369        6.0705981776       -3.9139531395
         6.7801735386       -5.0746273656        6.7874494432
        -5.0171708145        8.5560867586       -1.1082298700
         3.1868268197        1.3009194331        3.0384083096
         6.9053674823       -1.2667457691        7.5262921044
        -8.3880943934        4.5750615038       -4.6065591177
        -5.9623926442        1.9322463421       -3.7622850068
         0.0049195854        6.1046888019        2.6602172214
        -3.2728181417        2.2213640072        6.0719212363
         9.2946425451        3.5005250280        2.2865665395
         0.0811886890        9.1930189293       -5.3759053209
        -8.3145464088       -5.0134293815       -2.8805871775
         7.5583084580        5.4784362861       -0.5200824405
         2.5201252129       -5.9897389063       -8.3861990435
        -1.7449131835       -8.6421158293       -4.6267116479
         0.9579590680       -0.8394413632        5.1443800294
        -6.2866003999       -5.6744108808        3.5017970980
