        -8.8449541039       -6.0196021807        6.5614339282
        -5.4541451369        2.5419177983       -2.0387097369
        -4.4944854044       -0.6050616471       -0.4612219935
        -6.2148807924        2.4782486676       -6.0453949532
        -4.1019656891       -6.9880515685       -5.7526283675
        -6.9354628274        1.4875325086        1.3485233710
        -8.4113675336       -0.6029672745       -5.5768336362
         6.0060870678       -0.9447850344        7.0611581702
         2.2189172958       -5.9293957408        0.5329734780
         0.2317666843        2.9539383242       -6.7220427584
         5.2955973420        7.1232023212       -7.0073283275
        -3.9292597517        8.4965111883       -4.0901701567
        -2.1940771093        8.8535189908       -7.4367092631
         2.3032449077       -1.1959459133        1.9984574786
        -2.1105682226        4.3471725504        4.1246812062
         3.3598256106       -4.1813410875        3.7811460083
         1.5538129286        8.0610507477       -7.2784242847
        -6.3886397291       -8.7462603340       -0.1897598700
        -5.9796102800       -4.2454291599        8.3725807934
         2.7494302555        5.3371098620       -5.0721581413
         6.5560273987        3.7207156060       -8.4297563796
        -4.0925662094       -8.9098685724        2.9255642234
        -9.3813568146        3.5746968050        3.1912915761
        -1.6613549978       -0.5638859010       -2.7660486818
        -4.9952728941       -0.6166826815       -4.2114166895
        -1.8957493206       -0.9280062174       -9.9952106092
        -3.4663979976        1.2908528603        2.6640083374
         6.4403290495        4.3830881627       -4.7776143975
         1.5202753426       -1.1561112646      -11.6127337255
        -9.3290722171       -3.5966678807       -3.3173903032
         2.6316466788       -0.8883880202        5.7140700352
        -2.3993489783       -5.7062626559        8.1471124833
        -4.5747576721        6.4900606658        5.9751499545
         2.1464827126        4.1555466961        0.1096174345
        10.3441943924        3.6220511968        0.4987623621
       -10.5963165322       -2.2485530921        0.0993377542
        -1.8375075663       -0.6485319460       -6.3770995217
         4.9185151910       -3.4575111543        0.2922612124
         3.5329696744        8.9115567981       -4.0522664015
        -2.0531394342        2.5072968409       -0.4766071149
         1.8519950582      -10.1453450207        5.6196789899
         0.9858057582       -9.2431387827       -0.9012353601
         5.1254439003        5.4289625785        5.4592293117
         3.5049412802       -4.8155906191       -2.9983153101
        -3.0517331614       -2.4258706233       10.1069219462
         6.6797661725        0.6288629049       -4.0934287104
         9.4938214633       -1.4529350623       -5.3034628263
        10.5567406446       -0.2150512009        1.1978201166
        -1.8685661292        4.5726029086        7.9258685176
         3.2556506663       -9.1267101010        2.2035438026
        -3.0678806163        2.3611777391       -8.3999984050
         4.1498832037       -1.7890336002       -5.7916447804
         0.2264103391        3.5677108102       -3.0179767801
         3.7204106992       -4.0530054539        7.5466092083
        -0.4100840514       -6.3863191182       -6.3529508625
        -8.9414235218        2.6636437774       -3.4216470340
        -2.7130974157       -5.6847715270        4.3650146440
        -7.1442233250       -2.3799135499        1.4237076179
         7.9996012145        6.6569563756       -0.0995715622
         7.2466736052        7.8479483523       -3.7123392304
         0.7401252629       -3.1612881931       -5.0685373879
        -3.1644223738        1.3871628049        6.3398860564
         1.6923473062        5.2301221362        3.7744220911
         4.3534566898       -7.2715092213        5.5125587769
        -5.0438324682       -5.6268844597        1.2762385008
         9.0277479724       -0.9836724332        4.6788266182
        -2.9577531254        5.5600612849       -2.1913174310
        -2.8629615192        1.4543673861       10.0329929268
         7.6224635963        1.7867629834        2.2776339497
         0.5568266040       -3.8213168277        9.7824255075
        -3.3730147094       -2.4735731965        6.4214551862
         9.2860906863        2.3426088556       -6.0138765022
         3.8404423364        2.6136859516       -2.8489457826
         3.5398435033       10.9945077668        2.2569279381
        -0.4568517600       -0.6389191692        8.0602319026
         1.3519950053        0.3351399635       -4.4662977618
         5.6865114416       -1.1823848563        3.2756686312
        10.7979531406        2.3080817558        4.0719011108
        -3.6945001565       -2.5143619825        2.7406861070
         0.8598274469       -6.9773608666        4.0201171037
        -0.1485768828       -3.8734246786        2.3986853356
         1.4473589217       -0.3600627155       -8.0160806301
        10.1058847099       -2.7300019020       -1.6775778977
        -6.1116026758       -0.4310588977        4.6036258887
        -4.5574262122        4.5807483512        1.1470470850
         2.9634492830       -0.7967787276        9.4517098264
         3.9677156370       -1.0748589975       -2.2338104244
         0.5839270365       -3.7429806461       -8.9002340989
         0.8385094339        2.5181581069        9.7555887097
       -11.3166135048       -0.3277321114       -3.1249944940
         4.4587333600        1.2862837308        0.5942578473
        -6.4471011447        5.6113104341       -3.7113007027
         0.2277800763       -3.8642607010        6.0948793797
         4.0460135385        2.3823543591        7.6985330616
         6.9693428621       -3.8942711069       -7.0134632482
         5.3198335669        4.7435510734        1.7786062840
         0.2858995477        2.2560137832      -10.3804822776
        -0.2572993357        9.7363208695       -4.2501312377
        -2.7783769885       -3.8093482644       -4.2585059337
        -7.8796006441       -0.4859984331       -1.8055077470
         2.8814807170        7.5382989122        1.1632725468
        -7.6552119124       -7.4168533114        3.2043022953
        -1.7258305673       -8.8558513323        5.9952662617
        -8.7311780112       -2.1953513464        6.5441950719
       -10.3902809611        1.6278165197        0.0246425123
         9.7129346558        4.8933785149       -3.0983527068
         0.3971176868        2.1166591095        2.4680159917
         8.5030668775        5.2737055390        3.5045643536
        -8.5339965222        1.6576636827        6.4630356129
         5.9314963363       -6.4455856661        2.1412617393
         4.2578813086       -2.5269192042       -9.3744970940
         3.9116816275        2.1215057310        4.0533393186
        -0.1113811537       -0.6014389467       11.7287916934
         7.2944816978       -0.6829941543       -0.5379553703
        -0.1021438066       -6.0319494535       -2.5834526970
         7.1000165301        3.1412334528       -1.2220214141
        -3.7276828903       -6.8828483514       -2.0772410724
         3.9909553724        1.9859917808       -6.4729445388
        -9.7667568216       -4.1553987692        3.3500233993
         1.6644668266       10.4233523955       -0.9896154175
        -2.4439551218       -3.7967684514       -0.6252014838
         3.3467168974       -5.3115984840       -6.7921555392
        -5.5819763237        3.4803665227        8.2059089009
         4.0610671963        1.2905176667      -10.1100273474
        -8.5904393618       -5.5582546695       -0.0628214351
         1.8569270867        5.5681436078        7.4859539348
        -0.9592019745        5.6023011750       -8.9493138799
         6.1121228710       -6.7870821729       -4.5756712087
        -3.4608607446        7.8975880605        2.6389002371
        -1.1862246170       -0.8073037094        0.8799860754
         6.0904296888        8.2091188380        2.9056536554
        -5.8581189126        3.3729659211        4.4597961171
        -2.8490965992        2.6008067922       -4.6206165286
         8.4104683704       -3.4156040390        1.7733154329
        10.0618755675        1.0901477092       -2.4266911641
         7.6932924359       -5.7481617047       -1.1562564162
        -1.4467640475       -7.0094462054        0.9520968059
         5.4369989494        9.5020182924       -0.7218315922
         1.2431415921        0.8460451008       -0.9221921387
        -6.2932520976       -3.8252074766       -5.7430322252
         1.0310414391       -2.8526169254       -1.2363706933
         2.8218334705        8.4621066478        4.9788829830
         0.0362415730        9.3720363735        2.3934707226
        -8.2500289661        5.4661795228        6.3242863205
        -5.3146266132       -7.4724956526        6.3084138362
         7.3548034918        2.3573635724        5.8236363113
        -0.7804851135       -0.7291048821        4.4315211715
        -9.6770617303       -0.2832381457        3.3118016905
        -1.9685663934        8.9992118553       -0.8282233912
        -7.2231769003       -6.8188034407       -3.4551426168
         2.4028291408       -8.1193119730       -4.3353264473
        -3.0464669249       -3.9298381940       -7.8804271609
        -0.8889640919        5.8657520560        1.0170163125
        -5.0732190516       -9.9761859718       -3.5604657062
        -8.0573488522        4.7133897159       -0.2875811875
         4.6500298649       -7.9817283651       -1.2226787472
        -5.2400308222       -0.7762280490       -7.9013594483
        -4.1483921073        5.6018162152       -6.7063851902
         1.2179123028       -7.0274320858        7.7527129477
         0.9548343487        6.9912983902       -2.0433707587
         6.7361257648       -3.0946918403       -3.3955192362
        -6.2501901316       -4.2536853103        4.6365667146
        -0.9349441134        6.2114858413       -5.1985942601
        -5.5774179533        7.6830889857       -0.5954041800
        -2.7783629046      -10.1491432653       -0.4982765542
         0.6063101933        2.3776680130        6.0867236581
         2.8347140349        4.7381681490       -8.8222857298
         4.6709347817        6.0510889847       -1.8269104793
         6.8697990871       -0.0957277612       -7.8176249711
        -5.8738906594       -3.7018558285       -1.9813118216
        -0.4574915643      -10.1865549686        2.5754981110
        -0.8523155030        7.4561733045        5.5231061827
        -1.3632809534       -9.2004710226       -3.9633983295
        -5.8507566054       -0.3747109881        8.3858200850
        -7.0505858457        6.6395451309        2.9019684356
         6.7889886131       -4.1982762196        5.1745524019
         9.5497912836       -5.2014130053       -4.5000217157
