        -6.5165387283       -7.4020382807       -0.9788172775
         4.5198908739        5.4244068799        6.9239388194
         7.2129644861       -2.8476672163       -6.1693344538
         9.4820265485       -2.9668982465       -0.0120928644
         1.3583896375       10.6082440524       -0.5012663123
         6.9715226848        6.1751143771       -2.4899914194
         2.0842410075        8.0250450394       -7.6982461955
         6.7671012855        2.2753900447        6.4592103197
         4.5449756809       -7.1125707846        7.4717945453
        -2.0959654476       -7.8222489350        7.8521853324
         8.8997139063        2.8382819758       -3.0773517359
         0.1474046161       -0.8886936273        1.4369474152
         3.5137773563       -5.8508580815        0.2650720997
         0.1606628179       -7.2230833523        1.7063590085
        -5.2582598266        1.1214415798        3.6588821039
         0.9038314612       -2.7045220987       10.9601179812
        -8.8704816850        1.1445107215       -5.7639101309
         4.8912445363        4.2859014884        0.1127029715
         2.1185370093       -5.9061480761       -7.6105681969
         0.3955660353        2.9618624188       -7.3613242825
         1.7520395783        9.4255086012       -4.1300300714
        -3.7559918766        4.6969108415        3.3845681480
        -5.1714282906        1.1026375321       -5.2697633474
         5.3895843520        2.0486439660        2.9069059905
        -7.2442807683       -4.6581799051        6.1270382937
        -3.1002663669       -4.9976758744       -3.3387714048
         0.2843094779       -3.9299783280       -4.9447651332
         2.3126259067        1.0208265764      -10.0269353950
        -7.3328645095       -0.8579069176        6.1981976744
        -0.3054134782        4.0964542068        5.0590956734
        -3.5631019535       -4.6288500643        6.5019515546
         2.2967175586        4.8682811762       -9.9124755928
         3.0877451170        5.1113239926        3.4562866720
         3.7645869184       -1.0107047938        1.9677432740
        -5.5490625531       -2.7398419728        9.0817384747
         6.8761679117        5.1920287994        3.9171784645
        11.2092914548       -1.1647735532        2.9286729056
        -0.3927806871        6.1597835280        2.0938267361
         6.7829676817       -4.0852773076        6.7179085652
        -2.3379653040       -0.8075522881       10.1406745276
        -4.8817405267       -4.1236133097       -0.0004751206
         5.2270690395       -0.9618752472       -3.5465875645
         2.2429351473       -2.8236843703       -9.9471955767
        -1.3386997962      -10.4752123722        0.6717992000
        10.3291834335        0.8451808375       -0.0768755103
        -6.4962717634        1.0219973443       -8.7182979472
         3.5494715548        4.8289338700       -6.3625507318
         7.5024849313       -1.0494390071        2.3923495021
         1.3394027102        4.2257920219       -0.3820207994
        -6.7957808996        4.2728924477       -6.5870468541
         1.2589616322        7.2101985903        6.0584010180
         5.2689305199        2.8821683983       -3.4498180624
         0.3913361674       -5.9945895924       -1.9769406625
        -2.0974113223        9.3926937884        0.9475288929
        -5.3828894058        4.2474974465       -3.0610532941
        -6.9280789786        7.3882683339       -4.2460842565
        -2.8836882033       -7.3046965953       -0.5600286326
         9.0780584782       -4.1937141156        3.6374648634
         9.1397755151        2.0430949453        3.4599544720
         0.3903967889       -0.8822550950       -7.3596532251
        -4.8236931136       -9.2324975538        1.9824446603
         5.0841717032       -9.0364366793        1.5000344432
        -4.1000088225        0.9470495235      -11.6314370439
        -6.7702086827       -2.0869209476       -6.3662327008
        -0.9481912099       -0.9590629633      -10.8060903063
         6.4811717041       -0.8197910700        8.8270895316
        -3.3019105740       -0.8034884685        1.0074820544
         8.8190254933       -1.0053041721       -3.1334220852
         4.5094412731        8.3023102088        4.1829785363
         5.5256045929        2.9437644808       -8.9633980718
         1.9397248920       -2.6710959246       -0.9534329346
         0.1828449326        6.1040892270       -5.1543494349
         4.3274955461       -3.9319249309        9.6724436279
         6.5747833767        7.5211853491        1.0263700207
         5.3834300890       -7.7869956743       -2.2005624827
        -9.1509067550       -1.8876861308       -3.3734294279
        -4.4088991240      -10.5847158884       -1.5185096166
         5.7193495929       -2.7856233468       -0.4643912078
         4.7282115463      -10.1854798018        5.1881796338
        -0.1568486207        1.0292156383       -1.3390703681
        -1.1422864572       -4.0950349169       -8.4835317835
         8.8553023529       -0.9663112388        5.8703950190
         1.4368336905       -0.8645229973        4.8587285742
        -4.4990758831       -5.2064508596       -6.8616292988
        -6.9625955482       -6.0304864112        2.5709118011
        -1.7194905585       10.5221363478       -2.7422543993
        -1.0818556426       -9.3302104104       -3.0157067788
         0.9236465191        1.1815502840       10.9051348038
         1.7172855228      -10.3513628971        2.9176427931
        -1.7535714502       -9.2439691600        4.2916075435
         1.1307940712       -5.9501399421        8.8653272780
        -1.9362167427        2.8292450440        1.0368219585
         7.2343347174        4.8032576118       -6.0258888790
         3.2524096019        6.1807795667       -2.8385844379
        -3.6160441953        2.9668375956        6.5508892751
         4.0822260575       -0.7172951548       11.7444295096
         5.5541068220       -6.3701306361       -5.8022580267
        -5.1896569694       -7.8853891510        5.5166007867
        -5.3993484108       -1.9050338868       -2.8075912342
        -5.2796538050       -2.7250192971        3.5594231268
        -0.1950011645       -5.9130825437        5.3029578209
         1.5999232582        2.1108260286        2.4091839430
        -2.2854899102        3.0268108416       10.0113205376
        -8.8530968638        1.1125173631        3.2280259355
       -11.2199821105        1.3206979405       -2.8199714800
         3.5900689305        1.0486886673       -6.4483041783
        -6.8905196994       -5.0295943921       -3.8538210749
        -2.7681142726        1.0219468728       -8.1735973648
         6.7922902195        0.9435293928       -0.5397031528
         7.5532504412       -4.6951980411       -2.9282901415
        -1.6917015574        0.9613523079        4.0002431778
        -5.1286678513        9.2125329109       -1.3372232756
        -5.5187540432        1.0707398518        9.1040704091
        -9.0860953817        4.3555549490       -3.5067667966
        -1.3324483109       -4.0717164131        0.5150721739
        -0.4246451137        1.0881429246        7.4591087382
         3.0014510515       -3.9782847943        6.2075736023
        -4.5575243413        7.3133297513       -7.3141680460
         6.9176755197       -7.2160989516        4.3985254863
        -4.3434860688        4.1490153891       -9.5386454141
        -7.3443853000        6.2034158984       -0.5457843312
         5.5095570934       -0.8556786753       -9.0185886401
        -7.2847454682        2.9274181106        6.2607473456
         1.6657814913        2.9358853263       -3.8464498963
       -10.3373064847       -0.7248489407        0.1607019481
        -1.1452011622        6.1609058684       -8.7183852496
        -4.7387576783       10.3712381857       -5.0112492871
         1.1671292992        4.2825308717        8.5903605365
        -4.5686082314       -8.1078977454       -4.2955236548
        -3.7744352656        1.1547780980       -1.8672536630
        -1.6232137122       -1.9787541044       -2.2904430809
         3.1777798838       -7.0466229000        3.9717052374
         0.9903842846        9.4926860484        3.1366311116
        -3.6151639467       -0.8436641065        6.5609907300
        -1.4537233536        1.0558034466       -4.7445034657
         3.2906885488        0.9699976651       -0.8913122221
        -1.2366654292       -7.0438996074       -5.9784345725
        -6.8017938540       -0.8026421417        0.6380153132
         8.4920598074        4.2073492450        0.4814986670
         5.1868469158        8.0680216588       -5.3656415244
        -5.5052642046        6.3357967729        6.0272630868
        -3.0150573411        4.1771765390       -6.0688762015
        -3.2532200388       -6.0030317937        2.9924961354
        -5.4980275710       -6.5207635306        9.0305162168
         2.9064962358        7.4718084158        0.7295575518
         2.7509972414       -0.8052571699        8.2906757833
         5.3741839277       -4.0835800460        3.1909131127
        -2.2948330178        8.0142563860        4.5602696901
         5.4840929010        6.7249987342       -8.8881855265
         4.8078772531        9.3868093739       -1.8104926774
        -0.4104974773       -2.7564429964        7.4890344680
         1.6624537354       -0.7845086837       -3.9028055538
        -5.7293866968        2.9283402551        0.5647890790
        -2.0499094002        6.0833171390        7.7273263098
        -8.9076871871       -2.7217248531        3.1585943865
        -0.9215692317        2.9283052407      -10.8345051743
         7.3243140885       -6.0517643352        0.6901080450
        -3.5433712834        6.0329259589       -0.1388573024
        -1.6580611164        4.1209581628       -2.5875020370
         2.2529244253       -7.8856001138       -4.4337379457
         3.7505335236       -4.5472890565       -3.3188021471
        -1.6784453056       -2.7496186857        3.9761630368
         5.4433909586       -4.6301968011       -9.0935130603
        -5.4277446641        7.9176384573        2.3817124023
         5.1567118172       -0.9244426759        5.3785994641
         1.6500602075       -3.9472947537        2.7277312759
        -7.5126789864        1.1972130911       -2.2892175439
        -3.1880992594        7.2316513980       -3.8086055148
        -0.1517323855        7.3894001395       -1.5463373151
         2.9793697718        2.2512309234        5.9168663762
         2.0490356360       -9.2313590544       -0.8106270547
         3.5674175901       -2.7527300653       -6.4549979344
         4.3413645262        2.3599946202        9.4085621668
        -9.4909035229        3.1020873470        0.1281364859
        -2.9747320943       -2.0681185605       -5.7885591441
        -4.3235395808       -2.1436773742       -9.2975446873
         7.3056333563        0.9821549191       -6.0916647528
        -8.4739138671       -4.0790422994       -0.4120031678
         1.3380021245       -9.0535507857        6.5624529033
        -2.3134738202       -4.6539337458       10.0493276223
        -7.5578444650        4.8112098546        3.0592860545
        -1.3488879513        9.2491146165       -6.3956070207
