         9.5352656745       -0.5149887647        6.6951718447
       -0.0627952163        1.1259914562        1.2386128716
        1.3651640415        9.7238939458        5.5222029849
       -3.0464082991        0.8041029786       10.4944131796
       -6.2235168719        0.6649232676        1.5103068509
        2.1038242010       -3.8855438014       -2.6360349957
        3.0584998088       -0.9512982741      -10.4511787564
        5.6494967495       -7.7782067367        0.9253771425
       -6.4694142267       -8.1086074446       -2.2022640174
        0.4060415793       -6.8887222935       -4.0616290028
       -4.5166994261        9.6784605607        2.2633874776
       -6.0137387560       -3.9252645583        6.9305718351
        2.8945074372        2.5442713505       -8.7176331282
        1.4545211949        7.2582747518        0.8030882637
       -2.5930886975       -5.4450565655        2.4195805047
        8.2945445172       -1.9838549993       -6.3971568894
        0.1935460967       -1.5932996300        6.7559583414
       -1.7025818244       -4.5809216650       -6.2995090386
        0.0696739295       -1.2237644924       -1.1980039708
       -6.6453857609        2.9683720807       -6.7268282737
        0.6186568453       -8.0470703976        6.3880380308
        5.7282814051        3.0137263342       -2.2025795680
        2.5040470316       -9.5946600533       -5.4949722991
       -0.0127029570        1.8518751836        8.5368414049
       -2.8050332153       -2.1350180023        0.5393550845
        7.3323205115       -5.6281917733       -5.9283475069
       -3.3861436877       -7.0548821546       -3.9585825927
       -2.6619478188       10.2225112232       -1.0036099510
        5.5877370229        6.3087310827       -4.1437641808
        7.4272688579       -7.1896812260       -2.3847005833
       -4.2274213548        6.8883594361        7.8634410790
       -3.0566735703       -0.7346768160       -3.0155428581
       -4.8838553161       -3.6153892203       -4.3982599989
       -8.2912882455        1.8671500691        6.4441684736
        0.3871002567       -7.3603402737       -7.8361485486
       -6.3085157043        9.1152727013        5.5399574702
       -8.0033763866       -4.6302411872       -2.6160358388
        3.0715156712        0.6259194299        3.0536971174
       -6.3078297238       -0.1176648482       -4.7948497283
        2.4442094599        8.6264658182       -4.2314528477
        4.5208905602       -9.7976177385       -2.1836874553
       -5.2422005061        4.3485002927        0.9968558528
        4.6413266650        5.0027349524        0.8683851255
       -6.0970457122       -1.5880932399       -1.3109856217
       -5.6154088824        7.6677364899       -0.8951751415
       -0.4171253622        4.5824662872       -8.5870396279
       -0.3969899494        6.7668157722        4.1339909979
       -3.6408672685        5.4509539000       -6.6678795468
        2.1323412621       -4.3272988014       -6.3501484373
        3.7582686649       -8.3152185419        4.1635571709
       -8.1202807653       -3.0711083837       -6.1805743231
       -9.0803367213       -2.5745168982        0.4804217825
       -6.1483593723       -0.8230850636        4.9952786089
       -3.1751480346       -1.3646068416      -10.3693935356
        5.2622411379       -4.4622631717       -0.9492236179
       -0.1545712904        1.7723223164       -2.9576648548
        8.1338613957        2.9551703608        6.2271617153
       -2.1032780029        4.5530820444       10.1087495952
        3.1679214668        0.9198380460        6.7274257134
       -7.6742114417       -6.1268991507        0.9487271982
        5.1890659736        9.8763011649        5.3880004776
       -1.2296554241      -10.5681343723        1.1459179651
       -7.3277090571        5.5074716844        5.9826890758
       -0.6402561126       10.0747420533        2.2605369163
       -3.6766319891        8.2241882267       -4.1519703452
       -0.0398018314        1.5095155412        4.8764991724
        7.6560725550        6.0229304749       -0.9159970766
        3.6451354532       -5.5758241693        6.6824191910
        2.1137378844       -4.6982801973      -10.0478049645
       -9.5207284989        0.4017289661       -6.6537973888
        9.3576810362       -1.3585109857        0.2382140912
        2.8155422353        2.0200657099       -0.4951200454
        0.6490406279      -10.1944352778       -2.1787405580
       -6.1377836277        2.2297820275       -2.0493521123
        0.0156975031        2.1636325305       12.2283486576
        0.2235383280       -1.3005511663       10.4881244435
        1.7440142050        4.8079044944       10.0577918665
        8.4426597943       -5.0622670013        0.7379498135
        3.3950835838        6.9315263061        4.0313707732
       -9.3872977519       -0.2448916892        3.3956041025
        0.3852991191       -4.8424017678        4.8346440371
       -2.5141752489       -8.7286023255        4.2451447125
       -2.0955656295        3.7685274728        2.7005964322
        6.6581913105       -3.0860557096        6.7628996198
        1.2583478237       10.4810428066       -1.0553123649
       -2.3844320499        7.0047943496        0.8539571686
        2.9618365352        2.7722998517       -4.9038060939
       -0.1838834164        1.4672851466       -6.6972184866
        6.4582098413        7.9932276137        2.2466753882
       -9.2097625820        2.7533769989       -3.7843679733
       -5.7274651924       -3.1219786774        2.2367385708
       -4.9811525583       -4.0268470385       -8.1734683157
       -4.5434333790       -8.4514573980        1.0588608283
       -0.5323320335        7.4991294088       -2.4249838573
        0.4288260390       -4.7575291802        8.5937459610
       -8.4662033260        3.4366134566        2.8745982971
       -3.1551600310       -1.0478720366       -6.6852901914
        6.1362738401        0.3750808576       -8.6775544858
       -3.0763311841        1.6296404306       -0.4210905265
        0.3030292083       -4.3995535088        0.5782356739
       -6.4845107262        5.5135582811       -3.9863076037
        6.0182502974        3.8073335701       -6.8958742037
       -3.4266410921        2.3485037377       -4.8186915777
        0.0232323237       -1.9949392676       -8.4841446157
        2.7124425409        5.8716278706       -6.7536224355
        9.4170382064        0.9975261446        3.1475422895
       -0.3771259255        7.2260280572        7.9079850517
       -2.1220645602        4.1967187234        6.4131014584
        9.3863634745        0.1456134185       -3.3554664669
        6.2250802807       -0.7736665204       -1.4716481131
       -2.8811799532       -2.6850837414        8.7529851141
        9.0856230143        2.4814118494       -0.4447728174
        3.0552003129       -0.3281743428       -3.0938590205
        2.3875023501       -7.1199239944       -0.7732519051
        6.5211563779       -5.6110768835        4.0120618102
       -0.6093112965        7.8702544497       -6.5557914113
        2.5939081214        5.3276830773       -2.3710668933
       -9.4014966320       -1.0954692751       -3.1076219466
       -0.7709776983       10.7677796498       -4.2240915751
       -7.3996926238        7.0766441774        2.4290285728
       -3.3426547445        4.9366424932       -2.2950428115
       -5.6119157967       -6.4116132926        4.1702453244
       -0.0043613781       -2.3206815750      -12.1776332281
        1.7116442192        4.4502324800        6.3623680582
       -1.6336704376       -4.1335613886       -2.5870102048
        4.9930870861        3.8952993997        8.2255697841
        8.6588958816        3.9333707580       -4.0175934874
        3.4439654517       -2.4566138875        4.8556879834
        6.1466594055        0.7084475233       -4.9578250092
        0.0490440240       -1.6351242170       -4.8258575069
       -3.0544347072        0.2192203777        3.1319611028
       -5.2504902332        3.2166644438        8.3607331718
        3.3574712847       -5.0525602292        2.3422550894
        8.0059654594        4.5251833642        2.6573788920
       -2.9624717424       -2.8805921514        4.9405947870
       -8.6661180070       -4.0315540028        4.0490553920
        0.5404221490       -7.6140574972        2.5213020605
       -3.0895185677        0.5049886395        6.8088382246
        3.4376682978       -2.2666468454        8.6691614970
        4.1880302602       -6.5534528722       -4.0583447577
       -1.7331730656       -4.9529674390       -9.9968905806
        6.3149938527       -9.2405106845       -5.4664455893
       -3.4308920996        2.1253527088       -8.6331405871
       -3.2401447342      -10.3107153374       -2.0812614206
       -2.6996805256       -5.9955238179        6.7664694420
       -6.1274728066       -0.5049629067        8.7174495816
        4.8974709727        3.4967527758        4.4492213758
       -1.4410808950       -7.3730879040       -0.7225515710
        3.2534480433       10.1917309057        2.1606069851
       -6.3533179175       -0.4525454017       -8.5130817589
       -0.2121621028        1.1409778576      -10.4416317321
        6.6864554014        6.4353212876        5.7974597736
       -5.2036658138        2.8276413240        4.5820286084
        3.1842472560        1.2172966789       10.4127474472
        5.2072478632       -2.9465377918       -4.5307465241
        4.2353768169       -7.0214169863       -7.7936578369
        3.0818505467       -1.7448351467        0.4645930139
        6.3263328150        0.0037270213        4.8323015019
        2.6468698672      -10.3119713451        1.0947047490
        0.1613217556       -1.8586175333        3.0002753415
        6.1111683765        1.4799686182        1.3498043185
        6.1520193849       -2.3367706691        2.0826479113
       -6.6737156041       -6.5555151732       -5.7437602372
       -4.6447580398       -5.1180103308       -0.8201749580
       -9.3495891969        1.2656137864       -0.2025033066
       -9.2085553784       -1.7575945001        6.9418471830
       -0.3793999405        4.7690749676       -4.7958894413
       -1.3546831983       -9.8500207713       -5.4440586915
        5.2577151821       -3.3485917576       -8.3083925183
       -5.1770769529      -10.0011584647       -5.3149767026
        8.4788042332       -3.5411972892       -2.8330720911
        4.5244201887        8.3370077074       -1.0282183778
       -4.1787131654        6.4303075459        4.1313811558
        9.2300248616       -2.8493170500        3.8156897686
        6.3633653370        0.3228834485        8.5531974076
        1.6425922207        4.0162189021        2.6512878611
        3.4815216219        7.3986198636        7.7613581242
       -2.4957595761        9.4684066328        5.5732990810
        3.0955030696       -0.6331564312       -6.7666788112
       -8.4103093285        4.9616278446       -0.7054336030
       -0.2959887961        4.2931254196       -0.5133237712
        9.2108295140        1.6432805618       -6.9005178851
       -3.4698097907       -7.5313358242       -7.6918561381
