         2.1230227786       -9.5311936645        6.3477489737
       -1.7824319591       -9.2752239025       -6.2100261526
        9.2825958287        1.8121498864       -6.7966454299
       -1.5092692166        6.7512806769       -3.9154051323
       -8.9987443638        3.3477826691       -2.0124261905
        3.5852267443       -1.3524903804       -6.4390877935
        0.3068380650        6.9373511670        8.9190968769
        2.5238488472        2.7514873403        6.4964955821
        0.8274629289        4.7018124095        1.8323888098
        3.7729711089        6.2192717275        7.4221936551
        8.9987439108       -3.3477824251        2.0124266161
       -5.3793195342        6.3870963701        2.5818927430
       -1.7027080790        7.3265526398        2.6504637054
        9.0609628056       -2.5507062601       -1.7968457351
       -3.2503460556      -11.4848123599       -3.4470027246
        6.2351917168       -3.9273712117       -7.3281465600
        0.5076541735      -10.7445071022       -3.4740603840
        1.8885199224        5.1633647347       -3.3239714034
       -8.1874157551       -4.4817375354        4.4463079924
       -9.3859946193       -0.2868533988       -0.8093739834
       -3.7444992337       -5.8075994147        0.0154285677
       -7.1444520280       -5.4212953402       -5.7633386566
        5.9009111264        1.9970207735        4.9375401106
        6.3289645479        0.0275461522       -1.1041149621
        0.2416388652       -1.1907907020        3.3049597588
        6.0831494773       -9.1156234324       -0.0862933580
        8.9036239337        3.1376081479        3.1869244837
        3.2484397855       -1.0483929785        0.8646369526
        8.4668448532       -5.3389911800       -4.4625643084
        5.8676352027       -2.8168478074       -3.7122938046
        2.2498945852        3.7692724932       10.0417833177
       -5.8676349816        2.8168487842        3.7122929412
        7.1444516277        5.4212940876        5.7633393864
        3.0370447582        1.3141470378       -8.9936235262
       -5.6467423573       -3.0483829956       -8.5130129556
        3.2502175131        8.6471425513       -2.5492813208
        1.7027088614       -7.3265526683       -2.6504642342
        3.7444997223        5.8075994551       -0.0154283437
       -6.2690570680       -0.7899377409        4.8231765119
       -2.8120090855       -2.2839688829        5.3058221124
       -1.5077600392      -10.8539672911       -0.1576253884
        0.0266209364        0.1672172765       -6.9080455149
        5.7514898789       -7.5499315601       -6.1392297970
        2.0077170458       -8.5107009838       -6.2509876201
        5.3793200762       -6.3870955717       -2.5818935279
        3.1451507403        0.1015956127        9.0517193406
       -3.5852269003        1.3524909053        6.4390874365
        1.5092687398       -6.7512803043        3.9154043670
       -9.2825958248       -1.8121494656        6.7966440810
       -4.8078342019       -6.2548768297        5.1570894152
        7.0144988716        6.2320377070        1.9479068825
        3.8874803261       -3.8406408130        3.3782444100
       -8.4668446200        5.3389920192        4.4625636164
       -3.2499381043        0.3501064391        2.9083172505
        0.6004887935       -2.4394243176       -4.4539899064
        6.2690574452        0.7899387476       -4.8231773973
        3.4304461412       -0.8544303385        5.3644852187
        8.1874151911        4.4817366346       -4.4463081595
        0.5775846598        5.8635517262        5.3747310311
       -0.8274624481       -4.7018133430       -1.8323891254
       -0.5076530277       10.7445068236        3.4740601024
        1.1439168587       -4.5227146881      -11.5145141763
       -3.2502166249       -8.6471428527        2.5492813029
       -6.6430479003        6.3815531310       -2.6422480654
       -7.9850396897        8.9118734995        3.3414229282
       -2.1230221645        9.5311946402       -6.3477490973
       -8.9036253557       -3.1376096653       -3.1869238149
       -0.7928212131        3.6965759560       -5.7152544753
       -1.3710057812        6.3179150172       -8.0680701564
        9.2409850076       -0.4905779179        4.6100830747
        5.8976170838       -3.5995233735        0.1060335881
       -0.3164520527        1.3414444259        0.9852761396
        9.4371117523        1.0624773542       -3.0145767986
       -0.2993156137        0.8757312456       10.5107734976
        6.2467767343       -0.8199229756        2.6949557118
        8.5883793425        3.8293347073       -0.6404689304
       -3.1674112491        5.0059363206        5.3395386508
       -5.7514894356        7.5499321560        6.1392290375
        3.9899100943        5.0742557895        3.8049255452
        2.2221111105        4.8830923996       -7.7493229468
        0.8758073183       -3.4977122171       -7.9622404278
       -3.4304448662        0.8544286010       -5.3644830096
        5.8062267302        3.3919982094       -7.3523972417
       -0.9145465656        4.0502076959       -1.3792691814
        0.3164516359       -1.3414450680       -0.9852760090
       -3.2484395476        1.0483935411       -0.8646383307
        6.5615995035       -0.2526339726       -8.3982916362
       -2.5238491271       -2.7514880735       -6.4964942648
       -9.0609624182        2.5507065636        1.7968451606
        0.5476921083       -2.7770657240        9.3927083074
       -3.8874810486        3.8406417506       -3.3782465577
       -0.2701507568       -7.4607981709        0.6390712657
       -3.7729712802       -6.2192724471       -7.4221930720
       -5.3145713313       -3.4675099102        2.5863168080
       -9.0232189370       -2.3799391639       -6.9686642853
        4.9933184379        9.2611689803        0.7939284062
       -3.1451513650       -0.1015957212       -9.0517174992
        2.8120096773        2.2839696730       -5.3058229182
       -2.8235654686        3.8657167173        1.7980790828
        1.5077612041       10.8539664864        0.1576253754
        6.5713970355       -0.5574835185        7.4687138242
       -3.4783187787        6.6023863646       -0.6742964638
       -2.2221113180       -4.8830919120        7.7493218517
        0.7928225052       -3.6965761864        5.7152551276
       -6.3289636998       -0.0275449363        1.1041140414
        2.0169377376        8.0808617247        2.6513960525
        6.9576288836       -3.5605437765        5.2676485493
       -3.4542404444        6.0760526072        8.8837533918
       -3.0370454749       -1.3141466000        8.9936227699
       -1.1439179530        4.5227150928       11.5145141190
       -6.2467768494        0.8199237312       -2.6949567143
        0.2890946594      -10.1905431189        3.1175185184
        5.6894907546        2.7247199888        1.2170522229
        9.3859952514        0.2868527503        0.8093739533
       -9.2409861623        0.4905776480       -4.6100820746
        3.4542402130       -6.0760521947       -8.8837540336
        3.9867977328       -3.4612327006        7.8076729968
        6.6796645291        6.9381878216       -1.8650963996
       -0.6004889020        2.4394242573        4.4539899799
       -4.5961067331        6.6074143433       -5.8731109206
        1.7824325340        9.2752233068        6.2100260623
       -6.2351918952        3.9273717963        7.3281457100
       -1.3670050332       -7.9729874480        5.8170766392
        3.2503472367       11.4848114882        3.4470027825
       -6.6796639521       -6.9381883722        1.8650963660
        5.6467419882        3.0483826840        8.5130146968
       -4.2804964013        9.8805140694        3.4386063335
        5.2187702755        8.4730395393        4.5911683484
        2.8235657779       -3.8657162518       -1.7980798075
        6.6430475112       -6.3815518457        2.6422479586
       -2.2498953437       -3.7692724810      -10.0417823092
       -5.8062267481       -3.3919976608        7.3523955537
       -5.6894922812       -2.7247207046       -1.2170511280
       -5.2187699808       -8.4730408737       -4.5911681669
        4.5961052882       -6.6074121903        5.8731105723
        3.1674114246       -5.0059360159       -5.3395392833
       -3.9867977772        3.4612323599       -7.8076690306
       -2.3209060431       10.1290094384        0.1418369419
       -0.5476932815        2.7770658681       -9.3927076884
       -6.9576312970        3.5605454719       -5.2676482234
       -8.5883808549       -3.8293364683        0.6404691492
        2.4834228080        2.3610074248       -0.8107760555
       -5.8976165833        3.5995243089       -0.1060348041
        4.1184845209       -9.3135990876        3.1535032773
        1.3670053633        7.9729873463       -5.8170765793
       -3.9899102557       -5.0742573177       -3.8049248726
        2.7212594084        1.7175263603        2.9644306049
       -7.0144989138       -6.2320387759       -1.9479065095
       -8.5390450236        6.1622153962        0.6667644329
        7.9850403769       -8.9118725514       -3.3414234117
       -8.8932797358        1.7486045454        5.6126314108
       -2.7212600270       -1.7175283872       -2.9644287167
       -5.9009116123       -1.9970224305       -4.9375380070
       -2.0077164993        8.5107010306        6.2509871059
        8.5390453582       -6.1622147030       -0.6667646353
        4.8078340827        6.2548762431       -5.1570896304
       -4.1184840715        9.3136003594       -3.1535035201
       -2.0169369295       -8.0808625883       -2.6513962235
        4.2804973643       -9.8805135785       -3.4386068443
       -2.4834232546       -2.3610074556        0.8107766926
       -0.8758076923        3.4977123555        7.9622404538
        2.3209070084      -10.1290092730       -0.1418372248
        5.3145704327        3.4675099195       -2.5863166022
        1.3710050679       -6.3179150069        8.0680713168
       -6.5713967294        0.5574830547       -7.4687101118
       -0.2416382109        1.1907900471       -3.3049596246
       -0.5775844197       -5.8635521370       -5.3747311599
       -0.0266206197       -0.1672173836        6.9080455447
        8.8932797335       -1.7486039654       -5.6126325164
       -1.8885200907       -5.1633646383        3.3239717593
       -0.2890937380       10.1905429334       -3.1175185298
        0.2993143924       -0.8757309771      -10.5107734517
       -6.5616000379        0.2526344821        8.3982907530
       -6.0831489249        9.1156244715        0.0862929803
       -0.3068382374       -6.9373512211       -8.9190969324
       -4.9933172034       -9.2611693658       -0.7939283106
        3.4783189144       -6.6023857174        0.6742955832
        3.8448100178       -2.3735656764       -9.9845107325
        0.9145456855       -4.0502079678        1.3792683670
       -9.4371107919       -1.0624775120        3.0145758691
       -3.8448109636        2.3735662068        9.9845103213
        0.2701511260        7.4607975668       -0.6390715880
        3.2499382991       -0.3501056993       -2.9083177302
        9.0232186322        2.3799385548        6.9686657422
