         2.2537986966       -1.6001084771        2.7193103333
        -9.7050195310        4.8062500172        1.3070896499
         6.5406135339       -7.7822507551        1.4549814161
         1.8669643237       -1.1856346879       -7.8315417631
        -2.3282511423       -9.7967421670        5.2754350931
       -10.6130060540        3.6782005848       -5.0189600463
        -2.1995430840      -10.5388683817       -1.3789040697
         3.0552425722        9.3802715059       -5.1486315921
        -8.2265470264        3.5869510627        4.5065781755
         6.1847987203       10.3673955817        1.7089332997
        -5.6343277564       -5.1078107715        2.0761064897
        -9.6738884758        6.0890846574       -2.2999495520
         1.0805924137        1.9188528721        2.6008284082
         0.4141246764        8.1345228398        4.1522413853
        -4.1849746353       -7.3991286985       -0.5841204697
        -3.7802171671       -4.7097792574        5.4449963407
        -4.3286175615        8.0486895705       -5.9461888017
        -4.3203882301        5.4605009796       -3.5106785071
         1.6140738582       -0.1429502209       -4.2759755666
        -3.9515156558       -3.7729728764        9.1325811119
        -3.5332351189       -1.9988559732       -4.0976267138
         0.7829676591        2.9829252049        5.9943162509
         6.5529911724       -1.3507277308       -2.9878143154
        -4.9628305956        4.3197171359        2.6434876830
       -10.2308621465        1.1154251289        2.2121159601
        -5.3352116935        9.1698568771        0.6770000240
         2.3955365054       -3.2972042800        9.0748338114
        10.8405262792        2.8774170565       -5.8592037411
        -4.1871493000      -10.2320302247        1.8935777623
         7.6244270973        2.2348320100       -4.1354590545
         4.4321812020        0.7129362221        1.1956773834
        -7.2392183127        7.0666719529        3.2059298939
        -5.3203827040        5.4293023884        6.2125662446
        -5.5671718028       -3.9164660194       -1.5841010944
         4.6438419184       -7.3499449629        4.7539697585
        -0.1575147560       -8.5796640758       -4.0320378825
         5.2340511263       -0.8300781698        8.1935716805
        -8.8534956212       -4.8335578687        0.1246453792
         7.8571044364        7.9801939597       -0.8325687769
        -3.8775358415       -0.7472157256       -0.6313459995
         1.2222664566       -4.3234864712        0.4461309975
         4.5921002904        7.1478290078        0.8455826525
        -6.6515667317        8.3798260929       -2.8791611970
         7.5920452443        0.5740366379        3.2623897626
         1.6020262645      -10.5412092346       -1.1872898412
         9.2352427330        3.8122930325        4.0692260141
         9.8065826435       -0.6811583200       -4.7750610420
        -4.4554359758        0.6514742697       -8.4051616232
         6.1166938514        3.8878830921        2.0713341318
        -0.9263349177       -2.0061666995       10.7030114593
         7.6380609369        1.4112814819       -0.4470042327
        10.7794266041        1.2806184731        1.5415188882
         3.6701889885       -3.0073770345       -4.8546874869
         1.4172742493        8.7951596545       -8.5368625452
         0.4557830854        3.9072440894        9.4735471328
        -4.6419070510        4.3914555084       -7.3958559856
        -3.6523806636       -7.4109584173        7.9651346011
         1.7242022020       -5.4317873445       -2.9856876038
        -3.2912131361       -2.9834822115       -7.6923906329
         0.1780201068       -4.2974208138       -9.1445808394
        -2.4657733598       -4.2738720773        0.2725935782
         8.4238640860       -1.8530892439        6.1781913216
        -6.9386295551       -2.7601322011        4.7320921239
         5.6369934036       -4.4843062237        7.1922303354
        -1.4060702345        0.1225738680       -6.4011739196
         7.5329307052       -4.9029994494        3.8840041060
        -3.8287521355       -1.9684559538        2.8890406675
        -3.0543712016        2.6175032695        5.5230123052
        -0.8026096495        6.4246854530       -2.8933214500
        -7.6408474013        2.1439528246       -6.7622642977
        -1.1349449561        0.7238763948        8.1777258918
        -8.6066347818       -3.5407248085       -3.5528654722
        -9.1629992770        0.0483255873        5.6441139584
        -4.5966632660        1.5845696073       -4.7792170034
        -0.8050178929       -2.9612434367        7.1462265379
         4.4446497340        1.5347517208       -2.4434871710
         1.5158144260       -9.6357829707        5.4883791623
         5.8509632755        5.1278372320        5.6156056173
         5.3735491947      -10.5269081788       -0.9448314843
         6.2015081725        4.7576479848       -1.6690573948
         6.2910994324        7.5008465980       -4.3035157454
         3.3571487338       -7.4032901357       -0.2872429060
         5.2666747800       -1.8916539176        4.5086682581
        -5.9818491653      -10.4973502852       -1.5134354299
         8.0279433118        1.1299418857       -7.7128845498
         7.7590168476        4.9008248436       -6.8042933986
        10.8383631774        2.0634054789       -2.1756207552
         4.4162328920       -4.6924831216        2.0429248236
        -0.6860066390       -3.8762722799        3.5579402601
        -1.4952021611        5.9480237157        6.7169592135
        -5.3752469363       -5.0795269095       -5.2222452501
        -7.3042617249       -7.0700446095       -2.5726204925
         3.0058750402        6.6889017296       -2.5640816889
         2.3663603278       10.1169917974        1.4753635844
         2.3454645039        6.2369323341        6.9800444886
         0.7945317921        6.8893229571        0.5742292860
         7.3158785194       -7.6849377764       -2.3757556719
         1.9325391342       -6.4734126769       -6.4761491793
         4.6292051907        9.9050649580       -1.7118938897
        -1.6053812614        1.0556261881       -2.8276511553
        -6.8643432175       -0.3472895495       -2.4557872318
         3.3195787896       -1.9996979341       -1.1826082933
         3.7104548887       -8.5506476619       -3.7476099218
         3.4778337827      -10.0762492760        2.2728902326
        -4.0572786187       -1.0235809398        6.5099074539
        -6.5575679929        5.7197074025       -0.3420388674
         4.0382098768       -4.0904855094       -8.4179415631
        -0.5525166278       -6.6009615929        6.0729369656
         2.9827591139        3.9527138759        0.0139579630
         4.5505688779        4.2157462763       -5.0900985101
        -9.8199845068        0.0344374435       -4.4395188613
         9.4222246322        5.4616616913       -3.3808652771
         6.9956939016       -2.4581843115       -6.6438525331
        -0.1208907717       -3.3918202283       -5.6560867029
         4.2727911050        8.3801402940        4.3638940910
         1.3866387668        6.1140484654       -5.9376510012
        -0.3626030089       -2.3769765947       -2.2509514273
        -0.9747915485       -0.2761621585        4.5905501956
       -10.1473058040       -1.3241100442       -0.8125063843
         5.7316928711       -5.9104249513       -5.4364368816
         1.3167325252        0.8084148427       -0.7668215137
         6.5983374411       -2.1196153506        0.7850080312
        -0.7572257017        9.1739263486       -5.4379406714
        -1.1306989052        4.8609480678        3.1746274149
        -4.0236350854       -8.5226253853       -4.1509149469
        -1.9686781315       -6.4564903814       -6.7243997155
        -7.1768856594       -1.7946796660        8.3733412091
         9.8579834953       -2.2760387721        2.6274078566
         1.3633482685        3.4427780966       -3.3483921887
        -0.7675086852        3.6747574830       -0.3334531294
        -3.0153288836        6.4130786515        0.1467236014
         4.9060054208        3.1703321808       -8.7333846557
         2.6490342793       -6.9003303080        7.9524703987
         4.6001357148        6.8823183936       -7.7012856389
        -7.0848798665       -1.6210748595        1.1293906541
        -3.4551374377        7.6880002474        3.7438133295
         9.8707874100       -1.5252958911       -1.0782143302
        -5.6039975145       -7.9363117923        4.6326294376
         5.1214800470       -0.5786877877       -9.5208429853
         2.7014418177        5.1337728069        3.4896100523
       -10.5230148153        2.3567798978       -1.4317854877
         2.4500927135       -4.2546017055        5.3663583813
        -1.6265223065        3.7972453561       -5.4394585070
        -6.6044785879       -1.4938743420       -6.0818667551
        -2.7330593781        1.6465952346        1.9551639594
         7.3723744802        1.8229063663        6.7212142361
        -0.4234602753       -7.4495742356       -0.4645446704
         7.7211481900        7.1211159486        2.9183371707
        -6.3082169089        1.8697478935        7.4161574860
        -7.4115645776        3.2189158293       -3.0993167177
         1.9304422263        1.4233412289      -10.4689349195
         2.0184097813        0.3607779948       10.0281166275
        -3.0570641885        9.2497838699       -2.4041721037
         2.1026523115       -0.5785627095        6.4038465012
         3.9349622382        2.9028496950        8.1018265821
         1.6406512358        2.4725895980       -6.9386746831
         8.6634214322       -4.2497027837       -3.6144473265
         4.8007759732        0.5007269558       -6.0032698845
        -7.2291986151        2.0275702800        0.5354391178
        -1.5071654518        9.7026479450        1.1214521458
        -0.3448864582      -10.2563815952        2.0765851057
         1.4059983223       -7.0110150021        2.9184864863
        -3.3549364738        3.5997133920        9.0654364072
         8.6715506671       -5.0124588735        0.1279136646
        -5.9726388238        0.8389984764        3.7853691524
        -1.6016996501        6.5318802220       -8.0810749302
         9.4193350086        4.6742766060        0.3634908668
        -1.1782791702       -0.8029083953       -9.9692264901
        -0.6174500953       -5.6752108097        9.6551392264
        -0.7797889883       -1.1722876973        1.0448772999
        -2.4020216146       -7.0818358825        2.7624225573
        -1.4189787864        2.8833964710       -9.0999181296
        -4.2284128377        2.8625651193       -1.1191147607
         1.6900907391        5.1325490608       -9.5548240898
        -7.4026375808       -8.2353250775        1.1761163899
        -6.9067079896       -5.4966443053        7.3030458900
         0.7887356084        9.7256719421       -1.9917101633
         5.3644780204       -4.7866671431       -1.7754709189
        -4.2206160211       -0.0380785309       10.0735357961
         4.2483610995        1.7783497431        4.6525291616
       -10.2247569300       -2.5625005914        2.8840437999
        -8.7760048731       -5.9324249200        3.9019141014
        -7.5493036183        5.9071745446       -5.5723773844
        -2.1878944147       -5.4510790583       -3.1922336043
       -10.0745479166       -3.5252588827        6.5685123444
