        -8.8082263917       -5.6160513572        2.6161618461
         7.8517714419       -4.2369109265       -4.0843247070
        -1.2875018011        6.7711604931       -2.9332308184
        11.0651560191       -2.7861698614        2.3745822909
         4.9029649744        1.9088392469       -7.2247274354
        -4.2344077745       -1.8775564526        0.1629523437
         1.1414015531       -3.2406888834        4.7677207157
       -10.1926239792        0.3226983229        2.7957789506
        -6.2236094955       -8.3873760724        3.0810414172
         2.2243020232       -4.5612117774       -9.5359554684
        -8.5257285051       -2.5162031909        4.8060467855
         9.5257206336       -0.7174576923        5.2051330460
        -4.9123086453       -5.6721383435       -4.9517792802
         3.5189543126       -1.2293942187       -5.4618198646
         3.7512961025       -4.8678555720        6.8345311501
        10.4473940870        2.2200101466       -1.6105978510
        -4.7702822296        2.0318442134       -8.4484124432
        -5.4155604180        2.0498034641       -4.6552313904
        -7.8397374426       -2.3194491308        1.1918380733
         0.7680120952        0.1384736712       10.2462754471
         3.9917213340        6.0493621755        5.0054512590
        -0.5120401589        7.9208641799        0.6070661682
         7.2040713433       -3.1403180580        7.0866787973
        -0.1342249130       -9.6312470219        4.1431955095
        -1.5430156350        4.6261519407        1.9981706359
        -6.3971283809       -4.0143785144       -1.8948070811
         0.2071292087       -9.7334600797       -5.8291850996
         2.1735770031        7.9829455036       -2.0852083024
        -7.4853554941       -7.3817367616       -0.4921146355
        -0.4810435727        7.0506503837        7.8911378764
         1.9366328733        1.5493985669       -9.8612135632
        -1.3092605323       -6.6524280615       -4.3654798438
         8.5812901665       -1.1667561700        0.0952504904
         3.3524276970       11.1733724278       -3.5426186859
         2.9745269344        8.0577514112       -5.7403946641
         5.8984850567       -7.9404485936        1.6998432033
        -9.3544363646        2.8193598571       -0.1047718507
         1.3453139830      -10.8348664886       -2.2758932359
        -9.9584596970       -4.4757522980       -0.9267150626
        -0.6348956967       -6.7314430417       -8.1115000444
        -0.0146683811       -1.4963934983       -4.3857429700
         5.4194341011        5.1345099713       -5.1865980733
        -3.6118102274      -11.1072724921        3.4781519674
        -3.9988733594        6.5883761860       -0.1764334233
        -8.3378305760        5.1648175468       -3.0459107585
        10.2325985917       -4.1651976133       -1.1856981874
        -0.1687567220       -7.7389251032       -0.8456790730
         7.4763315072       -3.0370834273        3.2376483051
         6.2089862509       -1.0584007235       -2.6917941069
         7.6516460544        6.5326315423        4.2280185205
         3.5643955036        1.8330956343        0.0831891923
         6.8607331368        0.7517242465        2.9280645584
         2.3940159932       -9.5904708563        1.2697277530
         2.6959272354       -1.1197967522       -1.8568938458
         7.9801547600       -7.3031586211       -1.5995382845
         9.1021723412       -6.0426077654        1.8759884144
        -1.1109630298        3.5835332684       -8.6301187894
        -4.1542535567        7.7625661958        6.8789518746
        -3.2868429664       -7.9951177787        5.6772536851
         1.5344583294       10.2598693867        2.8044673032
        -7.3916221773       -3.9350517153       -7.0752595785
        -0.1309038262        9.9498637515       -4.3787951917
        -3.3540280726        1.3461558428        1.2845094148
        -1.4884564753       -3.6051983435      -10.1645945271
         9.1595378862        4.4667885016        1.2868439624
         0.2214089254       -6.5016102942        6.3778077386
         5.7632972009        8.2565889597       -2.9908187100
        -5.9524505400       -5.2697448039        5.3113344847
         5.1472752172       -4.3971934956       -6.9543818859
        -5.6253181295       -1.9775751413        7.2888794009
         4.2732779066       -4.7561905224        3.0304134269
         3.3925645723       -8.0138738978        4.6585142101
         0.7985130009       -6.3887728414        2.6207921373
        -5.2254924395       -1.7710872002       -4.8719184668
         1.5221204499        0.0318472822        6.6096165638
        -5.0970960186        4.3402604666        2.7266445850
        -3.8506435108       -6.8614505712       -1.4991930726
         4.2996444010       -4.2444844567       -3.2754695741
        -7.1364126039        7.4533657733       -5.8697966103
        -2.3836066964        0.2530486792       -6.4091593115
        -2.3151889416        3.6021631950       -1.4475854737
         6.3707305076        4.4841623657        7.3615960552
        -8.5392526791       -6.1288456405       -4.0396337128
        -0.7467198835        1.7242688739        4.2352045671
        -8.6659477127        3.9059424111        3.5111168779
         6.4868724390       -4.3590352565       -0.2842508234
        -4.8410400600      -10.1428364562       -0.0557906649
        -4.3202593337       -5.6985388792       -8.6708563939
         0.4034205227        6.9135220116        4.1924822369
         3.3238936101       -6.2747330712       -0.2757197408
        -2.1428826671       -3.5995539174       -6.5291617020
        -7.6446595987        6.2401621255        0.5640099399
        -1.2486971720        9.9476433734        5.5118540760
        -0.5822659723        6.8159400978       -6.6182608394
         1.5302930727       -4.5353895582       -5.9072812631
         5.1561945797        9.3457571825        3.6259268752
        -5.6337768077        9.5679156383        1.2245517869
        -2.3429432383      -10.0312559429       -2.9666788715
         1.0978199349        4.7754027290       -0.6676262723
        -1.7162087586       -4.6123309668        0.5570856585
        -8.9295665699       -2.2730554502       -4.0310437233
         0.7250339977       -1.5212286156       -8.0267773610
        -5.1508584535        1.4599250835        8.6822446177
        -4.2353981315        1.3866729823        5.0118047515
         4.3198200008        2.2152982133        5.1519913647
        -6.7683350973        1.0194568436        2.0598896634
         3.0474996935       -7.6119773331       -7.3764105293
        -3.0798764639        0.3721283266       -2.6477590508
        -1.8653051346        3.5804962102       -5.0603384064
        -4.6425897631       -1.8286779901       -8.6729613318
         6.8772970014       -6.3260179038        5.0362785755
         1.7239085924       -3.1627089496        1.0948665545
         0.5267406122        1.7077554729       -2.8275363654
        -2.1172410736       10.9828816436        1.9292462098
        -5.2774608817       -5.1167110735        1.6131820467
         5.8674917213       -7.3867215658       -4.7353372453
        -1.5927527425        1.7696809181        7.8427518132
         3.6181957853        2.2940891674        8.8781302201
        -2.7087150671       -1.4583696832        9.7587804025
         4.3146430921       -1.3561595001       -9.0661917341
         2.0057097698        3.8072654220        2.8303052290
        -1.7581751315        0.2214299134      -10.0990559006
         2.2231214085       -0.0806868841        2.9611559338
        -2.7906334975       -3.5290843233       -2.8608982555
        -2.4478394990        4.7437131235        5.5898730602
        -7.6975462948        3.8581269822       -6.6774812832
        -1.1355258228      -11.0002213212        0.6173899024
        -6.0846051000        4.4069671313        6.4318722920
         4.6579878472       -1.5727021956        5.0658558174
        -5.8484752824        3.2370488619       -0.9254619172
        -3.6409738508        8.6976854228       -5.1542193067
        10.6037928740        1.0996787927        2.0870829058
         0.6213937199       11.1687668542       -0.8164386077
         2.3184731644       -7.4985346342       -3.6896123660
         1.2024153800        3.9399733144        6.4898154178
        -6.7519679510       -0.1543315744       -1.7267678747
         6.7940164729        7.4328388480        0.6066363591
         7.7168851908        2.0934970377       -4.4246119867
         8.1555287142        5.2622402251       -2.3401438413
        -3.4546167497       -8.7966774781       -6.4877207058
        -6.8243050838        7.3077358603        4.1113947649
        -6.0027894718       -9.0256353904       -3.6147207795
        -6.4149996128        8.4949550230       -2.3278245974
        12.2574175620       -0.9568924642       -0.6783418799
         2.4018869207        9.1602712240        6.3843345657
        -4.7617950923        5.4779938899       -3.6997445549
         3.8519394275      -10.5838183445       -5.1308607491
         4.2770124840       10.2822628419        0.0238226665
        -3.2042678099        7.6772473851        3.3051156409
         4.9278483950       -1.4470602701        0.9643513051
        -1.3871861149       -1.4673221155        2.6896069490
         6.7842202523        0.6729359589        7.3186870184
         0.7839500179       -4.4273831353       -2.2541402831
        -7.6399084428       -0.0224843074       -6.9603512335
        -2.9295897034        9.9187547030       -1.6159761473
        -2.0247538839       -1.4974899843        6.2040888625
        -7.0729196878       -7.7826987640       -7.0975978736
         4.6335739943        5.0493672845       -1.4441694999
        -2.6681808001       -7.8556654417        1.9958218903
         7.1024813836       -1.1632171362       -6.3287608875
        -7.7396848492        0.9826421937        5.7793733981
         5.6455783153        4.1644237046        2.1799192905
         3.1928329275        6.1677968866        8.6933844897
         9.7886784480       -1.0161509340       -3.5288723135
         3.1402705031        7.0685395379        1.4710903331
         1.7428306925        4.8849634219       -4.2768574696
        -9.1190259869        1.5956548350       -3.8309475539
        -4.1759523037        5.5347557026       -7.3152475065
        -2.9743448815       -4.7637168662        7.7926227477
         2.5114321546        4.8427194858       -7.8743745717
         0.5281079561       -3.2316504403        8.4371137379
         0.3700046276        4.0087597790       10.1112150082
         6.9956908423        2.0437210982       -0.6832863732
        -0.7186974363       -1.3849251664       -0.8031306017
        -2.3638951482       -4.7224621439        4.1739032922
         4.8448579174       -9.4117703213       -1.6496296820
         0.0769597685        1.5789838608        0.6727687437
       -10.3765527783       -0.6677614562       -0.9263354396
         4.1272404699        1.9931231722       -3.5709427324
        -2.4762877915        1.8888064412       11.4371333583
         8.7724637723        3.0281335496        4.8819010648
        -4.9936246143       -1.9228084474        3.7042623418
         1.2301843038        1.6988031595       -6.3177567085
         6.0113168480        8.2700495428        7.1919415578
        -3.3398842290        4.8246565267        9.1852864828
         4.0182216453       -1.5650273256        8.7714645321
