        -6.6650429397        0.3359916088        0.7772132965
         0.9866423321       -2.9313899677      -11.7780608973
         6.8165356691        2.8367048400        2.0007538636
         3.4081570609       -0.8176778494       -9.6973918496
         3.6475598159        1.3582857026        3.2943221432
        -1.0487619556        2.9930177373       11.7861413947
        -6.5191372316       -8.6656023724       -2.5386611029
        -8.3164423174       -3.0150790706        5.1306941248
         5.3827490730       -6.8712813956        0.7547394213
         2.6462294341       -4.3827608941        1.4406898489
        -7.3009812276       -3.4692357890        1.3917081038
        -5.6973348650        2.7874646491        7.1024004493
         7.8857096278        7.5027273514       -0.3400873772
         4.9074148957        2.1173925285       -3.9479375360
        -4.1377974440       -2.1009085132        0.0471327083
         1.8900723270        0.7545314548       -2.6170671411
         1.8941860149       -4.3417183694        5.4172618167
        -0.0374708978        0.5862127886      -10.8184762243
         8.0787412882       -9.4175365626        0.1775196026
         6.6079696600       -7.9924335358       -2.9887559148
         0.0214258571       -0.4603796878       10.5189778489
         0.7131335348        1.1545299766        1.0768803921
        -0.4540774727       -6.3077682545        3.1774657628
         4.8041099756        5.9638140585        1.0395434203
        -4.3272002264        7.3964970150       -5.5913488768
         2.1289658572        8.4903602527        7.3039365953
         0.0435992175       -9.2161810491        5.2875115969
        -1.4433019116        1.9881577449       -3.7399995052
         2.1706090142       -3.9154170374       -5.3814740510
        -2.8992770988        0.4132071229        6.0630741756
        -2.4421005308       -2.5596705933        8.4302872842
         5.9377636926       -7.2935411461        5.9406447781
         9.5661358673        1.6910610169        7.8035127008
        -1.5220920728       -4.7418777933       -6.0842209494
         1.4281550976       -3.2367047644       -1.8132794173
         2.8386796897        8.0604035129       -4.7910024947
         4.3899601197      -10.1001520765       -0.6077555712
         1.2210769749        6.3208876241       -7.6694664660
        -5.2660619863       -1.5792754124        3.8098472214
         1.1617329630        7.1609143290        0.0977208592
        -6.9411518892        4.6071231700       -5.2750662962
         7.1960503188       -4.2265590371       -3.8557165285
         4.3273125699        8.8269010705       -1.3139278367
         1.3340969006       -1.5398014236        3.3079249187
        -2.6497173681       -8.0215630232       -7.4512457066
         0.1599423634        1.8310985155        4.6077449594
         3.7956327326        2.6268690800       -0.1929026299
        -0.4202908804       -1.4402974104       -4.6980089428
        -8.3841147411       -5.4355861723       -3.5201659073
        -4.8449886040       -4.5538523659        6.1494457887
        -3.1000213320      -10.1451914398       -1.6080958567
        -3.3156196670       -1.4852410216       -7.0786964509
        -1.9566990762       -6.8035935862       -0.2623897913
         0.6762010716       -0.9964357105        6.9074483555
         7.6879947658       -0.3740317646       -4.6326988832
         2.3841305311        2.7857949317       -8.7346497762
       -10.0678386699       -2.0679123045       -4.4144876798
        -1.1053658312        4.0993777059       -9.8097037408
        -3.5722312248       -7.8723740453        4.5855691222
        -5.2320407346        8.8610095579        0.7552296066
        -4.7454552915        4.8196979249       -8.4760432790
        -4.4827800042       -4.8184773251       -8.4838034109
        -1.5836823918        7.6290076768        7.0050265987
         3.4262994486       -1.0405394033        0.2839599722
        -6.2554585821       -1.5196987217       -9.3658758235
        -3.5087287428        0.9422076566        9.6865125454
        -4.3290227621        2.0364120723       -5.9909290378
         5.6850717781        8.0019214647        5.9257749869
        -0.9726941799        6.8905328014        3.3241711731
         4.1306759493        5.3701588912        8.3409315643
        -7.7335937605        4.6718779151        4.4223648569
         8.7912373206       -5.8181619619       -0.7355500854
         2.1991164410       10.5539660668        1.3455328615
         8.2148536107       -4.1901515836        5.8302943246
        -9.4402975046        1.7250053920       -5.0100405728
         2.0318912691      -10.5958417472        2.2868462281
        -7.2739684437        2.0321200654       -8.2080130582
        -0.7999427583        9.0725852181       -5.6931388934
         2.6330285442       -0.0238554995       -6.1563354741
        -2.5627907244        4.2352444583        5.6185805275
        -1.7991387729        4.8378019839       -6.2300971664
        -3.7120568695        1.3131887339       -9.6630068488
         2.4127149371       -7.2522800611        7.5080138815
         6.0893750152       -3.4026595231       -0.2218996666
         0.0258025544       10.2253542170        4.5539926095
        -0.3537744901        6.4540169676       -3.3405934908
         5.7624389520        1.3376285559       -7.5108278337
        -6.4252314124        1.7369870216       -2.7715303181
         9.1223232262       -3.3118085622        2.1104812010
        -3.9741233160       -4.9464016229        2.4069186288
         6.6098336079        0.3496590296       -0.9996989182
         1.1601910520       -7.2864136716       -6.8658495937
        -8.0373863074       -4.0541405508       -7.0881472952
        -2.5987713831        6.3079441987       -0.1750087191
        -2.1552134374       -3.9369962776       -2.5126287952
        -7.1374422758       -6.4045392398        3.7068405270
         5.4218945757       -4.3250467565        3.6329930300
        -5.0964223882       -4.0332228682       -4.8210151936
        -1.7473423176       -3.0158878037        4.7711585050
         1.7060899484        4.4054205987        2.3760076136
       -10.5106254299       -4.8034300219        2.6714053476
        -3.3835864794        1.7537740842       -0.5739266457
        -9.7730065437        0.4144936224       -1.4386339572
        -3.2972337461       -7.2061371001       -3.8415572688
         1.1900914003       -3.9043156143        9.0829174079
        -5.3567105031       -5.3841228931       -1.2278513579
        -8.0455902704        0.8206556874        4.7729914107
        -5.9455111155       -1.0803010234        7.4614133307
        -1.5727961318       -9.7227836183        1.8595347475
        -0.8433329239       -3.4358920415        1.1014769437
         0.5362597142        5.7767359827        9.6234924638
         4.8343799057       -4.2841230884        7.8407630975
        -8.3575865719        6.5309820855        1.0177044181
        -9.9332117379       -1.0187657864        2.1152582687
        -5.2489391353        6.6322362142        6.6113001490
         4.4932379748       -1.7758425129       -3.3052109895
         2.4987994508        2.5775679385       10.5305163057
        -6.7976868990       -0.7759184079       -5.7199235456
         3.0107311737       -7.3608558063        3.7209693696
        -7.1080071082       -2.1025437427       -2.1759955045
        -6.2517896458       -7.3148750417       -6.1501088721
        -0.7125092688       -9.8106277108       -4.6934499645
         9.4386922666       -0.7496911179        4.8891558330
         2.6867760781        7.7089706057        3.6614802826
        -3.6351974178        9.3490087701        4.2501149203
        -9.7631929188       -0.7741947417       -7.9552141775
         6.5999293585        1.5300774375        5.5466902283
         3.9551362024       -5.6405663583       -2.3844040755
         6.9014157504        4.0880022973       -1.5594855060
         2.9883552881       -8.9894762012       -3.9059092578
        -6.3837361395        7.0230446820       -2.2968279850
         7.8719460600        6.2446599229        3.2956301871
         6.0543934053        2.1661031434        9.2060049585
       -10.3125342426       -3.4263716018       -0.8607901971
         2.9473530454       -4.6231654436       -8.9578179407
        -0.8153210400       -5.4882799231       -9.6424316296
         6.4622546457        6.9091949515       -3.8641527520
         0.0963455333        3.7737767070       -1.1227539545
        -1.9036288816        3.5796857127        2.0495580643
        -5.0120610658        2.2660645341        3.3798751092
        -1.5165596751        9.7626852382        0.9949910571
        -2.6423583209       -2.2424293263      -10.6555093342
         4.6915554761        4.6657276494        4.6501411121
         4.2855494423       -1.4373356685        5.6396523560
         3.3144644824        5.3409902931       -2.4763919960
         0.2416008957       -2.1660585130       -8.2355290382
        -3.8241228747        4.5932869767       -3.0891330025
         0.3704413433       -6.5615984682       -3.2250640969
        -3.1681745396        4.8050060271        9.2225694212
        -5.8781429183        4.1275858722        0.1447000160
         1.6473123476       -7.5004490448        0.1138224825
        -3.8877361306       -0.7656368898       -3.4513713143
        -0.7632060264        1.3440256580       -7.2834151081
         1.5336017381        3.5697567592       -5.0983689788
        -9.1984042347        2.7812525278        1.5536444114
         6.4274211437       -0.9169032910        2.5928509411
         4.8317308978       -6.3303045599       -6.0060688662
        -8.5365293007       -6.7672916434        0.1006398186
         5.7728651013        9.3272864390        2.2615601019
         7.6597462624        4.8601844945        6.9005604866
        -7.2828895941        8.4663737882        4.0062203121
         1.1354160846        5.1500889414        6.0075655964
        -9.0025413512        4.2025359364       -2.0081033228
         7.1922971191       -1.2754118148        7.9856927041
         3.1095233795        1.9865398759        6.9251891635
         9.6888036684        0.4977358811        1.3014159972
        -2.2789012540       -0.1643584595        2.4570266664
        -2.2079836083        7.5714732416       -8.7946988901
         5.7032490905       -9.8089761255        3.0598568629
         0.6923203890        9.9319517086       -2.2173410970
         3.6777377534       11.0661273424        4.8905516321
         0.6150994275      -10.6032102541       -1.2820144597
        -3.0366199327        9.0451488033       -2.4907970048
        -0.4322951116        2.4372239594        8.1828765010
         9.9318498257        4.3266994810        0.6514078791
        -4.6446338518        6.0065539627        2.9755426267
         3.6338314612       -0.9024351131        9.3271013268
         9.3372088747       -2.0466630085       -1.5473155694
         5.4041507184       -2.5342247184       -6.8724475661
        -0.9978248743       -0.7160962250       -1.1952132675
         9.9852185852        5.6387405730       -2.8999560617
         4.6217581819        4.9425504946       -6.4616540419
         9.7898044848        3.0317015825        4.2418497429
        -4.4267275223      -10.5003773193       -5.1553515468
         9.7785323782        1.8111347777       -2.2914636282
         7.9880547021        3.5092615989       -5.2519637564
        -5.1392925508       -8.3551254490        1.0878511586
        -1.2273584265       -5.9678296351        6.9426613940
         8.2598185763       -6.8535885762        3.0124539968
