         2.6827602999        2.5643854626       -3.8360004563
       -0.9725647625        3.4698909533       -2.9100707769
        4.4039005017        1.3052858758       -0.5970142848
       -1.5078661096        2.8744553133        0.8670406135
       -2.6827600464       -2.5643854503        3.8360006624
       -1.4098482090        1.0717195506        4.2799862454
        1.8770989886        4.2136326980       -0.4199237083
        2.6790291871       -1.9446582395        0.5736024941
       -0.1710613646       -4.3778262406        1.5033005848
        0.8645669012        0.8264185544       -1.2362190035
       -4.2595121305        0.3279776677        1.7898393386
       -0.2392509021       -2.7063082245       -1.9765039371
       -2.8268943651        0.2720676698       -1.7951491608
        3.1158858527       -1.2359129916       -3.1966093854
       -0.8645669561       -0.8264185824        1.2362190214
        1.8949818606        1.5044434494        2.3310097613
        1.1169533963       -1.8366272493        4.1028955798
       -0.2069523815        0.1018865657       -4.6261568562
       -3.4938997607       -3.0400267823        0.0737532679
