        -1.5529884129       -3.0039236414       -3.5958218697
        -0.2174624248       -5.3385829823       -0.9102636290
        -0.7666768635       -1.8609440392       -0.2528123114
        -4.4520077126       -6.3181029551        2.0561039216
        -9.3243672622        2.7689588350       -5.2812678520
         6.7096635870        2.9281903905       -6.7064761075
         2.2806559370       -3.5173728157        1.0225473869
        -3.9824551141      -10.0357607649        1.3749908579
        -7.5349529808       -3.6675840465       -5.7962596097
        -7.6573156069        7.6683579829        0.0340318225
        -2.7558069410        4.4512206763       -8.4574952512
        -0.6780457104        7.6200295355       -2.2489512456
        -3.5155877366       -2.4205938321        8.3701635887
        -0.8049037003        0.4570476748       -3.6262776500
        -8.0540543372        6.7897339991        3.7981392670
         2.2174677901        9.8651700963       -1.4108652963
         2.5878583066        1.7194391824       -2.1399588516
         2.7864186695       -7.0913219375        0.5658200498
        -6.2932032072        4.7527556516       -4.3074911650
         2.7972192402        6.1186307477       -1.9378478089
        -3.9702916391       -8.8207981359       -4.8494680492
        -5.2993610564       -6.3702731976       -7.4861882450
         5.0686747880       -5.0160948258        2.8077626347
         3.2487248041       -9.4819168363       -3.8006791442
        -6.7994106374       -2.4885167498       -2.2510879683
         5.4903462605       -6.6250304801       -5.0798729668
        10.7406891484       -0.4133716748        1.6044895020
         0.3572373162       10.0673963463       -4.8295321758
        -1.6665492307       -7.7636154230       -7.7933061126
         1.8991514624       -2.1086801331       -2.4845000388
        -9.9112847672        1.9579208376       -1.5417177427
         7.8083866846       -6.4404241421        4.7550698208
        -2.5994254279      -11.0963866188       -2.0908411578
        -9.6528370627       -0.9443809910       -4.0698414302
         4.8237429151       -0.9804062893       -0.8322544858
         5.4538067148        3.6618253901        4.6706775579
         5.1025716291        7.3948759196        4.9911562407
        -0.9274645599        2.1535765690        3.0775171660
         7.6909492595       -1.3265773469        8.3097301638
         1.6343609972        3.8519367654        0.8593424243
        -1.4685364408       -4.2167464267        2.4101380046
         4.5658001911        5.8970889046        1.5312290050
        -3.6718603952        2.0231251675       -5.6668792615
        -8.9055448486        0.8910131129        5.9283959872
        -6.1576441551       -9.6559990775       -1.7580968537
        10.6301668586        2.7163266910        3.8110365162
        -1.5643782797        8.0091432701       -7.5328256834
         8.9021770875       -0.1389394093       -5.6298678382
         2.0037972970       -9.5168993542        3.3982765808
        -2.2692111574       -4.1701142868       -7.0164403027
         4.7520890020       -2.9326000833       -4.4206221228
         8.2289913614        2.1908366249        6.8161542273
       -10.2490011425        1.2006682091        2.2249153418
        -0.3667740776      -11.3909897068        1.0282219698
         3.2477327057       -3.1365028549        5.6474683282
         0.6262166499       -8.1939356260        6.7164112772
         1.5035250798        8.8009028334        4.7838703584
        -7.5074863229       -7.2875309190       -4.4756036892
        -0.9571494407       -6.5444324888       -4.3490523623
         2.5753005426        6.6951070694        7.7869988499
         7.5692373659        0.7048267408        3.3777288239
        -1.7309375344        5.1041675894        0.2587991252
        -1.1966931389       -0.6759253382       -6.9565249985
        -6.6517712758       -6.0317285595       -1.0716753859
         5.6904217756        3.9298782825       -1.6021814976
        -6.6649851727        1.1546863828       -3.3726176315
        10.9183552071       -3.1838249047       -4.3766327074
         4.8128869450        2.1335152717        1.3588728045
         3.5536285500        3.7923844303       -4.8450656824
         4.2139836989       -4.3164758266       -7.8802044940
         4.1999907544       -7.3077740062        5.7012773807
         1.1596754128       -0.2218273216        7.0355817440
        -1.5037441688        5.9141008124        3.7285567364
         5.7613829891        0.8257350576       -3.8622539274
        -9.9472593361       -1.6985404997       -0.2778275684
         3.8958923132        8.5630520940       -4.6293828198
         1.2596462707       -3.5413138441       -5.8593588304
         2.0900867245        8.8788034572       -8.0066033831
         7.5658241053       -2.4567147135        1.1668287242
         1.9647559769       -7.2363575299       -6.5857674960
        -6.0018701493       -0.0600966024        4.0276610104
         0.0113674775        2.8970792595       -6.3148071329
         6.0479886671        5.0984565958        8.0043359873
         8.5266617355        5.6614536498        5.1168308390
         3.2779201060      -10.6543586508       -0.0643955903
         5.9455398347       -4.7154190493        7.7455465046
        -9.5275634825        5.6184636241       -2.6736381805
        -1.6071999292       -5.8277405302        8.8664729874
         7.1571488347       -2.7436327720        4.9122117578
         2.0128875348        5.2183692009        4.3712871034
        -1.0918707416        6.9898383295        7.1602310881
        -4.6499058472        6.9316442273        5.6214939584
        10.9342626312       -0.0447836276       -2.2592451752
         5.5969066005        1.5947212598        9.6191391233
        -4.0169599754        3.2356451040        4.8624195718
        -7.0351372864        8.3546155299       -3.7302158425
        -3.0583843123       -5.4182727640      -10.4176787043
         3.8940796386       -1.8553711720        9.1728013145
        -5.2522385036       -8.6877271446        4.7917266376
        -6.3888210135        3.5580133116       -7.7635487531
        -4.3987878007        6.7600108501       -1.7020317781
        10.6357959853       -3.5589160665       -0.5946162681
        -5.2349203674        7.1367758530       -6.9566102696
        -5.1244398353       -5.7478271886        7.3555059300
         2.4003275010        0.0634051886       -5.4698857542
         1.4063298945       -5.7744665243        3.9360217029
         7.8342034648       -2.0762659193       -2.6439903714
        10.2710853922       -3.8993964324        3.2172042822
         3.2425512517        2.3287913600       -8.3231216753
        -9.7112816115       -4.6314533577       -2.7421294901
        -7.0570800191       -2.4277700515        6.7514897967
         2.1772035353       -5.2410347141        8.3906138351
        -5.1659589956       -2.7142714557       -8.6892954666
        -0.3248539068      -10.0885603753       -5.0820823188
         5.7053246124        8.1997967448       -1.2605430156
         0.3913414849       10.9630283475        1.8208014320
        -0.9215004296       -7.8116871452        1.7554955197
         5.0502932045        0.1755122894        6.2401078658
         0.5924368287       -4.8979023010       -9.2711407393
         7.8691207359        1.0290656430       -0.4421461221
         8.7627691144        6.0558087832       -1.1984511994
         0.0573188572       -2.3807347530        9.8033836093
         2.9372507683        3.0712132485        7.5368850623
        -3.1723167035       -7.5247171804       -1.3653701225
        -0.5514361491       -3.5483089932        6.2974116839
         5.6270728665       -8.6705388582        2.3734762174
        -9.4240824162       -5.1195416613        1.1355653667
        -5.3764828899        0.9426392237        7.6287294045
        -3.6695549432        3.1748323698       -2.2863994339
        -2.4250217642        8.6467821677        0.9347899106
         1.0814860137        7.4192274367        1.2798590275
         8.8859514843        3.0011984524       -3.4595024326
        -6.3245215206       -3.0256951895        1.5436656475
        -7.2327146447        0.0123665648       -6.9454171822
        -5.5682562205        9.4802222011        2.7371828087
         7.7251620658       -3.7396379292       -6.2840194862
        -1.7865736193        1.0020195112        9.1656186892
        -7.1350254203        4.2266078525        6.6449868548
         4.4866733283       -1.2746673821        2.8631635872
         1.9734499975       -1.3173695233       -8.9187039627
        -2.6101140589        5.5991807105       -4.8965568942
        -2.3914266722       -0.1157101502        5.6452624343
        -1.0716160141        1.6314027411       -0.3608861036
        -4.8995703117        5.9402963247        2.0169819695
         8.1657266885       -6.1618547290        0.9124404655
         8.3917335642       -5.6727925515       -2.9050855221
        -4.1579652382       -3.3479914542        4.7002525625
        -2.2489992210       -6.5783611828        5.1536812692
         7.8513557398        4.1400620696        1.7846723983
        -2.1386478436        9.5449765069        4.4697525827
        -7.3272027641        3.2103943275        3.0717282246
         0.3620637045       -8.8880566508       -1.6314601729
        -3.3711264446        9.2927163275       -4.3440388517
        -0.5368675978        3.2798869779        6.4080597010
        -7.3359403879       -5.4608864588        4.2907938848
         0.9219537313        5.3313444187       -8.9918756058
         0.1046452983        4.4015555146        9.7598517258
       -10.0635022317        4.8618405931        1.0577819589
        -3.8978936434       -0.3999668563       -1.5954070860
        -4.4427456392       -1.5026491773       -5.1663338835
        -1.6968276355      -10.2091455819        4.4367663682
         4.4364331915        5.9757402726       -7.5660084187
        -3.1579858562       -0.8919774612        2.0875617604
        -3.5780535298        4.3203717282        8.3403831841
         1.0686229597        6.4079836865       -5.4396142153
         0.4152664318       -1.4641048176        3.6060105062
        10.2577746266       -0.7555860334        5.4388911120
         4.0504387485        9.5541750853        1.9684278608
        -4.5344832778       -5.1426796024       -4.0727624014
       -10.5101997899        4.0787202766        4.7601086322
         1.8192072726        1.0438356759       10.4496765545
        -3.6720317259       -3.9218386367       -0.6771650615
        -9.1895025670       -2.1326490148        3.5657512921
        -4.0052707383        0.8288531806       -9.0675101591
        -1.3978781801       11.1808230736       -1.5967309058
        -1.6381567083       -1.9402954373      -10.2947782865
        -7.4634328919       -8.3940068190        1.6838142757
         5.8244050876       -8.1342439805       -1.4544345430
        -6.8909884718        4.0110280484       -0.6545036340
        -7.0258870014        0.3630629886        0.3971496397
        -4.1935963931        2.4079506076        1.3105152644
         1.8614224766        0.1655778577        0.8915062102
         2.4098849657        1.6394597885        4.1621301768
        -0.0040724054        4.0264163548       -2.8481472397
         6.6332557229        6.0131652195       -4.4090931403
        -0.3165332256        1.6876505748       -9.7535807318
         2.5674308724       -5.8531066409       -3.0877886961
        10.8989094374        3.0714099185       -0.0561541512
         5.2834029571       -4.5605467230       -1.0306073817
        -5.1059807232       10.3188932669       -1.0329721111
         7.5905472958        7.8697829025        2.0722080791
         5.5168063711       -0.7061418900       -7.3855360355
