        -1.4596649612       -3.5684143931       -3.0857778804
        -0.0988360819       -5.3804679616       -0.0379506539
        -0.7184773531       -1.8488481464        0.0113053420
        -4.3360225515       -5.9253911898        3.0314180873
        -9.3348827263        1.6796260646       -5.7393751442
         6.6978372634        1.8979620748       -7.1438010486
         2.3511469811       -3.2056363006        1.5619705096
        -3.7852603351       -9.6965128532        3.0038650297
        -7.4217809072       -4.7117255299       -5.1417448943
        -7.7840717445        7.4485689652       -1.3425658081
        -2.7849897079        2.9191157385       -9.1519848299
        -0.7951138429        7.1452018846       -3.5761821278
        -3.4935821078       -0.9562788119        8.6220667850
        -0.7888323376       -0.1467259385       -3.7012719959
        -5.0034128914        6.1414975356        0.9109576128
         2.0539037925        9.5558747328       -3.1313566001
         2.5752709688        1.4120043056       -2.4372909795
         2.9218632548       -6.7937701677        1.7335579912
        -6.3458421427        3.8588296584       -5.1197586543
         2.7055925537        5.7868350192       -3.0027176676
        -3.7648036636       -9.5612734630       -3.3314196105
        -5.1283974650       -7.6228020909       -6.3486153181
         5.1524320215       -4.3200723689        3.5928878084
         3.4622497679       -9.8963490744       -2.1620567220
        -6.7277385196       -2.9273589537       -1.8483428186
        10.7107719602       -3.3669169370       -0.0001370031
        10.7501976576        0.1104269347        1.6227196402
         0.2066567143        9.1319626771       -6.5368041415
        -2.8903945859       -7.1420063971       -9.3931820609
         4.8548886056       -0.9739211289       -0.6854443012
        -9.9223059456        1.5099699106       -1.9140761285
         7.9036137500       -5.3385111637        5.7628031230
        -2.3629445104      -11.3041790181       -0.2216301229
        -9.6000617685       -1.7758413615       -3.9101675902
         1.9669544276       -2.4295141418       -2.1323645327
         5.3775425897        4.5546116455        3.9323069861
         2.4317482528        8.0286264791        6.4743722519
        -0.9674935762        2.6670215567        2.6171915095
         5.5425353010        3.3790742267        9.1609097357
         4.4623511321        6.1984115514        0.4537704174
        -1.3936973457       -3.7298298970        3.0285667286
         1.9108590113        5.9709729502        3.3648368073
        -3.9619765938       -0.7758762816       -9.1348732987
        -7.0128040746       -1.3368990372        7.0225649437
        -5.9507746812       -9.8973396927       -0.1495967371
         7.7768439768        4.5723405819        1.0101031226
        -1.6628744855        6.6042909243       -8.8489314407
         8.9413227749       -0.8962482863       -5.5522189376
         3.4884823819      -10.3991668308        1.7276113946
         0.7462114782       -6.3658903461       -8.3448783474
         4.8425580242       -3.5211270598       -3.8914493303
         8.1704957744        3.5283113822        6.3013949911
       -10.2616495046        1.4017902857        1.9290691334
        -0.1413433031      -11.0178143062        2.9078510645
         1.5028287770       -4.9385742764        4.8169212208
         2.2518830878       -3.6310712682        9.1412690187
         1.3329780343        9.5609670054        3.1515423418
        -7.3351027252       -8.0540061907       -3.2312048773
        -0.7965606979       -7.1744583525       -3.2195455608
         4.9570179800        8.2803932652        3.6031886799
        10.2562392638        0.4249299706        5.4562503013
        -1.8120430428        5.0800442123       -0.6747704070
        -1.1379129272       -1.8427548711       -6.7893075344
        -6.5148172717       -6.2178566384       -0.0954262559
         7.8634532442        1.1266747637       -0.6456017684
        -6.6558609239        0.4699599319       -3.5762848902
        11.0077095400       -3.6415366986       -3.7895707543
         4.7763883123        2.4640707502        0.9345408706
         3.5164530349        3.0065093105       -5.4615207995
         4.3497228357       -5.4869144198       -7.0667346934
         4.2990146625       -6.0902363662        6.8419491163
        -2.8723920642       -7.5690221166        9.1674374981
         1.1469520635        1.0553004638        6.9254271418
        -1.6156722249        6.4745453234        2.6058194551
         5.7730413833        0.2974169509       -3.9821384343
        -9.5951389933       -5.1811412365       -1.9704338708
         3.7714689295        7.7521910885       -6.0739449179
         1.3730434225       -4.4335602589       -5.2139211833
         1.9778303222        7.4485830305       -9.4588582988
         7.6133587323       -2.0349471214        1.5404825208
         2.1499877713       -8.1847303753       -5.2957083786
        -5.9932309684        0.5569066836        3.9307111091
        -0.0019338608        1.8082078143       -6.7693377570
         5.9329904498        6.5588036498        6.9676184848
         8.4120062354        6.6587809551        4.0293229408
         2.1664514591       -8.7032973493        4.9449825445
         7.1932687180       -1.6813561588        5.2798165112
        -9.6018818654        4.9281286811       -3.6582243174
        -1.5076408077       -4.1237372093        9.7840735985
         6.0083429596       -3.1582269030        8.4104638227
        -1.2381662147        8.1380244197        5.7989014385
        -0.0053346200        6.0666823808        8.8079020881
        -4.7885115332        7.7435249027        4.2906637015
        10.8535733882        3.2616166886       -0.6136795850
         7.6911616549        0.3109715721        8.3805576383
        -4.0813904915        3.9842889265        4.1833909070
        -7.1585268950        7.4909166414       -5.1688941705
        -2.1388983403       -5.3169749624       -6.2544592970
         3.9050228934       -0.1273992006        9.3192530962
        -5.1198183635       -7.8262399791        6.1336679125
        -6.4053852666        2.0892504848       -8.3214845224
        -4.5019522047        6.3200376897       -2.8941443962
         8.2793760455       -5.7170081256        1.9285692072
        -5.3198649870        5.7739565947       -8.1367585769
        -4.9931955100       -4.4841639912        8.2067923570
         2.4349343505       -0.7908183202       -5.4413525011
         3.2882016198       -2.0180966886        6.0719741457
         7.8943703825       -2.3092441662       -2.2794674479
         8.5179045345       -5.8858575369       -1.9179075678
         3.2510491513        0.9651410701       -8.6404977934
        -9.2955830725       -4.9830858356        1.9371675420
        -8.9254718222        1.7591093114        5.6337436024
         0.7195488933       -6.8549686034        8.0031481406
        -5.0546088205       -4.2217053127       -8.1497322545
        -0.0929737444      -10.7786649599       -3.3345310256
         6.5531903096        5.3291981781       -5.4122586749
         0.1930491665       11.1582526412       -0.1406252857
        -0.7713423657       -7.3825401336        3.0072402343
         5.0312882141        1.3839455322        6.0802274761
        -1.4661799952       -8.9781329263       -6.4055995505
         5.6363266508        3.7420276144       -2.2900464615
         8.6683007237        5.9642187074       -2.2560010269
         0.0841240464       -0.5837993946       10.0317017570
         1.5721326038        4.0127054610        0.1429938963
        -3.0076419467       -7.6726695839       -0.1196530981
        -0.5074609032       -2.3952832897        6.7893171228
         5.7774062531       -7.9811154117        3.7977646826
        -9.8955728557       -1.8736031262       -0.0436471859
        -5.4107334819        2.1795015484        7.3038050708
        -3.7014745862        2.7035809772       -2.8544252451
        -2.5757573808        8.6702403848       -0.6187565125
         0.9516131982        7.5881849599       -0.0611623436
         8.8570673687        2.5686764296       -3.9555837126
        -6.2390924800       -2.7957001039        1.9855061669
        -7.1806912866       -1.2777827196       -6.9021386058
        -5.7427635330        9.7384029563        1.0105853910
         7.8386907888       -4.5771833305       -5.5833721065
        -1.8291014016        2.5828026162        8.8115335945
        -7.2261743594        5.2066438240        5.7637309839
         4.5050619742       -0.6403341452        3.0073724098
         2.0550879918       -2.7514032618       -8.6046274513
        -2.6763492015        4.6629574605       -5.8400454637
        -2.3937759264        0.8500707394        5.5400583012
        -0.0500796615        3.5159398034       -3.5481371985
        -8.1810848274        7.2209162524        2.5167654476
        10.3327080924       -3.0556269077        3.8132510574
         2.7085421262       -6.2120080452       -2.0837167088
        -4.0938935578       -2.5244449944        5.1607425426
        -2.1339521477       -5.5990134433        6.1137894924
        10.5726480526        3.5710592200        3.2546812145
        -2.3218639310       10.1675791496        2.7084607832
        -7.3816234742        3.5842623917        2.4198971364
         0.5527752489       -8.9909610366       -0.1390941294
        -3.5095448928        8.3810116986       -5.9305040697
         2.8629167041        4.4232425364        6.8505443079
        -7.2149139315       -4.7428339043        5.1133966035
         0.8789741946        3.7635327592       -9.8228281486
        -0.6105758496        4.3651873678        5.7016947334
       -10.1383764111        4.8110894290        0.1482740321
        -3.8700927753       -0.6992610424       -1.5527766111
        -4.3736851012       -2.4123824788       -4.8822414258
        -1.5134012814       -9.3248840860        6.0730907015
         4.3720253182        4.7078610564       -8.5169821783
        -3.1266860684       -0.5370498913        2.1612258248
        -3.6805692031        5.6668147598        7.4204243277
         0.9895112051        5.4360883620       -6.5077278132
         0.4398142509       -0.7921051443        3.7743778196
         7.5499990014        1.4576807058        3.1718338182
         3.8777544943        9.8660635616        0.2526837319
        -4.4006164228       -5.8166535422       -3.1972168369
       -10.5876412148        4.6661255901        3.9301865848
         1.7752128601        2.9181517341       10.0683184855
        -3.5790676091       -4.0132643705       -0.0654069018
        -9.1303918809       -1.6269436198        3.8222927930
        -3.6726847017        0.9881398916       -5.9875188744
        -1.5847856300       10.7506623728       -3.5465744056
        -1.5356409976       -3.6688040705       -9.8625807976
        -7.3043820567       -8.0910035786        3.0171362206
         5.9897061223       -8.1084877489       -0.0708678103
        -6.9438957199        3.7423583139       -1.3915808818
        -7.0167103897        0.3282348483        0.2780519674
        -4.2274771319        2.5563242878        0.8236936343
         1.8599317076        0.3892462113        0.8192106794
         2.3716619256        2.4152196484        3.7788902300
        -1.0847893517        1.5689867408       -0.6857424247
         5.5719746367        8.0077346155       -2.6912428089
        -0.2862928155        0.0212005344       -9.9505365263
         5.6540978979       -7.2578844194       -3.9090288763
        10.9564330120       -0.1858957031       -2.2457790732
         5.3816712450       -4.5261086813       -0.2690310698
        -5.2790692781        9.9264474135       -2.8471598499
         7.4481312595        8.2914886591        0.6499703128
         5.5760667977       -1.8197928065       -7.1907428292
