        -1.3550225041       -3.7486525024       -3.0212890397
         0.0327851211       -5.4168095804        0.0984721158
        -0.6875327266       -1.9055036038        0.0197061726
        -4.2104460038       -5.9684658365        3.1591190324
        -9.3485691967        1.1834720717       -5.9080067628
         6.6829196675        1.7984777248       -7.2158429684
         2.4058372850       -3.1204436054        1.6432506365
        -3.5556468525       -9.7211239599        3.2693409880
        -7.2665037027       -5.1306256857       -5.0731243007
        -7.9941010764        7.1428356118       -1.7050098229
        -2.8087737401        2.4850615631       -9.3096420318
        -0.9809168053        6.9558721354       -3.8698482415
        -3.5545194197       -0.7829966356        8.5759357968
        -0.7696420145       -0.3283845178       -3.7365331293
        -5.1983008745        5.9941163673        0.6160804454
         1.7986470959        9.4575639362       -3.4900027764
         2.5398637174        1.3601641122       -2.5224816562
         3.0764150767       -6.6815246397        1.9426245362
        -6.4244057439        3.4654452669       -5.3391969297
         2.5536759921        5.7150934967       -3.2334384091
        -3.4914009362       -9.8098371542       -3.0673572956
        -4.8845189413       -8.0174699657       -6.1616889348
         5.2248287539       -4.0853524669        3.7271934589
         3.7329205163       -9.9060010902       -1.8402199199
        -6.6463341986       -3.2125407662       -1.8403029261
        10.7899374049       -3.1095134763        0.1293717430
        10.7241372076        0.4234859762        1.6267610600
        -0.0101431799        8.8661296899       -6.8915764702
        -2.6370037544       -7.5796179343       -9.2064636416
         4.8729691127       -0.9004279428       -0.6788160907
        -9.9617892695        1.1300756966       -2.0854768098
         7.9896267312       -4.9497942428        5.9469570036
        -2.0656394337      -11.4030699126        0.1122264051
        -9.5328344421       -2.2136037834       -3.9610349521
         2.0336307324       -2.4903814330       -2.0797373049
         5.2214335176        4.7967609729        3.7483058225
         2.1355746547        8.2576276791        6.1975765574
        -1.0697399514        2.7142981183        2.4803447240
         5.4038940425        3.8007043029        9.0258944738
         4.2729815286        6.2907821869        0.2192783674
        -1.3304728075       -3.6942237092        3.0982611510
         1.7046986107        6.0870329546        3.1113841622
        -3.8843801029       -1.2396798503       -9.1687712181
        -7.0501544990       -1.3219764396        6.9648188996
        -5.6911529504      -10.0949552019        0.1101001124
         7.6313401752        4.7795520502        0.8420301944
        -1.7921172134        6.2093701180       -9.1294158349
         8.9906680710       -0.8781151863       -5.5153312368
         3.7428878584      -10.2675078131        2.0664574817
         0.9687794057       -6.6687709030       -8.1613892574
         4.9513995229       -3.5588699882       -3.7842795301
         8.0246519620        3.9300747998        6.1635617689
       -10.3330378365        1.1452300248        1.7542922743
         0.1227101392      -10.9421053656        3.2452401609
         1.5833971092       -4.7544973965        4.9524824061
         2.2586494443       -3.2660484372        9.2153682362
         1.0224853326        9.6474336497        2.7953152717
        -7.1017821106       -8.4004601092       -3.0452048006
        -0.5908542138       -7.3383841535       -3.0215033523
         4.6768482128        8.4893339661        3.3044010230
        10.1964755679        0.8572265916        5.4411787148
        -1.9635975896        4.9684610639       -0.9006367590
        -1.0480310428       -2.1421140790       -6.7685871034
        -6.3563534966       -6.4332145395        0.0287174800
         7.8236585443        1.2820878390       -0.6913288997
        -6.6541151212        0.1240714601       -3.6862270313
        11.1168032240       -3.5061524094       -3.6454642237
         4.6892910659        2.5858247907        0.8225124585
         3.2122874320        6.8334117289        9.5993566325
         3.4605425102        2.8772118173       -5.5902851148
         4.5360927737       -5.6457699777       -6.8927604300
         4.3966906121       -5.7608208520        7.0295741800
        -4.9644816201       -7.7783652746        6.3220270798
         1.0365397458        1.2997538676        6.8400303315
        -1.8323386304        6.4876658776        2.3302168002
         5.7802492843        0.2832335778       -4.0076804821
        -9.4495428171       -5.5485416052       -1.9028923584
         3.5874807589        7.6038757608       -6.3616117435
         1.5185424121       -4.6138105565       -5.0948818819
         1.8270573108        7.1331809735       -9.7437951912
         7.6484280333       -1.8084722708        1.5990603719
         2.3981906069       -8.3411864599       -5.0409053666
        -6.0579484876        0.4920588311        3.8159956167
        -0.0131061183        1.5367022907       -6.8693641602
         5.7138288176        6.9416902323        6.7280964561
         8.1903385697        6.9884997803        3.7886910698
         2.3504795480       -8.4941827953        5.2140282202
         7.1922262265       -1.3374233394        5.3171895396
        -9.7220097051        4.4938674361       -3.9453214267
        -1.4858510329       -3.8430712521        9.8622420160
         6.0005221545       -2.7185308368        8.4881744730
        -1.5394432661        8.2745452246        5.4645497041
        -0.3750724838        6.3562201464        8.5850152111
        -5.0614646855        7.7228338281        3.9343443094
        10.7538058143        3.4988665384       -0.7178370363
         7.6192454716        0.7674760179        8.3520251223
        -4.2414251679        3.9816323364        3.9635744502
        -7.3362575667        7.0698952989       -5.5231587741
        -1.9612462188       -5.6255231664       -6.1296519961
         3.8097848657        0.2892504237        9.2809508963
        -2.7488233725       -7.3472540619        9.3608331369
        -6.4099172041        1.5838884365       -8.4764402902
        -4.6672035206        6.0534140259       -3.1876317752
         8.4022566552       -5.4523354491        2.1301763997
        -5.4292363054        5.3021555758       -8.4147955336
        -4.9493568170       -4.3634379162        8.2754812509
         2.4817972585       -0.9516990909       -5.4406603290
         3.2714595148       -1.7339579790        6.0961367598
         7.9590695636       -2.2064072455       -2.2028091963
         8.6723073815       -5.7479606293       -1.7066921338
         3.2727565280        0.7175890119       -8.6930479008
        -9.1852758283       -5.2052543894        1.9964962694
        -9.0407081817        1.6675442136        5.4523581020
         0.8309754274       -6.5779956799        8.1975394338
        -4.8933539372       -4.6809256225       -8.0811028632
         0.2113744109      -10.9240128394       -3.0036857168
         6.4315647336        5.2840167160       -5.6047685349
        -0.1273945796       11.1070285109       -0.5641503551
        -0.6067844876       -7.3245949860        3.2102174594
         4.9502793294        1.6840839053        5.9989350443
        -1.1869190892       -9.2703012986       -6.1457145792
         5.5368627424        3.7794585450       -2.4363965068
         8.5055696009        6.0870332518       -2.4608627071
         0.0059007171       -0.2452874571        9.9949511036
         1.4488517040        4.0155065366       -0.0415272278
        -2.8106757284       -7.7898149578        0.0805600649
        -0.5163205032       -2.1935014451        6.8134248275
         5.9497498233       -7.7169498841        4.0637339374
        -9.8564322823       -2.1850841942       -0.0972029318
        -5.5565170854        2.2445742637        7.1332167597
        -3.7676303260        2.4649635760       -3.0135152110
        -2.8274768789        8.5344015710       -0.9797193521
         0.7261987853        7.5644944434       -0.3625657162
         8.8001225441        2.6388925926       -4.0415023606
        -6.1905039598       -2.9314467941        1.9897953860
        -7.1082420041       -1.7542700151       -6.9518552391
        -6.0379990979        9.5710374226        0.5826717770
         7.9867290035       -4.5886577222       -5.4221487650
        -2.0033099435        2.8006944495        8.6566628006
        -7.4437947411        5.1652895834        5.4709944929
         4.4933576143       -0.4536033190        2.9927143060
         2.1791803341       -3.0287689893       -8.5365155985
        -2.7743529192        4.3465172120       -6.0613018106
        -2.4817753252        0.9517598331        5.4406596922
        -0.1385445210        3.3530697087       -3.7085489767
        -8.4223896386        7.0389630958        2.1529254977
        10.3775821887       -2.6769419235        3.9265312975
         2.8797634982       -6.2443023918       -1.8949023877
        -4.0807483152       -2.4873678913        5.1683202571
        -2.0416503613       -5.4685434072        6.2443836911
        10.4405897935        3.9348533095        3.1337721647
        -2.6437592627       10.1590307964        2.2928504921
        -7.5197448298        3.4239999887        2.1902171993
         0.7846765774       -9.0087419192        0.1309788770
        -3.7076645038        8.0344977251       -6.2872960041
         2.6906489929        4.6793156032        6.6278415675
        -7.1378353713       -4.7947848711        5.1767538772
         0.8339644864        3.4077835217       -9.9854831118
        -0.7895275597        4.5255319486        5.5137280300
       -10.2904762658        4.4937748729       -0.1436873805
        -3.8547057794       -0.8951094706       -1.6017229552
        -4.2868224053       -2.7380719644       -4.8749964046
        -1.3186913887       -9.1747874705        6.3394864096
         4.2900729197        4.4942414270       -8.6972276244
        -3.1414002213       -0.5798123944        2.1114883586
        -3.9475775103        5.7825495180        7.1374421272
         0.8728832321        5.1970484362       -6.7299801370
         0.4073637756       -0.6756731783        3.7469168156
         7.4778770001        1.7363947551        3.1070717717
         3.5830672311        9.9305054972       -0.1026984870
        -4.2305273796       -6.0820616325       -3.0715696067
       -10.7703531657        4.4663420857        3.6355342152
         1.5997532749        3.3372887813        9.9157274753
        -3.4842079891       -4.1488422636        0.0004531469
        -9.1309429681       -1.7825882499        3.7608242246
        -3.6651321723        0.6428903346       -6.0848532158
        -1.8668728070       10.5370467644       -3.9699353323
        -1.3751276472       -4.0861588471       -9.7802401416
        -7.1172115294       -8.2155815394        3.2016220064
         6.1915007026       -7.9723092093        0.2022478331
        -7.0517058523        3.4622936035       -1.6161637189
        -7.0427385417        0.1072494291        0.1673557596
        -4.3208252318        2.4307000641        0.6629904552
         1.8291927353        0.4247137606        0.7599384257
         2.2718599913        2.5594347675        3.6474035223
        -1.1416830673        1.4807259637       -0.7796439460
         5.3539354350        8.0248782008       -2.9780773300
        -0.2271361854       -0.3678688039       -9.9886100071
         5.8646323935       -7.2700231110       -3.6672046602
        10.9619764028       -0.0004737887       -2.2257155670
         5.4877455727       -4.4169275521       -0.1227863071
        -5.5440131770        9.6360561857       -3.2741186838
         7.1929793297        8.4753079868        0.3616353532
         5.6624567609       -1.9509614653       -7.1362532276
