         3.2937852761        3.3402443661       -5.3075031344
         9.4112762314       -3.4120532233        3.1925563927
        -3.2051896748       10.6452961228        0.6728560629
         2.7851932690        6.9199001788       -4.2439953495
        -4.7119542235        5.1811914558        1.3961578693
        -4.8214004962        6.8962217751       -8.0554780713
         0.1370406530       -7.8747637723       -2.5844848221
        -6.7149974872        1.9353229720        0.9412816287
        -5.4528807309       -2.9471936496        7.7960025965
        -7.2633536851       -3.7027213140        4.4589130334
        -0.0220363811       -7.8938228320        1.2684016004
         4.8697563364        4.8750181936       -2.0414926818
         1.9644927388       -9.0456700470       -5.7050864093
        -5.4586385187        9.0274083611       -4.9080103889
         0.3022377464        1.6288530953       -7.0042024834
        -5.0222784191       -4.4043696152       -2.5713882099
         2.7638187311        9.2079938834        5.5414172949
        -9.8931655947        4.5749682553       -2.6694927615
        -6.9985585200        3.6107238067        7.1898396323
        -1.5613970287       -1.5785879617        3.0688395362
        -8.4793239173        5.3344915711        0.8454488755
         1.5209373362       -9.0168777261        4.5066756714
        -8.6321512801       -4.3273352678       -2.8272960140
        -4.2815952728        7.8439918194       -1.5809779408
        -1.2781259642       -8.3621943108       -7.7121686704
        -3.1832429100       -0.0498750780       -6.9808586874
        -3.4420885454       -1.6695987312       -0.3634715985
         5.1700359880       -4.8572127982       -0.5236121990
         8.7771192141       -4.8128150378       -0.2257958102
        -2.5644458967        4.6060511892       -1.3998328468
         6.9963824159       -4.2331552896        6.0782202925
         3.5237114135        2.1384155245        7.1163148006
        -7.2063472170       -0.0615381771        5.8643976101
        -4.7953959425       -9.8948198133       -2.7759161036
        -9.3539237559       -1.2283913504       -4.8073340909
         3.3215383241        9.3671728789        1.7465107976
        -0.9280812367        1.4231121765       -1.2048436172
         1.2463165111        6.6617838290        3.4128081062
         4.4032238476        0.2106133442        2.2576841555
         2.0976891255        7.0471763760        8.6774517497
         5.1003090831        6.1111207436       -7.0348922931
         3.4686539968       -1.4069586422       -0.7528329043
         9.2183572510       -1.0444994191        6.2285837421
         2.9263316903        2.4381815263       -0.3554186617
         4.8819789018       -9.5951507910        2.6592372808
         1.8986910513       -2.9562849746        2.3326164728
         6.5854501801        2.4003030239        0.3183980314
        -0.0634953479       -5.5474660740        4.2570845289
        -3.7240544971        8.5581824197        3.8518712830
        -7.0890889623       -7.2516695689        2.9734120387
         4.4351686621       -4.9233180537        8.8901930859
         3.2699856460       -8.4002549782       -0.5105375371
         5.1423660106       -9.4574188309       -3.5430365308
        -8.9253751487       -4.3952827682        1.0108262606
        -0.1037115023        4.0803842169        1.2374085225
        -2.2766850278       -1.5716417726        9.5995073100
         7.2569848489        1.8713838085        7.7685228643
       -10.5496783071       -1.5127685558       -1.0496389973
         2.9987120974       -1.4240792940        8.3061203812
        -3.3851268033       -0.4412894431        6.1096565293
         6.0291298861        2.8018487599        4.2838161266
        -1.8518004244       -1.0837117500       -3.7592083751
         1.0673814107       10.2748039551       -4.4910874961
         7.6377692136        5.4266088041        6.2892617549
         7.1005559448        3.6503000899       -4.8449200866
         4.4594809277        5.2340382436        1.8035659748
         8.5938851070        4.8724472699       -1.4884778542
         0.4094982338       10.2272948008       -0.6497558884
         3.2347501778       -3.9442718199        5.5684255598
         5.2010738726        1.0435457412       -2.9537735320
        -6.9728245621       -1.6445416301       -0.6662809601
         4.5979421873        9.7430618647       -5.8197533982
        -5.2758376222        0.7480361725        9.0983636724
        -4.3185467790        6.5182530190        7.0488959768
        -1.6301124761       -4.5592301230        1.1561743314
         1.5481167010        0.5860468684       -3.5107514532
         1.9979435723        6.7544808697       -0.4127128774
        -2.2827303169        5.2279514262        4.1112329626
         4.6121594254        1.1457500679       10.5212039146
        -7.4625932887        5.8043414336       -5.4379518423
         0.0207595717       -1.9153598045       -0.6791417412
         0.8971369061        4.1713628068       -2.6861050170
         5.2877660099       -7.2833798992       -6.6752151002
        -0.2228967402       10.0681873328        3.1519684184
         3.9501620501        9.5781521683       -2.0362026601
        -0.7938020763        2.6829831469      -10.4426585683
         3.9650576969        5.6590951318        5.7697287063
         5.6602727948       -3.1544274417        2.6615905761
        -1.7355485881      -10.6216682610        3.0974679458
        -1.2036645499        6.3555189989       -9.3768028853
         5.1341812992        4.7315115456        9.1814016106
         6.9194647496       -8.1833801164       -0.3807349014
         5.5651947085       -1.4224859080       -9.0630261891
         2.0452813851       -6.7529220329       -8.7820517087
        10.2620149907        2.2890158024        0.9455618537
        -3.1133405319        3.6016277649       -7.7672378587
        -0.7700817824        7.4705820422       -2.9160190811
        -3.2029610214       -7.2403652758       -0.7963606480
         1.2671529284       -6.5542537926        7.4912321324
        -4.9802737775       -9.9485116168        1.0359786078
        -1.4531437756       -4.5296513718       -2.6408557093
        -4.4802602114        1.3581290668       -1.8843392521
         6.0690878979        7.9507417539        3.8454932256
         1.5875671970        3.4821800856       10.1000698998
        -1.2857468891       -4.7465578656       -9.0390641495
        -9.2956622102        2.4634144566       -5.8973409745
        -0.1521410515        5.2824504609       -6.0235912273
        -6.7615837405        6.0675961852        4.2447730870
        -4.3696646620        1.0775797120      -10.2427893167
        -3.3754845232       -7.2213670110        3.0041226258
         9.0312236115       -2.6315894318       -3.3843234398
         5.5770222991       -0.7773649245        5.6277606596
        -8.1081186862        1.3084915243       -2.5030582522
         7.1129080856       -6.4800277778        2.9366913076
        -4.9334120290        4.4358438253       10.2164466041
        -6.7558009149        3.6041324644       -8.5485255995
        -6.9439874353       -3.7853113388       -6.3546388186
         5.3360216104       -5.1065302412       -9.7711736644
        -2.0305936159        2.4948557916       -4.4412090050
        -5.0625156873        2.6426447636        4.3119867643
        -5.2741616463       -4.4749659351        1.2620470803
        -6.9405517223       -0.1268757870       -7.6091475045
         1.0088434656       -0.1648273228       11.2492676372
        -1.6103449498      -10.7024170254       -0.7395885094
         3.5607462856       -0.3495328135       -6.2731198540
        -1.8873597834       -8.2842424715        6.1572866822
         0.4857871266        4.4576810782        6.5990471605
        -8.9487099923       -0.8053333684        2.4496707686
         1.7449320604       -2.9466576139       -3.6877189386
        -3.0494090109        1.7099085255        1.5469990936
         7.2779218526       -3.8878331332       -6.6615694498
         9.7016931010        2.5685180525        4.8320482335
        -0.8175960723        7.9734488648        6.3356651579
         4.0025075872       -2.4417780248       11.7099195419
        -2.4977417390       10.7252073088       -3.1269472389
        -7.9515702831        7.8231649990       -2.1767324884
        -2.9984478452       -7.2093720522       -4.6156842202
        -5.6082551450       -1.1891389938       -4.1834772642
         2.0786844115       -3.0758250902       -9.9208047160
         3.4347302048       -6.2046614746       -3.6343157153
        -1.0627976122        1.8477002431        4.4756262512
       -11.7461387639        1.3190688263       -3.2130915918
       -10.3928911940        2.0721110084        0.3257698433
        -1.9947612910        2.1182436983       10.7511470236
         0.1841798082       -2.0080762565       -6.8075799459
        -5.6547095103        2.4691455024       -5.2146889716
        10.5716508451       -1.4200043913       -0.0133281600
         8.2228772312        5.1741866577        2.3901014431
        -1.4097914557      -10.5754031407       -4.5649144662
         4.7134175259       -7.3451151263        5.8531973076
        -8.7916223365        2.8246831674        3.8237636274
         0.2546454099       -5.6512039066       -5.7321964269
         5.4337594797        2.3539725807       -8.1091715903
        11.6820623997       -0.3253339801        3.4087980692
        -1.8798464641        8.6637484501       -6.3493666859
        -6.4434367662        8.5176791746        1.2917005611
         6.6674698475       -1.7600351464        9.0344850734
        -3.0351027503        3.1161247215        7.3161167317
        -1.1571216352       -1.0132783524      -10.0408678453
         1.6082064453       -5.1283907053       -0.5813198646
         2.4115774107        0.6541478097       -9.7795164840
        -5.4351529079       -6.5762417722        6.3836846432
         2.1840861928        4.4047024988       -8.8149493812
         0.8424446517        0.5361389488        1.6892487154
        -4.6018974766       -6.3981425567       -7.9101679674
         5.3828201992       -2.6843118287       -3.6801883890
        -6.2243379488        4.5828234522       -2.0473511010
        -0.0262040062        0.8593630776        7.8558979670
        -3.7303353189        5.7735426744       -4.7149765121
         8.9090257018        1.1276525727       -2.4729207571
        -0.3175353601       -2.7194520462        6.5444511985
        -2.3497476404       -5.1896804422        8.2258273957
         1.7342337640        8.0568701804       -7.6333992578
        -6.6540557787       -7.0897983629       -4.6369232218
         1.8015539385      -11.1676336982       -2.5184289158
        -1.4360237760        5.7642312843        9.4847500393
         2.3658152941        3.0672136695        3.7225861754
         7.3115918639       -0.1287400171       -5.8100638006
         1.6276205332      -11.1940299093        1.3279354255
         3.5645659411       -3.9796628013       -6.7161356702
         8.0391737722       -0.0575015493        2.7781563812
        -6.9460806767       -7.2038879964       -0.8437902730
        -3.1771953844       -3.7069669866       -5.8992451163
         6.4435948388        7.6823246427        0.0220441428
        -5.2326064295       -1.0167444621        2.8344683797
         3.3411784121       -6.2873154341        2.5654465343
        -1.5723777878        7.3935435784        0.9495549937
         6.7352620523        7.4009434567       -3.8010496193
         6.9988040748       -1.4343517123       -0.4476459575
        -5.0689571176       -9.9744882487        4.8210926728
         0.8072480199       -3.8069060155       10.0089029674
        -4.5492485520       -2.6981858121       -9.2047932446
        -3.5003572091       -4.0159791663        4.7595296999
         1.9326162880       -0.4331726711        4.9591493676
         7.1745645370       -6.0670196388       -3.5298988601
