         0.3769889547        4.2643104686        3.1143217916
       -3.5074189223       -3.2643160986       -0.0648885807
       -0.2054990764       -0.1081194387       -4.7862341884
        1.0865578017       -2.0968823917        3.9571805739
        2.0845483507        1.1095678296        2.1995902545
       -0.8783734881       -1.0236885215        1.0837033623
        3.0919132674       -1.4356747930       -3.3676204577
       -2.8545038512        0.0068357875       -1.9917558549
       -0.2580258525       -2.9186584415       -2.1315619414
       -4.3072748509        0.0747025704        1.6366443671
        0.8428217769        0.6215454774       -1.3773974668
       -0.2100065398       -4.5918714205        1.3537251010
        2.6594564987       -2.2131132418        0.3804617956
        1.7799405544        3.9573141472       -0.4339761553
       -1.3442495234        0.9710035367        4.0332374119
       -2.6913560414       -2.7268670878        3.7039286340
       -1.7518182182        2.6541088531        0.5491074622
        4.4092867852        1.0792050298       -0.7939195827
       -0.9845458083        3.2507900590       -3.1144558885
        2.6615581828        2.3898076757       -3.9500906377
