         5.4710992625        7.9645679925        6.4354789381
       -1.8055650531       -3.4154832247        9.2556242445
       -3.0989682826        3.8200078632        9.5334833921
        0.9345907893       -1.4492013264      -11.4358671188
        6.6324848035        4.3701861900       -1.5903908911
       -2.8017763376       -0.7417101536      -10.4094122874
       -7.4860412550        6.0645422470       -5.1811917615
       -9.8124717798       -2.0301902466       -0.4233131007
        8.5519472326       -4.2982565940       -3.2304916169
       -1.6967023041       -8.7541513781       -2.3460498703
       -1.2319358934      -11.6209475393       -0.0406294795
        4.9083121050       -9.4368739735       -2.1112836488
        4.7832009068        4.7183501141       -4.7522515466
        2.0208841109       -1.9298650827        3.3767877341
        3.2412116204        1.3105276074       -9.9450134797
       -9.8256616734        3.0372635507       -4.8554173195
       -4.6512865528        4.5558354137        3.1070454257
        3.4718806731        1.7015458530        7.2057405839
        9.8129490183        3.5326349222        4.3280750038
        4.2479739091       -1.1826769562        9.4767139055
       -8.8099960755       -4.2471506488       -3.4701301223
        5.1599970409       -3.9970486534        2.7030429209
        4.4452063187       -0.9942155764        0.7742104755
        6.3000446488       -3.2997298646       -6.1275328712
       -6.7682199161       -1.6762103665        1.8509857649
       -3.9462279775        0.9169871930       -3.4683338076
       -0.2873802340       -2.0128623050        0.1128989970
        7.6341197515       -3.0702566737        0.1345034197
        7.7297883919        4.9891396366        7.2060975961
       -9.8837131845        1.7704290507       -1.1530934656
        6.8600909247        3.0570235520        2.0912442345
       -4.6142740630        3.6663084182       -5.8703078825
       -0.3818058089        2.1735057913      -10.6176516276
        6.3854041627       -7.0075140630       -4.6092357304
       -0.4303337935        9.4619490386        5.0987269699
       -1.0134275265       -5.3566045537       -1.0971410667
        3.1680771043       -1.2848199774       -5.4861203983
       -2.9958664132       -6.4647228253        3.6505844268
       -0.1145012917        1.8050013559        8.5247193323
       -7.2085126995        8.5532869359       -2.2426754057
       -1.6529491585        3.8422375897       -3.6646725309
       -4.9977233927        8.9870143610       -5.3427999918
       -9.6753293929        4.3054055257        1.7130151650
       -0.9878611881       -4.0428465023        5.7694829657
       -2.4482744297        3.2121165350        5.9158442638
        5.4971452267       -5.8813148876       -0.8997673642
        1.7591220127       10.9007739201        2.2152237716
       -7.5068777234        6.6969445732        3.8153508643
        5.5756534917       -4.4887529480        7.9001922337
       -3.3535170823       -3.6496102089        1.2819588613
        3.8859309166        2.6840549068       -0.1706349976
       -7.6152744950        3.4674927988       -8.0479356555
       -5.4742841267        1.4988025440        7.5829237439
       -4.7698801069      -10.4892230678       -1.2296785478
        5.4201022595       -2.3403415751       -2.6324018833
        0.8192043292      -10.3822536220        7.1703297073
       -5.7228097559        9.1146031738        1.2826767031
       -6.0853947290       -3.9577950000       -1.0972519176
       -7.6872404530        2.9141108568        4.7040991780
        0.5716767299        1.3469186713        4.9059095933
        3.1312303847       10.8463431381        5.6942894364
       -9.4968997503       -7.0519602090        3.6902237398
       -6.8579869207       -0.4511966298       -1.8351048591
        8.0691378026       -3.6554591138        5.0908731351
        7.6668700084        6.5352922704        3.5693718909
        7.7212925334        6.5560988319       -6.4864949032
       -4.1037121995       -7.0730752706        0.0399147799
        5.5261514525        3.9694662023       -8.2454384478
        2.1641826551       -4.9674734239      -10.7385627854
        1.7987204568        2.9102472614       -3.1054674846
        0.2803835655       -0.5749901599       -8.0752731747
       10.5206348034       -2.6499213933        2.3636216233
       -5.2036952686        6.4145291730       -8.2671455441
        4.2837655115       -6.0092032829       -7.7343169051
        0.4896722524       -7.5554855711        4.7761414084
        1.3203109177      -10.8577065290       -2.8060917866
        0.5303252726        8.3555613521       -7.7774006608
        0.8957980968        7.6397557611        0.9178713438
       -2.8790413384        6.7304498225        0.5586013377
       -0.7188010054        2.2986836435       12.1548011530
        0.2419381566       10.5733685377       -1.3389750206
       -0.8556374420       -9.7961048153       -5.8212772160
        2.9640210984        6.1320442998       -1.8765304356
       -8.3825470403       -2.7399502075       -7.0039427701
       -5.6022315941       -2.5522808479       -4.7023684103
        0.5211786069       -3.0532863536       -3.4284702664
       -4.0425234106       -5.8200005045        7.2069963310
       -2.2521386183        6.6016538605       -6.0304574337
       -9.9365245434       -0.7205380000       -4.0568599828
       -9.7221467872       -3.3243890551        3.1919186696
        5.8305273315       -6.8793749639        4.8696135572
        2.8493262978        2.1733447090       10.8310139910
       -6.7961346597        3.2345879272       -2.7285457899
       -0.9956421055        3.0027681776       -7.1255270609
        0.6655801353       -7.3674039518       -8.2809049310
       10.5177637207       -1.3773841166       -1.3262751233
       -4.6930104427        0.7887995913        3.9954470279
       -6.0753529876       -8.1545724023        4.8919867976
       -7.6854332162       -0.9087962330        5.4610638251
       -3.7230276811       -5.6896920208       -3.5686589254
        5.9614297120       -8.8874508841        1.4925092779
        0.0991539761       -4.7593150840        2.4045100482
        1.2875986969       -1.4821955960        7.0744647093
        4.1862938528        5.1141929500        8.7168110883
        1.9291235492        4.8678232712       -9.0044182714
       -3.7748233548        3.4047184568       -0.6058435307
       10.2458091329        1.1190934026        1.5048446608
        3.8820953260        9.4628700600       -0.6460074561
        3.9747733296       -2.2296390446       -9.0154483627
       -7.1697624635       -8.7886802349        1.2269410605
       -4.4848246616       -9.0921422471       -4.8082902840
        3.0189824184       -6.8529376843        2.0120756181
       -2.9094027935       -2.2927373976       -2.3428257562
        7.2612195066        0.6289873269       -0.7229111957
        4.7948153436        4.6095008169        4.9954641301
       10.8921024383       -5.0813835174       -0.4639943346
       -1.0868809974        5.9955405053        3.6707802619
       -0.5791645284       -8.2085636867        1.2142704187
        2.6335759723       -3.9093104060       -0.3396889055
        4.8699192204       -1.6015519924        5.7176112653
        7.3273553902       -0.6829982971        2.9571039059
        8.4208553084       -7.8047576907       -1.3873370985
        8.0513311327        3.0686679003       -5.2732176825
        1.8307127512        8.0207453221        7.8521913867
       -9.6301508077        5.5363496676       -1.9868122229
        6.4138751879        2.0660554844        9.4278298671
       -2.9081295927       -6.6210080712       -7.2177402758
        1.8830766681        4.1725905995        2.7359624169
        2.2824280720        9.0252829573       -4.2102205636
       -9.3840919421        8.0478990740        0.8413338361
        4.0714904243        1.2782092284        3.5656110540
       -2.3774817638       -0.5606015140        6.7881922560
        1.2065235496        4.6733787050        6.3872647483
        1.2383982612        0.9266782937        1.3246143674
        2.7044291172       -4.7508178165        5.4889724568
       -6.4943611585       -5.9707395596       -5.9849041691
        4.6311018740        6.0701296920        1.3537436583
       -0.1603050658      -11.0444343487        3.5743332847
       -5.3695761189       -2.3164134517        8.2348600747
       -0.6821200983        7.2132627679       -2.5444657483
        4.1365939090        7.4415352804       -7.1279110506
        7.7497810306       -1.2598747303        8.0161417655
       -1.6621645616        5.7330458805       -9.5852358899
        6.0151511016        0.4132636049       -7.1953399830
       -6.4423499959       -5.3106364814        2.4969174833
       -0.0175098785        4.3750295977       -0.2625328201
        6.9815817930        1.6428490833        5.7947025031
        8.3425759299       -0.5861608686       -4.2641147751
       -1.3007651813       -4.0883398329       -9.6007855032
       -9.7705112412        0.4866332466        2.5119134239
        8.3400176770       -6.0471720617        2.1103631808
       -9.2151522218       -5.7045639559        0.1064999735
        1.3342389962       -3.9597765374       -7.0898775103
        7.4244320896        7.8500870685       -0.0940542244
       -4.0601247265        2.8288302478       -9.4734589606
       -7.5173321670       -4.7145581150        6.0288033732
       10.0318451404        2.3923709854       -2.1820841720
       -1.0281940318        1.0990956858       -1.3718323633
      -10.0082356245        0.5542990188       -7.7073156438
       -1.9781473843       10.0387200125        1.7339447081
        2.4332432975      -10.3792780710        0.7618143236
        5.8980692725        7.9607237344       -3.5240322809
       10.1601644944       -0.2125962087        5.2257670533
       -5.3798912841        5.2789755295        6.7229465998
        3.4483157326       -5.0028475957       -4.0896216572
        0.6538506510       -1.0089625960       10.7717392625
        1.2556010235        5.6476076984       -5.4249872368
        3.4259079220       -9.7529859214        4.3884536060
       -3.4435369055        0.0758110248       -6.9472170327
        1.9490624141       -7.3731961582       -1.6178664924
        2.5143525833        7.5060138179        4.1800855742
       -3.9734735672        8.0664393017        4.4417376678
       -1.8171720781        6.6958966882        7.3493600560
        0.5274596733        5.1696147960       10.0166926641
       -6.5780803640        5.7134685136        0.1608413767
       -1.8050042904        2.5063536712        2.3061706260
       -2.6195790254       -9.2736734805        6.0399040384
        5.1956378206        1.3080204206       -3.6164802713
       -2.0819213674       -3.1506365391       -5.9706773594
       -1.3190150694       10.0250930413       -4.8643692262
       -4.5038838360       -2.9580826347        4.7196612245
        2.5888980010        2.1383752896       -6.5092716336
        9.3216730824        6.1143195536       -3.0776931313
       -0.5199286945       -6.9114290969        8.2268110129
       -3.1026096047        0.0450263842       10.3021282601
        2.3605257542       -0.3968575502       -2.0096975524
       -0.3931546268        0.1953823888       -4.7055426326
        5.3380179057        9.4634613184        2.8399466028
        9.6637089830        4.8780230591        0.6479863217
       -4.8503337312       -3.4007745985       -8.3632903289
       -6.9506110085        0.7130810442       -5.5962416867
       -6.7804673951        2.0541604768        1.0558602488
        2.8444736290       -8.5116682778       -5.2873088278
       -0.1553491559       -6.3812932186       -4.7071144763
       -3.7071422201      -10.0007669957        2.4297341512
       -3.5218700512        9.6760961448       -1.7939377245
       -4.4142769181        6.2197514887       -2.9495298810
       -3.8245108624       -0.1473087927        0.4579775916
       -6.9228601884       -7.4517153615       -2.4069468510
       -1.5402494726       -1.1539840227        3.3399789209
       -6.4889881076       -0.0927229150       -9.1653042961
        3.2705715003       -7.5971243854        7.6431743269
        1.9889129260       -4.3124539425        9.2274924010
