        -5.2148303673       10.0207591303       -2.5441594587
        5.5126582463        3.0446705259        9.0178367304
        1.9860984509       -3.3072033300       10.1891218261
        6.1236070406        8.5312471683        4.0891277309
       -0.5442109210        1.0854424465      -11.4573338795
        4.7975527460        1.9491395179       -3.8468083591
       -4.0615552545       -4.8361607080       -7.9552813337
       -9.5152869584        5.9907502244        0.5832231487
       -7.0122312679        0.0653980369       -0.9067888492
        7.4675325895       -3.1819407446       -1.4736111852
       -1.0084633211       -5.1901098824       -5.8348152142
       -0.1883996965      -11.5489380369        1.2327191187
        2.0378964637      -10.3434875108       -1.7393476219
        0.8770110994        6.6582325640       -4.1672393256
        6.0912835976       -7.8797779689        2.5435515307
        2.0614539298        3.3977810243       -9.7338042518
       -9.8275739523        2.1393032231        0.6257648790
       -2.9740199807        6.9945326118        6.5763348948
        4.4584711077        0.0501628597        6.9300856872
        3.3963982330        6.3886130618        5.3413621595
        5.3762598407       -3.2692757773        8.4199344024
       -7.4598088875       -6.6438465507       -2.9390450428
        4.4902075552       -1.2257247675        0.0082484559
       -0.4101803666       -5.1721581443        4.9363859781
        7.7440018371        0.1820919190       -5.2946543196
       -6.5177310766       -1.9160057983        2.3963871482
       -4.2714598879        1.7010885180       -2.5890745595
        2.1275751580       -2.9870511641        6.4241527468
        5.3492017854       -2.0061759726       -7.4014375840
       10.4737351363        2.3296446888        3.6978273358
      -10.1842540645        4.1657125642       -2.6978244445
        4.2435796713        9.3039526668        0.9064041469
       -7.0100197115        8.9514650678        0.6523484948
       -1.5777439103        4.4687836637       -9.7194795508
        2.6921081147       -4.0586280945       -5.4169365899
        0.5887888860       10.6154682127        0.9365529412
       -0.0299609866       -2.2409238762       -3.9676906566
        0.2837461054       -2.3237153301       -7.8135954651
       -5.7549670436       -8.9053818735        3.9008615703
       -6.8584744117        1.9717613434        6.2465914501
       -7.7779157612        7.1544879657       -2.6787395457
       -1.8879907656        4.5646259174       -2.4665097008
       -2.6486518559        7.7731040669       -4.0901835475
       -1.2466389538        9.4647936389        4.0969302744
        2.3690164980       -2.6430086857        2.6526115300
       -6.9384340011       -1.9219447316        6.1768700836
        5.4406971849       -5.9638754738       -6.7334212196
        2.5574249603       10.1375166823        4.2516673145
       -5.0566172207        8.7220844238        3.9676015678
        8.4895688526       -4.8241927454        3.1417522727
       -3.2978415355       -3.7831580197        0.9860310800
        1.5636459274        3.4704059701       -2.5799324334
       -4.4359060327        6.7793508541       -0.9013367840
       -4.0781910090       -0.0041973770        4.7165652976
       -7.3264241894       -8.7142073706        0.3597655734
        7.8965428484       -3.6671743816       -5.1143404424
        0.2280454886       -8.5104511374        6.6524715439
       -1.6618003223        1.7422456190       10.5025307252
       -9.2719379305       -1.0297280890       -6.1997200283
       -6.9023261689        3.8553104249       -1.0026011291
       -2.7797184781       -7.0475094497        2.6426987005
        8.8273374607        3.1790111563        7.0609931295
       -6.8799791863       -5.7618720104        5.9106912351
       -9.3196897885       -3.2571498077       -3.0388362190
        3.1801226298       -5.8651492392        4.0124045560
        6.6296163126        6.2939094958        7.2372943285
        7.2244843622        7.6349800601       -5.8572138721
       -7.4198561731       -4.4416220387       -6.1496636867
        4.4138658334        5.5233450517       -4.1796624491
       -0.6769432706       -5.3490532713       -9.6350579478
        5.8253407100        8.4050996791       -2.4554603145
       -1.1090856556        1.3805173390       -0.9105794979
       10.6280094744       -3.3073910295        0.3916308898
       -5.9153556888        8.1270989821       -5.9109712064
       -2.9267933412       -1.7388505205       -6.1110599032
        5.2899348702       -4.5886891434        1.1421434257
        0.4179256733      -10.0513481649       -5.1681623210
        0.0823805816        9.8368355066       -5.7911328429
       -2.4420686900        6.5016019756        2.3853884678
       -3.6313192833        3.5163559403        0.6822550233
        2.0541771622        2.8907226436       10.7712722412
        0.1795758337        4.3304365529        0.7166111891
        0.6151993582       -2.5116323459      -11.6900884653
        4.6765514430        5.5577119516       -7.8204222241
       -6.2235110575       -1.3933942191       -4.2964240852
       -7.5270856510        2.0078800508       -4.2895075056
       10.5211992317       -5.0807911134       -2.9107959547
       -6.3141648961       -3.5312731399       -1.0315398201
       -0.6285001562        7.6145848675       -0.8068797215
       -9.3421073133       -5.4360408777        0.1765801206
       -9.3541943626       -3.7585383911        3.7400940548
        2.4101794254       -3.7978403031       -1.4466172835
        4.3185949731       -0.2551914013       10.6237604226
       -9.3133667691        0.1051295523        3.8906918198
       -4.2429942644        1.6501085097       -6.2024256742
       -1.9784677402       -8.2242684339       -7.6293796973
       10.2276378611       -1.2702766444       -2.9068294411
       -1.5008638859        1.9106138921        6.7832559237
       -1.7290258462      -11.3447054682       -2.2336015226
       -4.3691545883       -0.0645271936        8.4444517159
       -0.7260515607        1.2109380610       -7.9317544328
        8.2684295887       -6.5284853096       -0.2860556725
        0.2086892076       -5.1667610849        1.3819482050
        1.2801536556        0.2552495169        5.0131097011
        4.5763873300        0.4089533982        3.2353912918
       -1.4405249715       10.8810257246       -2.4237874588
       -6.2080872189        5.6525802531        2.2896442719
       10.4353981704        0.5663467357        0.3987116338
        2.1989822821        9.6805302914       -2.4158847952
        2.7390467409       -0.2694047598       -9.6577878974
       -5.3536165100       -9.9081525903       -2.6872638391
       -5.4055213749       -7.8134170837       -5.9463869220
        3.5123065636      -10.5305337720        1.7870545859
       -3.2554988585       -1.6951093311       -2.3023667502
        6.6285399203        4.4804281857       -1.4354863008
        4.3509875488        9.3127337560        7.4299237098
        5.0788014578       -5.6593575643       -2.7928379973
        2.2487762997        3.1725640682        7.0595681093
       -3.8028824542      -10.2229103504        0.8195565556
        1.7856871032       -7.2149213446       -7.2445881604
       10.7469223373       -1.5302466216        3.7240123884
        7.6332173394       -1.4479873417        1.8043915046
        5.6936842765       -9.1147919802       -1.1776478704
        7.1763010706        0.6245669784       -1.4672747946
        0.6829131568        8.1536045070        7.0323333351
       -8.3783583209        5.2347696960       -5.9886822229
        7.6689816284       -0.1289186900        8.7684355837
       -2.6406323561       -1.8587424643       -9.9324203535
        2.4366445308        3.4579916751        3.3253487670
        3.6483359528        8.7102325785       -5.8087137200
       -8.7956512371        7.8366150184        3.8177216232
        1.4712975212        0.6024428146        1.3677658236
       -1.4957725884       -1.9630184766        6.8360358993
       -0.5340221109        4.9945415079        8.8172293024
        5.5008941534       -2.8831163969        4.6075402909
        5.6246838110        3.3397895690        5.2257907761
       -4.3686055408       -4.7303322900       -4.1157181528
        7.2453911489        2.4045150617        1.8183242654
        0.7648219487       -8.4126795906        3.0408255951
       -4.3629384094       -3.9315441319        8.2667085642
        3.0223654919        6.3325910712       -0.8651111669
        1.0483214548        6.6761023534       -7.8904832952
        6.3381238356       -6.1868003534        6.0205158582
       -2.5566443935        7.7826064519       -7.7785007391
        5.1187730980        1.8548428380       -7.6083194410
       -3.9735816273       -3.8226687319        4.6129120879
        1.3869847235        7.2497123018        2.4227977440
        7.7568668697        0.2274790277        5.0856501607
        4.9626168884       -1.8256642640       -3.7001503176
       -7.5450091258        2.0106995742       -7.9772970146
       -6.4614049177        1.8939982586        2.4118483489
        7.8233904389       -7.4882099202       -4.0592724238
       -9.8348625420       -1.7269475798        0.5193958307
       -2.3413168277       -7.9996947086       -3.8314769716
        9.8283253936        2.6050165047       -2.8703966864
       -5.0378063478        4.9048631451       -7.9777152684
       -0.3327318854       -1.9861775423       -0.2087055144
        9.9358134988        4.4360595681        0.4415847282
       -0.9355509059        1.2234109917       -4.4166439759
      -10.8313376944        2.3582546933       -5.9630390429
        3.2035418560        6.1148277815        9.0990736353
        2.9422571827       -7.1853783324        0.1526473709
       -0.3064223826        5.0863721672        5.0087231760
        8.6575594064       -3.1012270767        6.5225784921
       -3.9746043015        3.8631632144        4.6388219159
        2.4271180543       -0.1139661337       -5.9325977486
       -0.7551847058       -5.2912341840        8.5522814657
        1.8875157886        3.4566082040       -6.1448387457
        3.8777941397       -9.1195163982        5.4236561547
       -6.2837969088       -5.6076473310        2.2232100165
        1.4098987469       -6.8974882074       -3.3393770497
        5.0832240507        5.5504619655        2.0274593978
       -9.1455323088        4.0009439571        3.9099276415
        1.0749544112       -0.0629690608        8.7061113270
        0.9561993615       -0.3474901275       12.4070535043
       -6.6168249885        5.8514029339        6.1577543606
       -1.3497485341        1.9842589526        3.0518009952
       -0.7742529732       -8.2668483666       -0.4039618445
        7.5109594224        3.9689654890       -5.4557622823
       -1.3548329586       -4.9746539511       -1.9940653843
       -5.1195944047        4.9169268738       -4.2363456386
       -9.2446933914       -7.5063569023        3.4145742018
        3.9956283221        2.5853060009       -0.0614585130
        9.1993486403        6.4470605217       -2.8541208894
       -2.2357962169      -10.3090415359        4.3201142215
       -1.7457641773       -2.1089159766       10.4616522331
        2.1018202648       -0.0015012573       -2.2779213832
       -1.7057777838        4.5117602295       -6.0886869477
        8.3893501956        5.4679992781        3.8766219347
        7.7613784110        7.5443679836        0.6422059581
       -4.0802328683        1.6063154064       -9.8123668331
      -10.3566468356        0.3283289457       -2.7071940485
       -4.2082168460        3.8089771413        8.3909645585
        3.0224106997       -4.2518091238       -9.2690065248
       -4.3563981876       -6.8429693784       -0.8373266344
       -3.3401566500       -7.1589326231        6.3615552119
       -3.2336668128        9.8968526583        0.8072498772
       -3.4627086345       10.9947828187       -5.7532143051
       -3.7046724644       -0.1767412681        0.9788806418
        4.1683377588       -8.8638974194       -4.6498594139
       -1.1268494430       -1.8166344959        3.2622218270
       -5.9752547719       -1.4185789207       -8.1213995266
        2.9590843484       -6.2270301031        7.8202551842
        1.2657398588      -11.6957197042        4.7183895765
       -3.3160866798      -11.0889086074       -5.6504012148
