         1.3014335312        8.4579949129       -9.6634444114
        -7.1558804650       -2.1767916862        2.5858380807
        -7.3246113220       -4.3456863651        5.6210149863
        -2.0763120552        9.3552377595       -4.0664551377
        -0.9527584921       -3.5039204962       -6.1393709113
         6.5981062052        3.9139668778        1.0271526207
        -4.2224216875        2.4425846326       -5.0793798476
        -7.3262956746        2.4690140210       -2.3966127701
         2.5313067785        0.6978099943        4.8926541112
        -9.5191791627        2.3913756575        4.1871355007
        -1.9068351080        8.1479637334       -7.7862418429
        -7.7698909876       -8.6150769612       -0.4426644625
        -2.0555945513        5.7552419442       -5.0285967634
        -8.3939969433        7.5324430748       -4.1188653266
         4.3245494279        7.9135990171       -7.4649239567
         7.9483559997       -2.5944796912       -6.7738644370
         2.0433192921        2.4492806524       10.8656950543
         6.9972713827        0.2072928741        2.1957840455
         1.1379278307        6.0124502569       -6.8716778382
         0.8872860313       -2.6297154586        4.5671102278
        -7.2968854582        5.0876716466        2.8709755571
        -5.0063817914        7.7862456357        1.2993573725
        -4.6314892761       -3.0554984043       -0.2145365132
         7.3580810684        7.2839977717       -5.2628808057
       -10.8476639127       -3.1511536328       -0.7913211283
         3.6793438217        1.8686469734        1.4642071129
         6.0556724051       -5.4070979622       -4.9506132463
        -1.2866852987       -1.9894105280        7.3825284500
        -8.0681730487       -7.1797461385        3.1455525259
        -4.0816304274        4.8114943659       -8.0200385672
         4.9340006282        1.7968280061      -10.1418149814
         0.8238530985       -2.3904262418       -2.9530940547
         1.1983584215        9.5750338762       -5.9257503699
        -4.9057036674       -5.2348912804        2.7541445057
        -1.5644704590       -1.1564723580       -0.6092969366
        -1.0781313116        0.4477710842       -4.2204931400
        -4.8716248605        4.1762162751        0.1864840959
         4.8017125410       -0.6423351973       -7.2684347860
         3.4557902547        9.1911997058        3.6778485221
         0.8906564140        1.2781115508       -1.3148385899
        -7.7695860362       -4.9255257390        0.1922072828
        -1.4674283297        4.2019631095        5.8058303266
         5.9301719167       -3.3310552971        8.5908470859
        -4.3036838020       -4.5138202060        8.1139152774
         4.0305402862       -1.8548021729        2.5923968033
         0.8427719824       11.3959015816        1.7502618022
         5.5057021985        2.8572186216        4.5357388765
         3.9704883707       -8.0871689548       -3.0409704439
        -0.9399058569        2.7737512197       -7.1046682701
         3.5387797505        5.5315144919        2.5443885756
        -2.8531999341        1.8396758207      -10.1041470371
        -8.0735197198       -5.4451604870       -6.3294983623
        -5.2598358162        5.4186615330       -3.1778639275
         3.0866638972        5.1334698716       -9.9450836897
         7.4117368435       -5.9424765714        6.1389252655
         0.8051619129       -0.2753352103        1.8526096399
        -2.0139146811       -7.5901941432        8.0633438619
         4.1091026530        9.9902103151        0.0679407533
        -2.2762151349       10.2863653627       -0.2899669994
         1.1711491966       -4.4965263439       -8.9150692998
         4.1056711127        6.5125319815       -0.9166878540
         2.2904279671        7.9905725428        7.3293874826
         0.1897151714        5.1745541819        9.0310764624
         7.3237392365        8.3676899916       -1.5381820148
         0.6118638691        6.9849057779        4.2384541603
         1.0377763360        1.8350817986      -10.2325307348
         5.9279091444        2.6958473729       11.1447269528
         1.0073213563        7.0906299296       -3.0842574833
         7.2856858784       -3.4722575227        3.3400489078
         0.5043090072       10.6841818393        5.4551926539
       -10.6240764663        0.5823481756       -2.0916841988
        -2.1370291605        9.2631154366        3.2939203319
         6.9728026893       -6.3367631882       -1.2802237333
         6.5328177329        7.5994676488        2.0730747031
        -6.4653070067        0.5615112999        5.0004094570
        -1.4297395203        0.4263892295        4.4752147022
        -5.3759406623        8.9438093353       -2.2312203341
        -4.7743459767       -7.2478251050       -7.3841826286
        10.2044053421        2.8764096238       -1.9098666342
         1.5568907238       -9.5718416355        2.6490045286
         4.1588186607       -4.2917703087        5.3634795568
         0.8236698613       -6.0153047915       -3.8634343160
        -4.3960677372        6.6081300763        4.9379254022
         1.3453001470       -6.0522636570        3.5258693223
         4.8005476414       -8.9062632072        0.6506051781
         2.9873860345       -7.0489303235       -6.6471982048
         4.1750136356        5.4605253234       -4.6901397536
        -7.8905738985        6.2013741748       -0.7067905290
         0.3112990753        1.4757263402        7.6508245857
        -9.9872728848        3.3366207015        0.4365967828
         7.7486865900       -7.0633179112        2.4194057038
        -4.8095948070       -1.5124546298      -10.0628267200
       -10.2024324250        4.3004583341       -3.3245842528
        -9.1848181169        1.2225621423       -5.5531072840
        10.0000048970       -0.7801278059       -0.6762504965
        -2.2666564020        6.8344157400       -1.2910648033
         9.5802876297        5.8863466669        0.4959120839
         5.8527167560       -1.7274184169       -3.8143958431
         1.7637763919      -10.5955208840       -1.0479426562
         9.1551951791        0.1123836011       -4.3419532509
         0.9381921516       -0.5687730781       -7.2543622783
        -1.6633237056       -6.9559751885        1.6376644793
         7.2684184635        3.8499961712        7.6733272252
         6.9236042738        1.0213073161       -1.3771096283
        -3.2088903810       -2.3321873282       -3.5811305332
        -1.6155515279      -10.6718242062        0.9645457268
         0.9761118822       -5.0691947635        7.3241727105
        -6.1955051902       -0.5843641281       -4.6242815049
        -4.8612273836       -3.5442388408       -6.6407783647
        -6.5758509738       -1.4465199232        8.0378405427
        10.3696941157        6.5545477652       -3.0956778888
        -3.6683654386        4.9635302474        8.5434139493
        -3.5589153899        1.2284765166        7.1659118617
         1.6396776271       -7.0576594404       -0.2185776281
       -10.9481168730       -6.8155273900        0.5469949385
        -5.1413644647        7.8208721805       -5.9342617852
        -7.3434477643        4.4626230001       -6.0088149670
         7.5290403195        0.1614818421        8.8356094475
         9.2126966522        3.8551568902       -5.4881834799
         4.5732419353       -7.9008499040        4.3975205430
         1.3665236295       -8.5736716291        6.3773836369
        10.3129144772       -1.4050066105        3.0147086806
        -1.8101014300       -3.2398837164        2.3246745150
        -1.4611992785       -4.7643515489       -1.2550448802
         4.2606808095       -6.7554587324        8.1278416833
         0.8571327051       -9.6542997945       -4.6745817292
         3.6724494877       -0.9129949772       -0.8899240707
        -9.5945912418       -1.2921215579        5.3928739045
         3.8338572314       -4.4725854664       -2.0911180724
         3.9743965975        3.0335517579       -1.8874145961
         5.8093878266       -0.8585866399        5.7017538542
         1.1215208703       -7.5410648075       10.0970138697
        -5.0787678246       -7.4498756537        5.6857077800
         8.0243341182        1.1410733745       -7.8898276076
         4.2839697431       -0.6942531671       10.8727021634
         9.8305088737       -4.4214890662        0.5361519027
        -2.0252416793        5.7049422799        2.1358729999
        -4.5979185544       -6.7190252826       -0.8462340422
        -1.5724704558        7.8763401589        7.0259856802
        -6.3708238165       -4.2507813681       -3.2539798413
         0.8417685794        8.0191004457        0.7086931105
        -6.5125659892       -4.8214477292       -9.7167273798
        -1.9712932813       -5.3832251226        5.2010150435
        -8.9638542280        1.4453386933        7.8559912900
         0.3733997559       -0.9614934510       10.6328039622
         1.0274430430        3.6088055576       -4.0930829218
         0.7259983283        3.2910716389        3.1262855483
         2.6688674801       -4.1176586262       10.5269083509
        -0.9456139719       -1.4831668047      -10.2132083365
        -4.2132591155        3.0804600034        3.7369445300
         2.8260916315        0.3248695633       -4.2797366330
         9.0599010367       -2.4496261339        6.5068971256
        -2.6666945144       -4.6903367627       -9.3242625927
         1.3978638033       -3.5723685409        0.6283122029
         5.4018112625        6.5388415221        5.6737965814
        -9.5521025257       -6.1186424192       -2.8931822601
       -10.2695773453       -0.3481061607        1.6658151836
        10.5357198670       -5.0641785778        4.1756145926
        -4.5496344027      -10.3650697446       -1.5160807969
        -3.1250572612       -6.0156232296       -4.3047019135
        -6.1373749504        1.4736272099       -8.0554065786
        -1.8870788418        2.2096304321       10.4478890157
        -5.7690053514        1.9529278888        9.8264080755
         2.6050196076       -1.6872592550        7.7208156187
        -6.6053425497        3.9402276336        6.4850201014
        -1.8404886286       -9.1404288889        4.5249108511
         4.2516148822        9.0695660626       -3.7125993854
        -2.9657753266       -0.4688663224       -7.1341834534
         2.9658474457        2.7041714412       -7.1338226216
       -10.2746985424       -4.0451288055        2.9520741397
        -7.9411927497       -1.8266034908       -7.7215477408
         7.1524408496        4.8018363250       -2.4654946916
        -0.8727037608       -7.2090807401       -7.0675155093
        -9.4821102421       -2.4418734839       -4.2710284458
         8.5087279056        4.9369933526        4.1037401053
        -4.8645555494       -8.9995992968        2.1207731166
        -1.8869506219        2.2012664035        1.0289962246
         8.9542583457       -3.5761882113       -3.1350897286
         6.7276186394       -2.6896782078       -0.2331437498
        -4.1708726081       -2.3109690717        5.1824759333
         0.8998196187        4.6243597876       -0.2342288394
         6.2183383337        4.5693362901       -7.7798344611
        -7.0265479165        1.5171759777        1.3542206809
         4.0950818366        5.3308608333        9.2446221592
        -3.4810511283       -1.2305769174       10.1524743188
         2.4098845565        4.3562331333        6.1523026604
         2.9092714823       -3.4076720859       -5.6987690273
        -0.7891565749        5.1830731331       -9.9524370263
        -4.3986536362        0.6987799913       -1.5529024736
        -2.0977056644        3.3968635587       -2.2785750212
        -1.1869662739       -4.4361250374       10.2438888494
        -4.0651803049       -0.3452201715        2.1173874507
        -6.3585270375       -7.9929265263       -3.9689929991
         6.0086219050        2.0917841744       -4.8997688315
         2.9350151597       -1.4937237614      -10.3236158912
         9.9572578329        2.2573385789        1.7770760909
         1.0426114720       10.5872734712       -2.1006196022
        -1.3291434611      -12.0630240430       -2.6089434219
        -1.3497062567       -8.4119764699       -1.9279380386
        -3.0270764953       -9.6748520780       -5.0171238246
         6.7801390982       -1.5227716335      -10.2859580608
         4.2295110437        1.7151633840        7.9895786703
         4.5500004883       -5.3538818721        1.5547195468
         4.9902764261       -4.3303821887       -8.5337585820
         8.8795772572        1.2695572821        5.3558778589
        -7.6185341553       -1.2170837775       -1.1304320442
