         5.8127075745        0.6303997926       11.2535772935
        -1.8736288746       -3.9010469382        6.4219745366
        -2.7981540544       -9.7651253413       -5.0509624268
         7.2148801629       -4.0670285741       -0.1243296738
         3.9290940625        0.7104248945        8.0650148027
        -7.3917358970        4.8992310145        4.6674891402
         4.1009513552      -10.1346466836        2.6074684618
         6.9032326520        1.6229557779       -2.7396358700
        -3.0689972043        3.7542702832        7.6836319794
        -4.4368334380       -7.8034397606       -2.2431798923
         3.7022500473       -7.4898139972        5.4685444024
         6.3099630957        6.8931846457       -3.4321524210
         1.5482240684        4.1375367104        3.0998060405
         2.1101076013        1.8812342220       -6.9820057643
        -5.9459473960      -10.0977666141        0.2877228115
        -6.8039164282        3.4093333153        8.2501119092
         2.9897971298       -1.7134783417        2.5872128557
         6.5031416334        7.9382832731        4.2372294281
         9.2059653175        1.8235874180        4.4144473459
       -10.5186971545       -2.1362611031       -3.2040669923
       -10.3957421729       -5.3657557889       -1.1412636137
        -5.8789213816        9.5899477601       -0.0319815319
        -0.6417424568       -1.5557545236        4.0209859135
        -8.3459757240       -4.9954980825       -4.4580447875
        -1.3778557142        2.3856532379        4.7026033410
        -1.1253585532       -0.0719199715       -7.6715174814
         8.7699181865        0.2511077107       -5.7810807864
        -4.6828569036       -5.9258175685        5.1629594019
        -3.5101747061        0.3440428328        2.6443860942
         2.8375512614        7.3156782698        4.4183123335
         1.7272520281       -1.1196906454       -0.6626701006
         5.0479124830       -4.7834637277        3.1022544916
         9.1261945595       -5.5003916587       -3.0851621679
         5.2303961653       -3.8379267271       -6.4548575702
        -6.1804752407       -1.0268509146       -9.4860622917
         0.3501431760        9.0235766478       -7.3876183599
         6.6889958896       -5.1516439853        6.3696313682
        10.8691829253       -2.0633376120       -3.5028769783
        -6.7367793141       -5.0101269832       -1.0687623896
        -8.0480209793        4.7414872709       -5.1022219494
         7.1003037331       -6.9990284690       -6.0284194526
         3.4510374849        8.0239207168       -9.3330650688
        -0.5959727294        6.9736599968        2.5682616837
        -1.2613025988       -6.7467437151       -3.7835573501
       -10.8873289853       -0.5106469049        2.8917014504
        -7.7041197626        1.1591667865       -0.8816318684
         2.1065971803        5.7946527365       -6.7006946861
        -0.1268778736        5.5608558352        6.0985390873
         0.4472473270        2.2357464332        7.9254964108
         1.6455185062       -4.4251442555        4.7914431661
        -1.2109774130        3.5782622876       10.9182815995
        -8.1107185495       -8.2113283705       -2.3216977897
        -6.0477194833        1.5626643302       -4.3783803230
         1.9870182216       -5.3557896830       -5.2083470968
       -10.5778378181       -4.3749743772        2.6081626383
         4.6305208202       -2.0634312895        5.7470474255
         2.7455774993        7.1242463812        0.7413959222
        -3.6867867203       -2.5099972179        9.4705208851
         5.3721159675       -7.3628532386        0.3357074065
         7.0339771518       -7.8683344756        3.6238557747
        -6.8920431132       -4.0521561772        2.6483015951
        -7.7485549446        6.3070052162        1.0450266615
         3.8697351515       -3.5364099917       -9.9886772648
         0.4790732554       -1.6817394813      -10.5698268405
         0.4813827146       -8.3803965216       -6.6763883401
         5.6079535119        1.4294511697        4.5855574032
        -2.8152107620       -9.0011093840        6.1308385721
         5.9838032916        6.1798497187       -7.2506637411
         0.6761730301       -9.6623537425        4.4582255389
         0.5826744013       -0.4808802781       -4.3763331909
         3.5619311198        4.1841525556       -9.6384947527
        -9.6631482648        1.3629596606       -4.1508049666
        -5.2339324789        1.8549297596        5.3878095762
         4.9324681287        4.3882146488       -1.0079980732
        -2.4784549118        1.6437322040       -4.7472300345
         8.7741981116        5.2075846930        2.5991639233
        -6.1013620397       -9.1821297738        4.0010747514
        -6.0572645349        4.4530172866       -1.8468302688
        -1.2711265555       -6.6401261310        3.6938590555
        -6.0468588531       -7.7911233941       -5.5989142340
        -2.8336089955       -6.5025045214       -7.2322051519
         6.3984157210        2.4247261667       -7.9376559598
         0.5820503373      -10.0373141438       -3.2134734972
        -2.4267679917        4.4561249719       -2.2389766328
        -9.4313495023        2.9147387106        2.0015751267
         3.9066598711      -10.2948637880       -1.2900218498
        -2.8104468458        9.9142793959       -5.4172592499
        -4.5381690272       -4.6507303826       -4.3448283545
        -4.3092296908        4.8049092045       -5.3873506977
         7.1582177124       -2.2703098553       -3.5260463316
         1.2331279644        4.1217842190       -0.4794976156
        -2.2902973116        8.5783154424        5.5953338519
        -3.5991363094        5.2469236803        4.2369978344
        -2.8639952833        0.2814989686      -10.9185910754
        -3.2361998592       -6.2643699950        8.8043893125
        -4.1448947859        1.2498180884       10.1255342724
         8.9785753086       -0.6950741303       -0.5801838531
        -1.1444231821        3.8726675774       -7.3556489903
        -1.0500555430        6.7474144613       -4.8047532119
         6.7918731368       -1.3367685490       -8.6238050499
         8.3768354654        4.0556826710       -5.0554557479
         3.4071718917        4.0572429994        6.2857653067
        12.6779954511       -0.5619492488       -0.5235295998
         2.0480771687       -7.0546746030       -1.7576480731
         9.0683922547       -7.2279238550        0.3826494322
         1.7551399421        5.4909924106        9.4011035444
        -7.9958799742        1.8622234208       -7.5860120948
        -2.9465158142       -1.5115654057       -3.0918539416
        -1.7237775418       -1.4933837598        0.2179674228
        -8.7832289267       -2.4019332953        5.4289835599
         3.8583310552       -8.6563802530       -4.7234123866
         0.2603103672       -4.1998541437        1.3175467221
         3.4596753920       -2.4676940318       -3.5218796258
        -5.3186072610       -1.8192197762        0.1781573906
        -2.8763111476       -3.1273353056       -9.1880728100
         7.1618296624       -8.7674860949       -2.6264295210
         2.5083253198        6.5467007249       -3.0164477515
         4.6194453410        3.8160463337       -4.8680919593
         1.0677282036       -1.6565497884        7.3421909291
        -2.9651732835        7.1365130467       -8.0738726521
        -3.0094020635        4.1444802350      -10.5403961499
         0.7031300397        3.5689709546       -4.1416457366
         4.9539674464        0.0192668698       -5.6370130629
        -5.7037208929        3.2474839091        1.7589580046
        -4.2265724698        7.6224337163       -2.8317914732
         8.8723980473       -4.5601557107        3.1980427259
        -4.9840099039       -2.0181988313        5.2791657320
        -7.9368668238        7.5621053278       -2.5642899945
         0.7270278279       10.2624195315        3.9425107562
         2.3048418345        2.0754180995       11.1429620970
        -3.0740733736       -4.6068812311       -0.9992551984
         3.6825962720        0.3192056713       -9.8487935770
        -0.6937545823        7.3697400384       -1.0622803644
         4.0847838510       10.5096295230        5.8188503081
         0.2574681308       -6.9393007306        7.2012589486
         6.8047564453       -1.4021391953        2.6048579994
         0.2311598398        6.1021822563       -9.9643805253
         0.2728020515        1.0313159048        1.7950644526
         2.1130034554       -7.1681122856        2.0422583011
        -6.7250423404       -0.4538646526        8.0454791682
        -1.8243838476        6.9418282255        9.0827558122
         4.2077535153       10.1579579190        2.0790062570
         6.2834494998       -2.3091497577        8.9602786450
        10.6325243066        1.7822708981       -2.8102789225
        -4.3522279277        1.9127962507       -7.9198303633
         5.2873509906        3.9405772017        9.4667227060
        -5.2179889166        6.7561528621        7.2030234511
        10.9096124470       -3.8984699855       -0.0656129217
         0.7634774254      -10.4723689014        0.7049167080
         1.1360155793        8.7583202087        7.4653660423
         2.0709057482        0.8755710983        4.9041042025
         8.6607459201        4.6910805377       -1.2346673295
        -1.2410571461       -3.4130252742       -5.8257453902
        -4.1410141690        1.3459441725       -1.0633612248
        -6.2704783669       -8.1606482361        7.6491759792
         3.5349099663       -4.1995991077       -0.1671773855
         0.8643103173       10.3921112195        0.2034991724
         2.8502170403       -1.7656327940       10.6225500817
        -0.1795547640       -4.0906847582        9.7843086968
        -2.4344344889       -0.1033418613        7.0625952974
         3.2912125429       -4.6823270668        8.1459558720
        -6.1424576770       -4.4836589473       -7.6548525919
        -8.3700229636       -7.3461754827        1.4479584921
        -6.1224007604        7.9764355893       -5.9864761339
         0.3588462970        2.2177709087      -10.3602345977
         8.4383237169       -1.7530774863        5.8202844847
        -8.3648621865       -1.6349510316       -6.3603481243
         5.3163569447       -0.9106365702       -0.6308967764
        -2.0156873645        3.6682479266        1.2469010060
         0.1528048819       -3.7867104792       -2.3635685602
        -0.6752136069       -0.2876053272       10.4566021946
         6.5036028488        7.4830005821        0.4125837529
        -6.5442795883       -4.3220960166        7.8690278935
         7.5347596144        1.2605577949        7.8576095165
         8.9574569193       -3.6172658913       -6.4345102272
        -3.9772927941        6.6051396240        0.6999537579
        -0.6583650105        1.3714345732       -1.6422892586
        -2.4860705790       10.6212266233       -1.6652659213
        -4.5571402871       -1.3734743521       -6.2752060398
        -9.7255939377        4.2370462469       -1.6045845567
        -8.4438383120       -6.2863448138        5.1517045842
        10.8725800015        2.3718705552        0.9906432884
         3.7879029438       -6.8641353416       -8.0703178968
         5.1356064378        4.7863198353        2.7825099791
        -1.1526777676       -7.4847254714       -0.0518317238
         3.1755913113        1.4728016331       -2.5825448538
        -6.1900435327        5.1082646069       -8.5320740636
        -8.9984908399       -2.1396996223        0.1258774393
        -8.9590162229        1.5031357145        5.6065694574
        -2.5177439165      -10.7662307967       -1.2816951502
         0.4786817590       -5.0594868603       -8.7194978112
         5.3242634786       -5.6154412988       -3.0890112290
         4.7289788366        7.2514282207        7.6437604584
         3.8281147988        8.9037725665       -5.5922893723
         3.7109778278        1.6823867255        1.2758486382
         2.1361122480       -1.9891927415       -7.2202256290
         7.1017522607        4.6205359172        6.0611901646
        -3.1908785883       -3.6965337716        2.6569386237
         7.2651676124        2.0818456197        1.1366545722
         0.6867782240        9.8512378023       -3.6263268560
        10.5988530889       -1.1844923808        2.6601928031
        -4.5862670733       -6.9028894804        1.4870380666
        -2.6549346202       -9.9706995469        2.4397287689
        -2.6077691892        9.9319586699        1.9969083534
        -6.7723635521       -1.7819439996       -3.1041733135
        -7.2110703757       -0.1117795025        2.7939841953
        -5.6520281193        8.2421084146        3.6303678991
         4.0944285882        9.6042678081       -1.7555863465
       -11.2951355256        0.7678483564       -0.7065962623
