         6.5972452064       -7.8741828295       -7.6584526807
        3.0851647409        3.8642727995        9.8048344776
       -1.0175212353        0.9343043630        4.0827819870
        0.4046403318       -8.5137780405        7.0120965261
        7.2919905675       -7.3490420618       -3.8957941026
       -5.5434772940       -0.4641491226       -0.3482660371
        6.5324939559        2.1020010473       -9.4973128741
       -2.7445999759       -3.3412992021       -0.9354233638
        4.7135109913       -1.1261949413      -10.6583478801
        7.2476880136        7.0648159567        2.7989838241
        1.2536427846       11.4110341294        1.9848948597
       -0.6805619545       -2.5921547319        4.6875323153
       -3.5784335236        3.7244734102       -5.8505930534
       -9.0937941196       -1.0863154705        0.3480016527
        0.6579412530        5.9808428962        5.6878274242
        5.5254392647       -4.6889941993       -1.8372893768
       -7.7264567296       -3.0879477874        6.6061602625
       -2.1934368662       10.3371129973        0.5594340209
      -10.8804359909        1.2406757397        2.6379409951
       -1.1805706170       -5.0096378355        1.8409730619
       -9.6497067078       -3.2088806984       -5.8835969200
       -1.3838775366       -3.5251798658        8.1673608109
       -5.9448966890       -8.6467117892        3.4079849305
        5.7463737982        1.2166480030       -5.9907115143
      -10.3559599289       -2.3738914984        3.8439639469
       -4.7062372931        0.8904865253        4.7423362264
       -2.0195643098       -4.5254504418       11.6777173051
       -4.9323177114       -3.8295029323        9.2404986485
        4.8282931458       10.1602580485        2.8362684652
        4.6299773243       -6.3443290481        4.4076073104
       -3.5748651758        2.1913943070        1.4163254097
        0.2627579897       -8.3072446950       -5.6661906659
        2.8509387809       -7.1283307870       -8.2624586125
       -6.4440456832       -3.9364515954       -0.1252699271
        8.4571734866       -2.4952861715        4.5283929502
       -6.1214381622        8.3749990332       -4.5697745348
        7.4307365994       -1.5788244106       -0.6405150618
        0.2323530969       -1.1353077542       -7.5218728164
        1.9100649673       -3.7444192466       -9.7658644529
       11.0216042671       -1.0849378103       -1.5261414944
        3.1040821809       -2.7596568715       -3.6599492593
       -1.2381673531        4.4821197234        2.9008596252
       -2.4893970920        3.6169798275        6.2271488007
       -2.6414924471       -6.9798652349        8.8502288240
       -6.7188384547        7.0865552926        5.6547185550
       -8.6684048137       -5.4278202071       -2.8519509341
        5.1226190040        5.4714649813        0.0428126095
       -1.5694911052        4.0180259760       -1.1097306227
       -6.8292493607       -1.9735786991        3.1170689338
        2.2231231745        0.6075780329       -5.0992871672
        7.5706358021       -1.3627731604       -8.1043680328
        1.6465522686       -4.9790456235        6.3297387693
        3.0285312248        4.0881811290       -5.8487425595
        0.6658511592       11.0675656407       -1.8390112358
       -3.7939343904       -6.7401792007       -0.5610839252
        6.9129190423       -8.7904524748        5.9978526569
       -8.4996070128       -0.2431385989       -8.1101951767
       -0.4705578422        7.5675876358       -1.4481727468
       -5.5317870379        8.9514867483       -0.7927045182
       -4.4523422177        9.8535547151        6.8083717202
        5.9672980369       -8.9883940591        2.2650936152
        6.8796053160       -1.2431213307        7.8571395581
      -10.1232523167       -4.5847880086        0.5861232450
       -3.3714988628       -1.6023634603        2.2811971641
       -3.1704144307        0.0651311130       -6.9638234354
        8.4830129960       -6.2979559995        3.6623500977
        5.0047357419       -9.0812102075       -1.4861552631
       -0.1520081373      -10.8797608923        3.9974292393
       -8.8640487119        4.1905264314        4.2253164252
       -4.0250919718        6.3127295733        8.3031259767
        8.6797464991        5.8241329775       -0.5754154348
        4.8039978466       -5.3308830561       -5.6517424308
       11.9778628843        1.5681272821       -4.1728393202
        2.4657680523      -10.1418084915        1.2267753869
        9.2269986830       -4.2660253715       -2.6881237501
        8.4380828452        0.9425956621       -3.2787524428
       -1.2866304176       -5.7544817266       -3.4031780600
        6.1856075331       -4.0875924931        1.9437648582
        7.3634552479        2.2907374185       -0.0231484018
        6.9775758621       -5.0552267722        6.9928180871
       -0.3471173316        5.2011553726       -4.4463609210
       -6.4749171385        1.0738065526       -5.3382772352
        3.8591069967        1.9043638514        0.5784978492
       -4.9716220459       -4.7411494048       -3.5809679012
       -1.0779526078      -11.1315822953        0.2384808867
        0.0224813351       -1.6595297414        1.2867755548
       -2.3012228014       -9.3278610027       -2.9057136142
       -7.1197873606       -6.1350122367       -6.2507218537
       -2.8701521823        7.1276146061        4.8604815376
        1.0892695192       -4.1249973654       -1.0118072340
        6.1006903984       -0.2407154617        2.6812317253
        5.7219454284        3.7627309616       -3.1305014704
        3.9621861735        5.0086567859       -9.3095874812
        2.8336132187        8.6937204786        0.0407644557
        3.4017308000       -9.8640763768        5.0073046278
        3.0013432907        1.4803426982       -8.6023797288
        5.5167813817        8.2076246029        6.0598678815
        0.6467468404        6.2832366676       -7.8955708330
       -4.9968096896        9.4547481031        3.0123145330
       -4.6363963286       -5.1713060813        2.8011531878
        6.0894701548        6.2192584245        9.2427548582
       -5.9929231390       -8.2591187999       -3.1899229514
        6.6819143772       -2.1994916270       -4.4975577825
       -5.1791155036        4.5822272306        3.5377376314
       -7.6197682051       -1.8398719733       -3.1101445745
        0.6634298141        8.7822251001       -4.9022207316
       -3.1737494286       -9.4100240228        5.9383302972
        3.8297932710       -1.9829557284        0.2666366541
       -6.2533789638        3.4574081743        6.9940945298
        1.0822009842        2.3859863593        6.9349345135
       -5.2252247151       -1.2716207101       -9.8182457791
        8.2691699848        1.3167573159        5.3108668743
       -6.0232962249        4.6003167477       -0.2624490970
        3.9868035765       -7.3687824535        7.9458005269
       -2.7315051760        9.8266360739       -3.2777469815
        2.5169300419       -6.6615166020       -3.0904853897
        3.5437545488        6.7429367601        3.2712925104
      -11.6188718808        1.1882401260       -1.2089420128
       -4.7950452055      -10.1695639222        0.0026342517
       -5.5105190735       -6.2784678671        6.3585778678
        0.3440315968        1.8927122362        0.9634081553
        2.2548123123        3.3027129066        3.6624510295
        9.7576397605        0.0877144050        1.9221251843
       -3.4838567371       -7.3001629594       -6.0219999734
        2.4367959914       -0.2870227102        3.4794646574
        3.9298912041       -1.9544130801       -7.1654201411
       -7.2354203870        1.7583614215        2.0147803829
        4.5498807410        1.0790915124        6.0261434899
        2.0103760461        3.1599415008       -2.3766784700
        1.0925678473       -7.4415876856        3.4299939354
        7.8762599663        5.0847518815        6.0124429256
        4.0491566709       -9.1605558373       -5.2158170053
        6.4568111069        8.9574185444       -0.4122902605
        1.4732164052      -10.2338447494       -2.5413009938
        9.2879894605        1.8457073077       -6.8474725416
        0.6932634654        3.5884053009      -10.7517309064
       -2.3057776898        1.1968827349      -10.3001881584
       -1.9168673320       -6.0081056202        5.3353495542
        7.8931604527       -6.8173432493       -0.1077909854
        9.8400781343       -3.7123224324        1.1169840689
       -1.1003602242        1.5474299829       -4.1002448036
       -4.0437403371       -1.2085249718       -3.7226067712
        5.6466246855       -4.5441986797       -9.2062038802
       -6.0615061265       -2.5723138034       -6.5002907436
      -10.4477241773        4.0725443959       -3.4385119825
        6.7087148658        7.2033922736       -3.6902401939
        0.9821945610       -5.9485997147        9.8345886761
       -9.7597583671        4.1540421057        0.4317552738
      -10.1794622076        0.4586192013       -4.7330705159
        0.8951913805       -2.1967004475       10.6938131406
        1.5689701439        5.2567209069        0.5121128237
       -5.6488077780        2.3614978690       -8.7633099961
       -2.8493301992       -0.9715849875       10.7759867176
       -4.6749338030       -5.0594984742       -9.0135829571
        4.0496050457        9.9863329696       -3.3126755811
      -11.2025996178       -2.4799537358       -2.4587353454
        3.9857298472       -3.6116867083        8.9134071041
        4.9058187148        0.3251061003       -2.4772230096
       -3.7628831057        6.2491104755       -2.8405502351
       10.8898348759        2.6874831839       -0.7534170069
       -1.6146070588       10.6612604341        4.4100509509
       -2.7231517409        7.4332215783       -6.2964977358
        2.3002134617       -3.9762430025        2.8390006223
       -8.0161176189        1.7910748754       -1.8962416057
       -2.4305324687       -8.4345452068        2.4119333044
       -8.3677969067        0.5553464030        5.4828242609
        1.1264013220       -4.6008380131       -6.1276249390
        1.0068003065       -0.2951580971      -11.1045457777
      -12.6880377389       -1.7334924121        0.9621766639
       -0.4889867588        5.0874970997        9.1377525838
       -0.2802858997        2.6342711480       -7.4024817507
       -5.6707985549       -0.1984791608        8.1959147891
       -4.4165158453        2.3653218358       -2.5668002162
        9.3762037657        4.4059051766       -3.9690343893
       -1.9644075983        0.0325004285        7.4119642141
       -6.0172903793        5.9391891856       -7.5422381340
       -6.8289095634        4.6700762127       -4.1402185508
        1.9564955778        9.5401870469        5.3071336293
       -0.9657231829        8.6551879296        7.6916766094
        3.7607432256        0.1789979421        9.6504852405
        0.0329239752       -7.6475453014       -0.3664775790
        0.1043270816        1.4466597397       10.2946971296
       -0.0043998341        7.9627474519        2.4588008071
       -8.1515762470       -5.5093334046        3.6332245025
       -4.1786955907       -2.7480205284        5.7444792457
        3.0173158093        6.5413588395       -2.9405985331
       -3.3132874785        6.7085569073        0.9890650092
       -2.0602734876        0.1238470067       -1.0171132260
        8.4402891788       -4.7598225427       -6.4985281010
       -7.4734794742       -7.3910513894        0.2483759352
       -2.6771458905        4.8662831574       -9.2332877679
        4.6912479407       -2.6581019623        5.2757731348
       -7.6217219052        7.0187814032        1.9192926069
        2.5719970900        7.4456315101        8.4896251964
        4.0096192987        7.5936966963       -6.4003872222
       -0.9391124448       -6.2017963174       -8.7088788043
       -0.5666290155       -2.1115043427       -3.9108970709
        6.7026971080        4.7720097634       -6.6848036365
        1.6174702761       -1.2291036213        7.0905911100
        5.8846302163        3.5244029972        3.2656238851
        3.5670591948       -6.5275752836        0.6429173056
       -1.8018169082       -2.7161512031      -10.0768278917
       -2.5401843829       -3.6541228311       -6.4566295351
       -8.5059298246        6.9536774307       -1.8233963333
       -3.4986328209        2.6702328976        9.6224517848
        9.4838087617        3.8787086969        2.6580783238
        1.4418434302       -0.2535758766       -1.6812240370
        4.1961353381        4.7276128684        6.4314612045
       -8.8929736596        3.3847061681       -6.9255967027
       10.2557187534       -1.6087799775       -5.3186568210
        6.6098243552        2.5465484436        8.6216309955
