        -9.2469428100       -4.6412942941       -2.1063841900
        7.5415667072        1.9144899452        8.0859499774
        8.2253110564        0.2942100226       -3.9314511313
       -9.0921745421        4.2053732984       -6.0969198789
        4.2478762046        3.5038705872        9.5582002774
        1.3088484996       -0.3431877725       -1.7591026207
        8.7921705172        4.3692185317        5.3879514655
       -2.4023535793        2.8635547284        9.9305171260
       -4.7646863420        9.3998981803       -0.2570035789
       -3.3263700000       -3.3629157751       -6.2000625451
       -6.7214147654       -1.9595254302       -5.9148046306
        4.9888737854       -5.0924698663       -2.2654942886
        6.4577774947        3.0067370327        2.8113792145
        2.1392872947       -1.4188922291        6.9669705494
        6.5302076207        4.2854500791       -7.1683618082
       -1.0290165963       -2.0041330988       -3.8216754247
        0.8216063897       -3.7755523155       -9.8602109708
        3.6090339094        4.7690201017       -9.5569681649
        3.9278237576        7.1326626125        8.3091580716
       -6.7735001781        7.6183422668        2.6189462572
        4.9215293706       -3.0759087319        4.8957156444
       -6.0734738763        6.4998145157       -6.9518448814
       -7.9702109303       -6.7284822053        0.8787996731
        7.4968566660       -5.3553799473       -7.1561591214
       -2.0757335950        0.3199161651       -0.7939385395
       -2.6029586593        6.9626245865        1.3277784577
        2.8948673036        3.8979083995       -6.0307671690
       -3.8576438676       -2.4414185391        6.1069609866
       -8.2096268974       -4.8390243162        4.3254061033
       -0.3005279511       10.7300280003        4.6056523124
        1.1283874194        1.3364711315       10.2881352612
       -0.5952161492       -7.6049295088       -0.3561468794
        7.4297035357       -1.8765731096        7.2888013813
        2.4067158848       11.2636814332        1.9497822469
        3.2259974105        9.3072863979        5.1971303156
       -6.6965695867        5.2759982284       -3.4926995694
       -2.9916754997        5.1676868436       -8.9232482418
       -1.2864505403        0.1296125549        7.5889104669
       11.0191512056        1.8070547165       -1.6140603988
       -4.3603495752        2.7634390575       -2.1383498596
       -7.3361091153       -2.4938557780        7.2652551881
        0.1213142007        3.6324142171      -10.7202212257
        0.7467934922        5.0267786882        9.1991545541
      -12.6187184671       -0.6682082855        2.0704981952
        0.0889689894       -0.2526399840      -11.1049895521
        0.2741668278       -4.6032834710       -6.1701978749
       -7.7604085625        1.2026898575        6.2131207525
       -2.8761198437       -8.2134603374        2.6150624163
       -7.9278528342        2.4879599954       -1.1647647491
        2.2327452365       -4.1663468134        2.6660697668
       -2.5741216863        7.7064948976       -5.9848369024
       -3.8745789698        9.8190260377        3.4925576787
        9.3830103482        3.6751980756       -4.6861419705
       -3.4092871875        6.5813368228       -2.4538384229
        4.7333774733       -0.0414851859       -2.8374293662
        4.4438153789       -4.0096811140        8.5739552224
      -11.4985459345       -1.4945038706       -1.4638809755
        4.6158091049        9.6631012484       -3.5707652687
       -5.7159770377       -4.6282713041       -8.6112791487
       -1.9662249377       -0.8320330513       11.0130110293
       -6.7546039396        1.6839295005       -4.7279168678
        2.0819039541        5.1192259850        0.4347143540
        1.6424085694       -2.3633880549       10.6129988726
      -10.4313531515        1.3774538554       -3.8089657336
       -7.9708604847        7.6668560715       -1.0340273152
        1.3433764262       -6.1015189759        9.7395847680
        6.9893979009        6.6762993542       -4.1766629642
       -5.7204648319        8.9100278397       -3.9731317523
       -2.8115989386       -2.4442216462       -9.8583023598
        4.5145728814       -4.8845185729       -9.6188092126
       -4.3843715936       -0.8116949351       -3.3223277002
       -1.2653072268        1.6882499927       -3.9460672673
        9.6006406928       -4.5038017314        0.3171657514
       10.7698054092       -1.9536237453       -2.4070393054
       -1.9180038037       -5.8708883608        5.4960156659
       -3.0237068333        1.4851743896      -10.0250442693
        0.5397487411        6.2962148323       -7.8654781319
        8.8480193028        1.1624387978       -7.5568413837
        0.4454020089      -10.2817101159       -2.6469303571
        7.1648607228        8.4133992342       -0.8840863485
        1.6107268052       -7.2418100789       -8.4502242848
        8.0622619399        6.4281540698        2.2441722258
        0.7915372394       -7.5254023465        3.3423983538
        2.1014055427        3.0196468970       -2.4861783739
        5.1560129967        0.6513030599        5.6692090558
       -6.8263869697        2.3490302753        2.6711081645
        3.1889704560       -2.1841424895       -7.4336101478
        2.7299790616       -0.5075432274        3.3054919375
       -3.2623672674       -9.0648502580       -2.6950864074
        9.9011229437       -0.7189142234        1.1390468710
        2.8684474708        3.0819498397        3.5086529631
        0.6268848640        1.8616973487        0.9768139551
       -4.4027331695       -3.4928337095        9.6491568777
       -5.5696329485       -9.7196034804        0.4014788896
      -11.4983623564        2.1811564392       -0.1728342154
        4.3978306631        6.4091106641        3.0234637939
        2.8776801946       -9.3956761571       -5.5216522417
       -2.1239744103       10.0657369064       -2.9690961836
        4.0507830851       -7.7436895311        7.5989993819
       -5.5721877270        5.0976864039        0.3028628031
        8.8095000856        0.5890951890        4.6443609134
       -8.0673223390       -5.4251618605       -5.6629847067
        7.3797163623        5.6109934842        8.7588679062
       -5.2918917191        3.9032934856        7.5480969271
        3.7011587963       -2.2792818227       -0.0195929921
       -3.4014024921       -9.1625152093        6.1880206441
        1.0194896393        8.7593236089       -4.8756980840
      -10.3302189404       -2.3084670020       -5.0092698164
       -4.4194423340        4.9727625071        4.0198733038
        6.1228695718       -2.6799398905       -5.0081596336
       -6.8671605022       -7.6816865015       -2.6815994219
        5.1429091823        4.3128070957        6.1096000988
       -4.7617166243       -4.7862372262        3.1975183753
       -1.8023110395        7.3056069109        5.1473789890
       -0.6431191762        2.7298695565       -7.3056770163
        6.7118919270        7.6755835908        5.6426138226
        2.4270901814        1.3268936737       -8.7769914787
        3.0158636712      -10.1480553982        4.7103962958
        3.5842383870        8.4438224064       -0.1288820875
        4.1150613771        7.3145926705       -6.6541243462
        5.7713470684        3.3233875636       -3.5465959972
        6.3044839324       -0.7551054312        2.2009172264
        0.6927655478       -4.1754710454       -1.0739997205
       -2.7305190783        6.5507822293        8.6712412979
       -9.1176251519       -3.0363846417       -8.5234375260
       -4.5206287473       -6.9248094701       -5.6937460035
       -3.2481624501       -1.3320617470        2.5916362087
       -1.9369521471      -10.9913964881        0.3311923480
       -5.5869195033       -4.2669825379       -3.1348890903
        4.0849151254        1.5878586508        0.2975651228
       -6.1086200634        2.9096110433       -8.2082213485
       -0.2450540708        5.2693037682       -4.3460699217
        4.4781738561       -6.7349270358        4.0240297653
        7.5460576003        1.6937609480       -0.5931071337
        6.0070592572       -4.5878526714        1.4465624646
       -1.9983775661       -5.5808025786       -3.2667602135
        9.6535684551       -2.3745449213       -6.1242384337
        8.6285691920       -4.9636200319       -3.4231937406
        5.4088758788       -9.4543171358        1.7665482989
       11.7181172709        0.6390490822       -5.1163057933
        3.9093822138       -5.6339896243       -6.0070555178
        9.0995301371        5.1114704050       -1.2413006242
        0.4505485345        8.6397983433        7.8146860089
       -8.0561137057        4.8836585979        5.0177307054
       -0.6829255818      -10.8540144527        3.9983684084
        6.3571788530       -7.8681485816       -4.4724061736
        8.2499473052       -6.9973557364        2.9574572704
       -3.6835349376        0.4080900539       -6.6299313679
        0.0359363536       -1.6548218148        1.3176388833
      -10.3338670539       -3.7160462223        1.4531922014
        4.6011041142       -0.2229798936        9.3417308940
        1.7481438147      -10.3042085623        1.0218762782
       -2.9845334441       10.1312054865        7.2312462838
       -9.2626013701        4.9603464874        1.3120376665
       -1.2236531989       10.4903918397        0.8142709830
       -9.1294125474        0.5804571153       -7.3406148863
        6.6757340690       -9.3776237643        5.4051143849
       -4.3343736639       -6.3818664073       -0.2324915004
        1.4731332666       11.0068366261       -1.8135826929
        3.3328487180        6.3128010354       -3.1240276174
       -0.4582025966       -2.5615531616        4.7621345452
        6.7758820850       -1.8829539817       -8.6748784829
        1.8735019653        0.4878770313       -5.2256719067
       -4.1590947215        1.2381527432        5.1648948046
       -1.2738768989        4.1592682302       -0.9180703266
        5.5888877388        5.0448281734       -0.3301691745
       -7.9434602208       -1.1443478951       -2.4110283946
       -5.5624992385        7.5745456549        6.2652673950
       -2.4254198924       -6.8175329146        9.0558141486
       -1.6069330447        3.7584668506        6.4643144635
       -0.5668691853        4.5535709402        3.0496888548
        2.5908118718       -2.9549868877       -3.8736980836
        7.3094167011       -7.4257667917       -0.7493264520
       -2.0995456192       -6.0165120327       -8.5810575592
       -0.4504927423       -1.0653418583       -7.4739830792
        7.2369280251       -2.1607440305       -1.2223870365
      -10.2820294665        4.9815664099       -2.4862302496
        8.6124952088       -3.2157700300        3.8350012001
       -6.6898536098       -3.3671677487        0.4357810272
        5.3149956169       -8.2968161162       -8.1634721465
       -0.8502591042       -8.2345095748       -5.6517400369
       -3.2032788722        2.4805958769        1.7638257508
        7.1344610804       -5.6728396273        6.4050056558
        5.9216483323        9.7129294510        2.4947565154
       -6.3011110653       -8.1453949165        3.8985104621
       -1.3653713577       -4.4520937462       11.8297589027
       -6.6426546220       -1.4221141663        3.7154784319
      -10.1159233344       -1.5334238486        4.7382730438
        5.3498308863        0.8143006147       -6.4068981020
       -5.4238065417       -5.8541301176        6.8139567969
       -0.9429509579       -3.4729306897        8.2833292696
       -6.1075428360       -0.7584729587       -9.3130774883
       -1.3950693441       -4.8991524475        1.9564559133
      -10.4380182750        2.1290394967        3.5977913953
        0.0853561903        7.6093423273       -1.3409463142
       -4.9189434445        0.1989295667        8.6847297474
        3.0924967430       -6.7878769658        0.3608186993
        1.6732379153        5.8616586447        5.6708108197
       -9.0484041081       -0.3098106930        1.1561223926
       -3.6948083514        4.0771662907       -5.4782908660
        1.7896884310       -5.1518266946        6.1947637952
        0.9100051245        7.9264000995        2.5174790196
       10.0104744232        3.0722502341        1.9076923927
        3.7423381598       -1.3883111396      -10.9789420553
       -3.0384714457       -3.0788089758       -0.6748181857
        5.9109060173        1.6669771251       -9.9651251728
       -5.5291727134        0.0222243993        0.1666335838
        4.1368243368       -9.4289045664       -1.8875785841
        0.3182535251       -8.5787940538        6.9659675461
       -0.5485071945        0.9864543099        4.1950028479
        1.8952621332        2.2286681594        6.8612375370
        1.7335012094       -6.7999047864       -3.2705754541
