        -4.5860365836      -11.3780185053        3.2094020400
        1.3777557618       -6.7046681966       -3.5396332824
        2.2563797351        2.0209594271        6.8114721328
       -0.3293718639        0.9360906414        4.2230035660
        0.3294657119       -8.7195163385        6.7067641836
        3.7368017243       -9.4366645339       -2.3180546387
       -5.4914155983        0.2515400129        0.3784197722
        5.5917772700        1.8105955675      -10.1556173994
       -3.1451953034       -2.9166542655       -0.6474732330
        3.2873851035       -1.1431088357      -11.1665864206
       10.2012964674        2.7335924215        1.5783687417
        1.2936072652        7.8689484447        2.6812240889
        1.8817485601       -5.3253537374        5.9692951844
       -3.7322701855        4.4182627461       -5.2214369749
       -8.9762318700        0.0025900841        1.4921723139
        2.1130256678        5.6892437540        5.7406404440
        2.8770727261       -6.8281163065        0.0432848524
       -4.5494326265        0.1576101726        8.8624227568
        0.3101513630        7.6998008658       -1.1535495377
      -10.1890261645        2.4082373986        4.0563614423
       -1.4454363351       -4.8452976400        1.8620349465
       -6.9806905409       -1.4999370066       -5.7112635742
       -0.7062501333       -3.6171631090        8.2076308470
       -5.3260970415       -5.8203296915        6.8350320526
        5.1410002399        0.8736735861       -6.6023263654
       -9.9451082003       -1.2998892396        5.0746609490
       -6.5126852883       -1.2649887612        3.9201531226
       -1.0232792022       -4.6821109926       11.7398537323
       -6.3909531942       -8.0368243502        3.8879924355
        6.3610324040        9.4901448240        2.5064452783
        7.2137084954       -6.0337532184        5.9441223767
       -3.0240979034        2.5855949998        1.9397021963
       -1.3337706017       -7.9849874921       -5.8612874152
        4.7238113408       -8.1807924186       -8.5994236929
       -6.7510713549       -3.1068530117        0.5876024873
        8.6693658024       -3.5561998649        3.3845570514
      -10.1693055641        5.4411015895       -1.9455184975
        7.1282068592       -2.3152209737       -1.5802214208
       -0.7534014776       -0.7716061349       -7.4984336747
       -2.6152101733       -5.6419412911       -8.6808742941
        7.0315217659       -7.5811015658       -1.2542208926
        2.3474811480       -2.8756353068       -4.0721270806
       -0.2711745735        4.5287724459        3.1847182212
       -1.2093177848        3.6715303156        6.6126209573
       -2.2715257660       -6.9288780011        8.9503257208
       -5.0371014375        7.6173112803        6.6752160777
       -8.0405894791       -0.7542499446       -2.1375684246
        5.7500457337        4.9134874024       -0.4266038119
       -1.1479034028        4.2787590136       -0.7698122620
       -3.8914783724        1.2736962195        5.3435376968
        1.7080813180        0.6319222650       -5.2949284258
        6.3834459554       -1.8031460701       -8.9962897336
       -0.3354412346       -2.6255102537        4.6933443575
        3.4385829712        6.3470540802       -3.0959257187
        1.7992693687       11.0597476774       -1.5828496683
       -4.5397820132       -6.1883352221       -0.2627062144
        6.5822932877       -9.6891909175        4.8564154205
       -6.4476598295       -0.2195726174       -9.0905308331
       -0.8121762680       10.5500323591        1.1329324126
       -9.0070268089        5.2703598456        1.8068851466
       -2.3376016434       10.0613057142        7.6001852279
        1.4320135297      -10.3190282865        0.6542629087
        4.9799663773       -0.5891479610        9.1238695438
      -10.3632551616       -3.3672571135        1.7378333723
        0.0616668579       -1.6359225272        1.2584530883
       -3.8892620465        0.7832258530       -6.4613033998
        8.1416615849       -7.2959739355        2.4170978884
        5.9199651573       -7.8912971739       -4.9436858243
       -0.8602258864      -10.8920091351        3.7285443532
       -7.6666988830        5.0439513524        5.4599345364
        1.0658066740        8.4425055195        8.0059792360
        9.2228715240        4.8864528838       -1.4730903524
        3.4917066698       -5.5361797431       -6.3211738499
       11.5404618386        0.4524922093       -5.5739669940
        5.1531056901       -9.6111670141        1.2740909792
        8.3301174573       -5.0927146288       -3.9098810744
        9.3362350285       -2.4630325094       -6.5785455889
       -2.2971851570       -5.3611648143       -3.3610088303
        5.9230487750       -4.7700232910        1.0672715628
        7.5916725757        1.5060123329       -0.8587574817
        4.4280041825       -6.9308352375        3.6471405458
       -0.2064951761        5.4647622283       -4.2032285972
       -6.2845996562        3.4091268737       -7.8820803142
        4.1646361602        1.4908250372        0.1630630104
       -5.8216226852       -3.9345353640       -3.0492351380
       -2.3256936352      -10.8791298588        0.1132802296
       -3.1609419428       -1.2487068068        2.6670731335
       -4.9520755631       -6.5450162792       -5.7319831715
       -9.5090534321       -2.4090800617       -8.2601448867
       -2.1509419462        6.4360018406        8.9346651230
        0.5226315481       -4.1079022424       -1.2311737614
        6.3797811157       -0.9767627625        1.9130547188
        5.7549601640        3.2788848099       -3.6907700812
        4.1216559825        7.4238178211       -6.6258694089
        3.8799404585        8.3754734166       -0.0554789925
        2.8772096358      -10.3144319706        4.2955215366
        2.1479771031        1.5513794486       -8.8422535634
        7.2026831425        7.3369400495        5.5620773287
       -0.7996478770        3.0276561251       -7.2031171307
       -1.3324194137        7.2585245046        5.3979016651
       -4.7645026014       -4.6662011216        3.2293899820
        5.5419628928        4.0158598263        5.9963478317
       -7.2193938107       -7.3038639767       -2.6709296488
        5.8425943227       -2.6869878980       -5.3322813098
       -4.0683456213        5.0456958956        4.3161846033
      -10.5616839133       -1.7532151602       -4.6782059263
        1.1518781040        8.9260209045       -4.6882022524
       -3.4463636352       -9.1751929214        6.0872147534
        3.6380305918       -2.3501469507       -0.2443394268
       -4.8419108835        3.9023201019        7.8452432778
        7.9181832473        5.1634848941        8.5923443303
       -8.4390401369       -4.9191811113       -5.5191852978
        9.0246674143        0.2144660475        4.2898758981
       -5.3542262491        5.3195916250        0.6471856989
        4.1085198538       -8.0302560977        7.2050100366
       -1.8725053115       10.2773890908       -2.6214751909
        2.3484958889       -9.2756532886       -5.8985450000
        4.7461566414        6.2260701342        3.0019469436
      -11.3890186450        2.6123112295        0.3330574379
       -5.9262348038       -9.4962528152        0.2476583733
       -4.1139591506       -3.5730373690        9.6998326788
        0.7456062401        1.8669305561        0.9823463463
        3.1321635122        2.9404627260        3.4505515328
        9.9325378188       -1.0275126209        0.7100374073
       -3.6584624405       -8.8176935897       -2.8502953817
        2.8645388994       -0.6330759418        3.1714733621
        2.8396536944       -2.0208264703       -7.6258653679
       -6.6116961775        2.5457694196        2.9936077934
        5.4217971520        0.3727804875        5.4631540594
        2.1288917002        3.0735156339       -2.4976047698
        0.6997768501       -7.5801611119        3.0959401185
        8.3747084550        6.1396264236        2.0829677925
        1.0519851447       -6.9943347208       -8.7200741679
        7.4253159804        8.2420821264       -0.9496345566
       -0.0094372733      -10.1635155634       -2.9544933319
        8.5993679936        1.1401931344       -7.8822620152
        0.4738114177        6.5665867602       -7.7223308473
       -3.3172954264        1.9296353950       -9.8493921868
       -1.8707808785       -5.9033952414        5.4021364381
       10.6152226805       -2.1853864910       -2.9011785097
        9.4740800391       -4.7748186231       -0.2031213171
       -1.3307476997        1.9022701824       -3.8509349567
       -4.5140777293       -0.5228320259       -3.1741113879
        3.9881886859       -4.7018417580       -9.9313787184
       -3.2449828034       -2.0092902707       -9.8257048905
       -5.5446365919        9.2646485933       -3.5052050827
        7.0557986072        6.6082255255       -4.2767654289
        1.5459465016       -6.3610301840        9.5007616555
       -7.7201041309        8.0063610993       -0.5118000880
      -10.4895949600        1.8899641915       -3.3661020246
        2.0054892651       -2.6638131717       10.4613308574
        2.2804387071        5.0920143651        0.4751710802
       -6.8444163311        2.1000427737       -4.4190364065
       -1.5420002964       -1.0278774794       11.0420595398
       -6.1768942023       -4.1230859881       -8.5324055362
        4.8238226377        9.6623580218       -3.4974979041
      -11.5652295045       -1.0170926150       -1.0654641392
        4.6680294567       -4.3428303221        8.2650662514
        4.6363351773       -0.0714042398       -3.0368690697
       -3.2507689578        6.8176157857       -2.1554022505
        9.3276381025        3.5491081192       -4.9661166599
       -3.3791740100        9.8836317564        3.8935724006
       -2.5142649110        8.0254846240       -5.6788572087
        2.2237141840       -4.2478999211        2.4585250519
       -7.8517447598        2.8332425444       -0.7900462661
       -3.0170041832       -8.1019717740        2.4903778316
       -7.4472463577        1.3184219061        6.5344669858
       -0.1092584176       -4.3755051261       -6.3243629850
       -0.3235385238        0.1196433755      -11.1289469617
      -12.5177594415       -0.2684354373        2.5343085155
        1.2908969335        4.7840952182        9.2767042082
       -0.1451880803        3.9916117489      -10.6258928018
       -7.1056908704       -2.4195369293        7.4620539504
       -4.3187952814        3.0143791123       -1.9016849484
       11.0237567438        1.5399175720       -2.0150498465
       -0.9696453582        0.0082559464        7.6179616311
       -3.1289864030        5.5833365361       -8.6625740277
       -6.6164893019        5.6496307052       -3.0836728765
        3.7592428785        9.0943723175        5.3003169845
        2.8818920829       11.1701920135        2.1458075978
        7.6766046476       -2.2763886355        6.9219848187
       -0.8578080282       -7.5158670769       -0.5656188326
        1.5907887909        1.0538170950       10.2391725275
        0.2621875991       10.6490272973        4.8896528188
       -8.1618918228       -4.6534084522        4.4852179621
       -3.6750293529       -2.4407034709        6.1711244983
        2.8119448519        4.0309217920       -6.0463562352
       -2.2856000390        7.0490842712        1.6060110891
       -2.0709544649        0.4544909062       -0.7153291554
        7.0420038274       -5.3420823698       -7.6024224267
       -8.1323961611       -6.4328679907        0.9834028916
       -6.0848989984        6.9568505551       -6.5298542432
        5.0342671019       -3.3167881315        4.6042012460
       -6.3812649903        7.8020267214        3.0842135834
        4.5062503654        6.8100402193        8.3209757318
        3.4168367363        4.9754871416       -9.5723382932
        0.3320453011       -3.4612789739      -10.0039462888
       -1.2266326202       -1.8017351162       -3.8528241198
        6.4058949570        4.3250791933       -7.3146706656
        2.3833828934       -1.6315446458        6.8237556937
        6.6858631279        2.7583944308        2.6165882242
        4.7297326453       -5.1355548358       -2.6138029459
       -9.3510254163        1.1634088440       -6.9703560741
       -3.6570627345       -3.0119077904       -6.1799944467
       -4.4237464253        9.5992026572        0.1756835692
       -1.9005534929        2.7068632155       10.0826678562
        9.1603722194        3.9707334000        5.1371168267
        1.2482556216       -0.2815659045       -1.8357503938
        4.7503081773        3.1374926015        9.4520562597
       -9.1433545406        4.7412655430       -5.6217458929
        8.0885141984        0.1864119919       -4.2593885739
        7.9402162949        1.4847828808        7.8163251534
       -9.4501497005       -4.2112104114       -1.8903474952
