        -7.1218288561        6.4979528039        5.8652805700
        1.9597519431       -3.9459948039       -9.7048376409
      -10.3494643676        3.0587845044       -3.2984102251
        2.0545331997       -1.6439203198        3.5199921231
        9.7150349384        2.4632828096        0.0123223876
       -4.5045277215        1.8331023147       -5.7214637226
        5.0483284074       -2.0559735750        0.7994821884
        0.1220009510        2.3443310607      -11.4325395991
       -4.2507877067        5.1480557995       -3.7952613360
        5.2719643056       -6.0766478908       -4.2800744613
       -4.3262593144       -2.2423885406        2.5697262253
       -8.9998214952       -0.1214705748       -1.4235170570
       -1.5140624765        9.0313918289        7.2350255502
        1.6175829611        5.6528857631       -5.9246028564
       -7.3074257327        2.0524560815        1.1756190794
       -2.6980514934        7.6268136667       -8.4128331609
        7.3286932725        0.7792473880        2.4286209738
        3.3391721328       -7.9892375837        2.8402078460
       -2.1784987298        1.0499067596       -8.7855248084
       -1.2321638685      -10.3573882414       -1.1385982244
       -0.0242636047       -6.7956804257        3.7443602821
       10.5732955769       -4.9161549760       -0.5093918768
       -5.9027550352       -6.6092366344        6.8899544561
       -6.7469322513       -3.5050511675        5.0232816696
       -6.2487720285       -5.2678652940        1.6940822031
        9.4149871077       -2.6932818815        5.1888388850
       -2.0918504963        6.0886316774        9.7259774356
        5.5517105482       10.4921195947        4.7708392149
        6.2104429253        1.1920911598       -9.1022976371
        2.5955469664        1.6618672340        8.5753618528
        5.7556047280       -2.1352696795        4.3214363536
       -1.4497164395        3.6311698513        3.8801391457
       -5.5303382049       -4.6749656323       -7.8210337235
        6.6667831681        7.9812840580       -2.3391339880
        8.9213703796       -6.6561709257       -3.4877909306
      -10.9549231435       -3.2030044853       -2.4048104104
       -3.1894046352       10.4557401717       -2.8006792114
       -0.9763784694        9.9025954409        3.4953902975
       -3.4831556511       -1.7043418940       -6.7202106998
        8.0025842064       -7.7518410107        0.0906400807
       11.1608225625       -1.0577725641       -0.5646523095
       -5.9271062352        7.8997837047       -1.7078692584
        1.5737284607       -1.5258711415        0.0171520285
        3.1647553572       -4.8873582948        5.0076907740
       -8.5332819338        5.2225255996       -0.6079251637
        9.5237621997       -2.7854551414       -3.5739264393
       -2.9171761482       -7.1659690022       -6.3714857518
        2.7863607837       -0.1743836704      -10.1708431631
        1.3149397864       -1.4958883623       -3.9178410583
       -6.5902639510       -7.4191316200       -5.2468364664
        8.4058272080        4.5639549672       -2.9944918976
        6.0031467478       -5.3436762344        2.2545749018
      -12.5890186511        0.2249086691       -2.2667389405
        2.0279872165        9.7896881920        6.0076296571
       -8.0290851403        2.4375681550       -6.3000677101
        1.4321395181        6.9885852048       -2.3449441762
        8.1732859577       -0.7084036774       -6.5379418457
        6.2328536945        9.3219905575        1.2668446622
       -6.0985921797       -3.3190856667        8.8950621518
        3.8265863327        7.3937130257        3.7045885856
       -1.8633077973        4.3480188006       -6.8768134065
        0.2837504621        6.7018432393        4.9661615762
       -7.8595401703        2.7601936378        6.3794157843
        2.3789574765        2.4043950001       -4.3484400466
        6.2035781410        1.3974828162        9.0782974743
        6.9239507558        6.5247222172       -5.9577116561
       -0.8972937317       -4.2306938808       -5.2054524566
       -0.7212897330        4.2996695307       -3.3681728059
       -9.9531050823       -4.9266544945        0.8928303553
       -2.2715708303       10.8278574399       -6.4243197649
        6.2930729750        1.6658778834       -4.2212259258
        7.7496588325       -4.5486460000       -6.4853418575
        8.0549491095        5.9306921922        0.6354452919
        0.0932177306        1.1249348714       -1.8794112738
       10.8643271988        0.2865610202        3.0393688277
       -0.6012230758       -0.1500095488        7.6540191589
        4.4467783023        4.7681460426        9.6722294640
        6.2344961614       -9.4243052575       -2.9238247964
       -2.4751448258        2.2004518321       10.0136289026
       -9.9065714249       -0.5062204447       -4.9401453566
        0.7897854373       -6.6645292044        7.4441756010
       -1.6101543060       -0.4266044783        4.0666184637
       -5.3246794567       -8.3879003226        3.5398319933
       -3.4111963699       -5.2179388174        4.4844888368
       -5.1046585657        8.3896915323       -5.4365784391
        6.6564265032       -2.1064471896        7.8300578158
       -2.8242651424       -1.6707002365       10.1403330574
        2.0520876686        4.3425827890        2.6978563340
       -6.5864011554        7.2633440513        2.0772522233
        0.6041967114       10.3586112720       -3.8973712900
        0.4721259462        5.7136142075       -9.5525257400
       -1.8921757964       -9.9557161496        2.7130872894
        2.3616441113        3.6177783079       -0.8082052913
       -2.5320935257       -1.4653497128       -3.2793702642
       -3.9963589480       -9.8597842025       -3.7637660362
        1.5355420828      -10.8725712096        1.5086137638
        4.2663178819      -11.3074160453        4.1975125207
       -6.2284883631       -0.9430721280       -4.0823876688
        0.2916148894        1.3705849564        1.6855156382
        7.5563628833       -0.4263496037       -1.3004362227
      -10.4202227772       -3.0808848977        4.2431430102
        3.7914074017       -0.1211608453       -6.4797862160
        4.6199780393       -6.2904526771       -8.1502804268
        3.3966083800       -3.7941995779       -2.1016842542
        0.9538814295       -9.9179710575        5.2971660441
       -0.7070063859       -1.4555204432      -11.1071904201
        6.8381943794       -5.4479274662        5.8997849236
       -1.8093944753       -4.3641004537       -8.8390544329
       -7.9430974088       -1.8266223420        1.8032832499
       -5.3581582738        4.3502589516        8.6719476163
       -3.2449410195        5.9071430019        6.1321743126
       -6.0925280402        0.3122179490        4.3775260118
        3.9759424036        6.9689043095       -8.4765482169
        4.7189857361        3.6735970089       -6.8755798960
        6.9177358327       -8.6414755786        3.7019196756
       -0.3159747379        3.8119422571        7.4181682357
        5.8029879689       -2.1856000284       -4.2309316121
       -7.8150284178        5.7826634715       -4.3694924309
        2.4623539606       -4.7180641087        1.4248980670
        0.4965656024        0.0905051694       11.2131819932
       -4.7480308101      -10.0132829783        0.1107713502
        2.4916560745      -10.0296224836       -2.1119081735
       -9.2671018017       -6.6331794766       -2.5170360415
        3.5896229433        3.6476688328      -10.4814815656
        0.7760790556        7.3649871730        1.2317755493
       -0.2797790008       -9.5174953519       -4.7924636427
        1.4154374752        1.5186187605        5.1030211356
       -3.3542270698        1.0985288284      -12.2967044870
       -0.3014215167       10.4836754127       -0.2635714705
       -1.0142548756        1.0857214072       -5.3051446356
       -3.0416704335        4.3651130832      -10.3802960908
        3.4277579291        9.8300781130       -1.3125119864
       -0.2845864465       -4.1172717526       -1.5119103778
        0.3513053886       -1.4740367947       -7.5280211507
       -2.4656814610       -8.3293833826        6.1758325534
       -1.5261396083        7.5534858339       -4.8638478060
        1.5906653138       -6.6132797828       -3.5671023304
       -2.0942862295       -6.9763812469       -2.6763111178
        4.3258877672        6.4397933493        0.1844935878
        7.2311467655       -8.3702526763       -6.4279458871
        9.2856082444        3.7721785130        3.6289695770
       -9.8370806332        0.7598043298        3.7317823870
       -1.1540114349        4.2354476122        0.1989006091
        5.2535492206      -10.3951750312        0.6431347347
        7.0198370719        4.9436086863       -9.4842735453
       -4.5949873745       -4.4142969057       -4.2864837610
       -6.8148581985        2.5586456675       -2.6870278733
       -5.4840202206        5.1224058086       -7.4120067892
       -4.4406542880       -1.8308135553      -10.2110715988
       -4.8613186387        4.7081222082       -0.0556951586
       -2.8331837791       -6.8702651379        1.0646041993
        4.1923480829       -8.1703355364        6.4558222857
       -2.8064841244        6.7124263307        2.4571779027
        4.3479009449       -7.0875894279       -0.7357597627
        5.4037938063       -2.5564747473       -8.6228023776
       -8.1325452754       -8.3221248608        0.8084445216
        3.9257613711       -1.5138358109       10.4703951265
       -8.6039664054       -0.9933899193        6.9158888064
       -4.9999402649        8.1848760783        8.4657151834
       -3.7923572546       -3.9236537932       -0.7548355710
        3.8102436861        8.5143691454       -4.9242889529
       -0.9242339562       -3.7360508801        2.1209214165
        0.6269147550       -3.3214261625        9.4352215132
        4.6261690089        5.1178493789       -3.3748862086
      -11.5452717702       -1.3961673394        0.9991342000
        9.5500277492       -5.9299781213        3.1133938272
        1.2688494521        2.3806621182       -7.8985141424
        5.0482611908        7.6478504116        7.2283074938
        8.5822080991       -2.5897311669        1.6344174542
       -7.3760487373       -3.5804026976       -1.5619439238
       -5.4494227328       -0.5477876582       -0.5971851413
        4.9781956555        1.2431091323        5.4827770600
        8.5347117909        0.8467219073        6.0458579185
        1.4783621716        6.9638538591        8.5692181996
        5.6825057398        4.1523103224        3.0739304240
        3.4966709317       -9.0308352048       -5.6775504110
        0.6249897557       -7.4825378825        0.0484174751
        3.8190160315        1.1553741952        1.8443538522
       -5.6383116472       -6.9579574577       -1.6811993736
       -8.2876664420       -3.9790375612       -5.1681811232
       -5.7199069046        0.5047616799        8.7809946660
        2.9124100732       -3.8786294679       -6.0561720917
       -4.5177389254        9.1145684970        4.7444274998
        6.9892721106       -4.3671827539       -1.3224535807
       -7.5460055081      -10.0125169708       -2.5438577336
        0.8518102904        8.9269676601       -7.4596054405
       -7.1610679539       -1.1754067293       -7.5751753723
        3.9346477374        0.2346606121       -1.9431031404
        4.0604958196       -4.8796572239        8.5619904224
       -9.2512147510       -4.7585199243        7.4460807750
      -10.9517958881        2.4236703670        0.4591874343
        0.8488159241        3.9678096187       10.9431221514
       -3.5028178659        1.9948687477        6.3341583609
       -1.9581414632       -0.9690798554        0.1758754479
       -3.7969238458       -1.8722487581        6.5018460889
        2.6096158487       10.5273085429        2.2770229333
        3.8129644730        1.8852854724       12.0655140615
       -5.7114034459        1.8031875857       -9.3264522207
        7.5035430424        7.1994956587        4.2277706834
       -9.1060389765        4.5397182636        3.1789025259
       -5.4090938985        4.0860324321        3.7757844120
        3.2366723462        4.5759934044        6.1848332027
        0.8390368787       -6.7868394827       -7.3273879618
       -3.6391183237        1.6897273920        1.7946419411
        9.9688919636        1.0779535222       -3.6139582191
       -2.6585282815       -5.0406259385        8.2445154676
       -0.2869283178       -3.4706053471        5.8027498570
       -3.3401424662        1.9522947572       -2.0861599988
        6.0455315826        2.9932554644       -0.5417264759
       -8.6961180113       -6.5769658961        4.1646575637
        8.5996577499        3.1115482089       -6.6104667674
        6.9346615249        4.3047887638        6.6811138144
       -3.9206314895        9.8649528897        0.9548951847
       12.1298034260       -3.2086265283        2.4980414547
        2.9696643612       -1.6345355886        6.9789603767
       -2.2071100172        7.3324127215       -1.2527163275
