        -1.1795258855        0.3994637907        7.9799658506
        -3.7267048849       -7.8632455902       -0.9470461108
        -1.4989941055        0.5080694321       -1.5422055191
         8.5829884486       -5.7459079534        3.0975492116
         2.9289111078        5.1368962160       -4.9258053088
        -8.4757074621       -0.9122796174        7.3723200773
        -4.5370956728       -8.6789381326       -4.8341682133
        -5.7120183608        4.9439240985        8.8139231539
        -6.5804296814        0.3046035822        4.5698482126
         3.7439601602       -0.5363576117       10.5338568203
        12.9833078676       -0.3189007602        0.1548104045
         3.8137794528       -4.0940758973        8.9828501986
         4.9565211875       -5.4178774908        2.5768052907
         7.6317053418        7.4040264233        3.7821425486
         1.7863549813       10.0759076255       -3.3524525285
         2.0385325860       -1.6723150539       -6.3486130802
         3.5465532965        3.0278101071       11.8637282658
         0.5648814558        4.9225707155       10.5394414476
        11.4339896801        3.1163409379        0.4953319156
        -6.4688529967       -3.6153953420       -9.0405647793
         9.9200568273        4.7759065537       -2.6426133261
        -5.7784414213       -9.4613849344        2.0595599735
         0.5320692785       -6.0193682424        8.4996934148
         1.0519038303        7.4080026267        7.5476128930
         6.1188030689        3.2773432561       -6.1645623691
         3.6390859769       -7.4262011950       -3.6792699008
        -3.7899945219       -6.5347497332        2.6979705566
        -5.5584785745       -4.5304110898        0.2638762017
         5.4952753472       -5.0986576044       -1.2051347406
        -6.0088603969        4.2172317515       -0.1212306267
        11.4222403418        1.2508226426       -2.9199967135
         6.7299741333       -8.1967091489        0.6597104167
         1.9266256411        0.9241391619       -0.5129748708
         3.4341024515        1.1310309775        2.6925483157
        -7.5999459432       -5.9990494162        3.0394753306
        -0.2643452956        6.9139439481       -3.6592663922
         3.8020968632       -7.5969559090        7.3299922547
        -9.5577387859        4.4551137614       -3.9550793678
        -4.2198417770        2.2825951441        6.6773920821
        -0.6467291625       -6.5939506206        4.9893912357
        -6.3789691967       -2.8256746823       10.0496061323
       -12.2212666953        2.7034197956        1.6946910186
         0.5369946976      -11.1564331035        3.1733389567
        -7.2466851182       -2.2557837744       -2.5687725463
        -7.5909296939        3.4068361193       -7.1680100918
         6.2901267801       -1.4134633621        7.7568441976
        -2.6646800250       -9.6762541838        4.4180986241
        -0.7170027236        0.6739337983       -7.7220245005
         0.6932050742        1.1657827806       -4.2899596327
        -8.4269309246        1.3800206594       -1.8988381532
        -3.4598951759        6.3487460642       -5.4484874266
         5.4892622149       -0.3982162629       -5.5716737189
        -0.4118055031        6.5906424398        4.1220883557
         6.9101971015        4.7801043562        6.5446788569
         1.4842374721        9.7282647547        4.4148202339
         9.2837061743        0.0965160280       -0.0349943438
         5.5899203704        0.5409699441       -0.2831778601
         4.0247080536        3.9260992003       -0.0450481674
        -9.4854397998       -5.3164069692       -3.3261592757
        -7.0355633183       -1.1366102795        0.8620677838
        -7.3474887849        7.1063907380       -1.9857113527
        -4.2467414549       -0.7137289742       -8.2219892325
        -0.6857920359        0.7523728910        1.9597289548
        -3.6844489958       -2.6324550515       -2.4240889976
        -8.3708596147        2.0957390311        1.7252666810
        -3.5507735911        6.5181795902       -1.7475395341
        -1.7618457685        9.6708339340        2.3006793070
        -2.4300728380        3.3978017360       -3.4834285051
         6.9665854478       -3.0455700832       -7.6303534803
         7.1786635076        0.8425690162        3.0123023997
         0.8279124675        3.9787485283       -1.9458575093
         7.6660791579        0.7300027541       -8.4022179405
         7.2916642092       -2.7074532779        1.2849634378
        -5.1134489442       -3.2126842198       -5.6788949740
        -0.2513228355       -2.4116270728       -3.4904603521
         6.1455730698       -8.4287684449        4.4059497838
         6.1381511957        5.1644444218       -2.8553697294
        -2.7872374908        3.0303228120       10.1822728958
        -5.3245152730        2.1959797382      -10.2094976530
        -0.9464907293       -8.4262217635       -6.0384533470
         4.9080143360        3.0117337565       -9.8761617111
         6.1051842434        6.9783259022        0.4713684770
         3.7379681775       -2.3694509059        0.7795892934
        -0.6317271396       -8.0748585295        1.4375409084
         2.9486088752        7.0741110691       -1.5994839077
       -10.0136701359        0.9538419358       -5.3359404922
         8.2140601042        6.3772090848       -5.6900169100
        -3.7886192046        6.1250464606        5.8567098556
        -0.3129328315        6.8618567180        0.2626611467
        -9.1041638224       -2.4990237568        3.7238022376
       -10.7505967743       -0.5782280428        0.8104441935
         8.6922542282       -2.2416514647        4.7912663140
         5.0347265404        6.3548437690       -7.8436138598
         9.8342484122        2.8516749786       -5.9869412277
        -9.8617534337        4.7135117247        3.8131269271
        -2.2161987196        3.4161938880        3.8929234531
       -10.7935723665       -1.6958951465       -2.7507270244
        -2.6555613305       -0.4221664118        4.5817522189
         2.2272428266        2.2387091333        8.4818690796
        -4.5976826015        9.2281264958       -7.5002565188
         9.2992181272        3.9642891553        3.6151776857
         9.0711626021       -5.4464068454       -0.7052762376
        -1.9283214594        9.3085410530        6.1564393847
        -2.7620899322       -4.3686380505        9.6253207917
        -8.1119950283        2.9368093965        6.7648940936
        -4.5565686616       -1.5681196049        7.3016447937
        -3.7672833356       -5.0016734607        6.1836543935
        -8.1419490920       -8.8407381345       -3.8702151984
        10.8913068577       -3.0222693476        1.6862213898
         1.7472225906        5.1042322441       -9.1397135603
         6.1832546925       -6.7379678380       -6.6806856160
        -1.4355653661        7.2027883308       -8.3835834698
         1.7837205290        8.1065243793       -6.6633858635
        -1.7790981162        3.6822232060       -9.8120318931
        -1.6160528672        9.8304016632       -1.5949607841
        -5.8685437334       -5.7642588828       -3.1056599055
         4.8448559018        1.6160903934        5.9352191673
         7.0309529873       -1.9952252940       -2.4264602970
         2.5933021234        4.6139337398        5.4470209013
        -7.9032360645       -0.0882415952       -8.5007840281
        -5.8142986529       -6.4711753839        9.1590463720
         3.2510247507       -1.4960322271       -2.7447199888
         1.0784974281        3.8604855873        2.0383861304
         7.7392859432        3.5460632170        0.2269586248
         8.2117095651        8.2250373077       -2.3621413639
        -8.7929644878       -2.6877532013       -5.9627695377
        -3.6861466962        6.3819718844        2.0629860277
        -5.9881118603        3.8924773711       -3.7688244300
         1.6782261976      -10.4961926099       -4.2655548616
         0.2630132751        1.1098499892       11.3943748058
        -2.8425076207       -3.5359230231      -10.2645858800
        -9.8091136352        4.8116223767       -0.2272545577
        -0.0002680689       -7.7450089372       -2.3012962982
        -0.3444006479        4.2197450763       -6.3120911194
         5.2949826627      -10.2102804555       -5.4980595518
        -0.7319925532       -2.9883729038        6.6618102384
         4.8964904395        9.9766947900        2.6718252096
       -11.9032407201        1.9718390763       -2.0147200638
        -1.5383673922       -3.0123282019       -6.8639020735
        -7.3216058904       -6.2288518142       -6.4389325981
         4.4639573511        7.7052965514        5.7638744077
        -1.7839215117       -4.9932033772       -0.3898554415
         5.0223698614        8.3174041956       -4.5593203513
         1.1580838126       -5.2689445273       -5.3867814796
         5.5072719836        4.3030592136        3.2352005997
        -3.3517627993       -1.6105804247        0.8941179508
        -6.0975442691        4.0985451860        3.8515927082
        10.7924289374       -2.4650321379       -2.1882021477
       -10.3979319952        0.9151684378        4.5233013265
         2.5465361578       -4.6549124241        5.5099990331
        -1.4610374571        9.7991853844       -5.4798558436
        -7.3923077380       -4.3862422295        6.5372213021
        -2.1158323173        0.1339579848      -11.1246008210
         0.5919693724       -9.5785416053        6.6801259103
        -0.0873969513       -5.8464994011       -8.8248727674
        -7.4790369436        6.7627542902        5.9228039654
         5.0006306830       -1.9454665544        4.2901930824
        -4.8321076235        9.3965815668       -3.7016106025
        -4.9568763677        0.8919108586       -1.6881337539
        -7.7430496003       -7.5054792867       -0.4402822067
        -2.8568170709       -0.0910143971       -4.8539485389
         2.7789117306        2.0374607793       -7.0969028710
         1.0738787301      -10.9203166569       -0.5344605292
        -5.1279710491        9.1285162747        4.0428835053
        -7.4886706369        7.0014671429        1.9325340463
        -3.7079281153       -6.1147128590       -7.5893015993
         4.0221599845        5.4111244542        8.8683210948
        -4.9825519599        5.7211634371       -8.8380229756
        -1.9975144038      -10.6929051462       -2.9429204123
         1.9460997992       -4.7605712601       -1.7654872997
        -4.5388478911        1.5170087010        1.8840219415
         0.4737287073       -2.4427445962       10.1070019485
        -6.1126941849        1.0883812538        9.5452224564
        -2.4045243861        6.8681846377        9.1900093053
         4.7089807161      -10.5017898651       -1.7824169328
        -2.3430254116       -5.5985061337       -4.1211943706
         0.2315355487       -2.1950832914        0.0967090976
        -1.7033500083       -3.6603978424        3.1858799459
         2.6494302029       -8.1056542656       -7.2527746065
        -5.8148550861       -7.9788104944        5.6586850073
         8.2404553772        9.9908002929        0.9841349068
         2.5153370018       -1.1855040110        7.0954005476
        -5.3940076071       -2.9915657304        3.6758293943
         0.7122723127       -2.1796599848       -9.8313803867
         6.3016919804       -4.9584476302        6.1270569067
         0.7784373674        1.5074863363        5.1652414990
         4.2470366903       -0.7588546371       -9.2196077129
        -3.0873276376       -0.8194261516       10.8025433286
         2.5076339908       -8.0713076394        3.8364949725
        -2.5983071022      -11.0644340688        0.7825755657
         1.4257118962        1.5535176985      -10.5788190733
         1.3250880959       -1.7598130679        3.6310364454
         1.6510410982       10.0284852197        0.5371483557
         4.0366418961        2.0970239379       -3.3046604404
         7.7379017879        1.6928510346       -3.1275580001
        -0.8234405161        4.1697323715        7.2009556941
         3.0382931540       -7.7897210306        0.0867732880
         8.5919091140        1.3199813336        6.3596487907
         1.3649479192       -5.1067779145        1.9456146642
        -7.0950943657        6.9030521748       -5.7564127138
        -4.9977303374        9.3311536502        0.1766469118
         6.1427980034        2.1685032192        9.2628948547
        -2.6332065595       -8.0281466459        7.9132243499
        -3.9061995543        2.8075944313       -6.8401744328
         8.4991201002       -4.6114722178       -4.4632789603
         9.8427992989        6.5647847362        0.7566647220
         9.2669573679       -0.9248314416       -5.3407710910
        -6.4323894384        0.3573037232       -5.1075783428
         8.2245595165        4.5068112223       -8.9847292447
         7.2309770126       -7.8818258683       -3.1089639408
        -5.7028147114      -10.7031233076       -1.6391626036
         2.9332368990        6.9354792095        2.3437653086
         4.1680416331      -10.7780627045        1.9665820656
        10.8962066155        0.4962735396        3.3013317678
        -9.3074980771       -4.0320773885        0.1780927901
        -2.1982006903        3.6370972911        0.1519668325
         4.7248475147       -4.0504366021       -4.7542582587
         3.4817829311       -4.4866332361       -8.3394569383
         5.0529431865       10.1439741640       -1.1920497113
