         3.1756132564      -12.0513189003        3.5074906157
       -10.3137276199        4.9165995624        6.2860712472
         9.6518821223       -5.8447056940       -0.9904501118
         5.6422467307       -7.6022462757       -5.3319640938
        -1.5821113040        2.2350008776        6.3638735393
        -2.7886822908       -6.2112849606       -0.6474246248
        -5.8346171579        1.3950024488       -5.0998212920
         1.1961261427       -7.3008260346        8.9990216351
         5.3662722334        4.0963565181        4.8678136702
        -0.5574424742       -0.7303285569      -11.6591638001
         5.6476579133       -2.7021377189       -9.4745834686
         3.4683972911        2.8098249565       -6.9602218010
        -1.7622019270       -8.8543329350       -6.5256325503
        -6.5332896004        5.0365551607       -5.9625476369
         4.2080240332        1.6823214875        2.4583173700
         7.7877312290       -0.0494692698        7.6805268947
         6.3583842612        6.6554242061        7.2698739182
         2.8724338417       -5.7738504941       -3.3714912246
        -6.2211250607       -4.6670597934       -0.7747385232
        -4.2419030262        3.6628256176        8.5644974908
         2.2041139252       -9.6728361933        6.2455996192
         5.3738602240        9.6703000189       -2.2336516789
         0.8285243292        2.0355059766        0.4809353440
        10.1683392492       -2.8328869495        6.1771611498
         0.1575051837       -4.0054514842       -1.2601078728
        -3.1838598666        7.2290169107        7.4278332634
         3.6572194231       -3.4835408971       -0.6177291737
        -4.8918070105        1.6441907079        2.3497651446
         2.0966446309        3.3738077558        6.5923342383
         7.7211589804       -7.5186589376        1.8223090249
        -1.5724286230        1.1691387929        9.9465482498
        -2.3154334900       -0.5522561953        3.8844198273
        -8.4005733794       -1.4596112471       -0.1680084434
         0.8344175575       -7.5449354745       -0.6054211301
         3.1028297607        5.8590858596        9.1114934778
        11.0384348901        0.8613586190        6.0832425274
         3.7574055361        0.0010550177       -0.5622310994
        -4.6756689601       -5.7450507323        2.6860985446
        -7.5833009091        3.2832640580        4.3441611240
         7.1013896664       -2.4539435593        4.4778628948
        -7.8298349916        2.4921100049        7.9799914503
        -1.6729232661        3.2299425849        2.7433570578
       -10.9118557702        3.9070257351        2.6837032162
         5.8175588523        9.1141574295        4.3609097775
         0.6713213845        1.6594227436       -9.0639362617
         4.4812366835       -6.9214369851        0.0712742874
        -3.9317808479       -0.8561685609       -9.7953513034
        -9.9129824833       -1.3902106037       -5.1898203240
       -11.4997260758        2.8581337458       -0.9269921209
       -10.6897946629       -2.4691268310        4.5699869364
         6.8709110835       -3.6605642262        8.1378137367
        -3.8880238561        7.7878103315       -5.1281529918
        -5.1362038383        8.3076224265        4.2933107929
         6.4329870192       -5.2913862962       -2.6320542262
         7.0247564372        3.6286795585        1.3895693285
        -1.4809726462        9.4771653646        4.7088456628
         4.7111889642        6.5081234862        1.9363888354
        -5.8230492519        2.4038164622       -8.7285736838
         3.2080088411       -0.0229463221      -11.1628252947
        -0.0106753849        3.1495624097       -2.8660498814
        -8.7568379855        1.2051580823       -2.8661100640
        -4.4314213801       10.2310319682       -2.1512037163
        -5.2043959432        0.0097414952        9.4921209647
        -2.1977747171       -4.7629414996        5.5103629773
         4.6503910341       -6.7616134237        7.2904404383
        -0.4098284832      -10.7583128013        3.4865191897
         0.4279264976       -6.8053597370       -9.1136457466
       -10.5021314721        1.2256781577        5.4730631441
         1.4153841068       -6.1207133455        5.5017740927
         6.8597881445       -3.9762088323        0.9153369707
         7.0704489958       -0.3706696013        1.0781606323
        -2.6267715159        1.5446388998       -7.1324551617
        -9.6760753263        4.6915155672       -3.8170577119
         0.0496305241        4.2572713862       -6.3572726986
         5.8211926922        7.5739268202       -5.3114208968
         9.9872583561       -4.4395587452        2.6271923403
        -5.3415229996       -7.4705746064       -6.5425059894
         0.5274618023        0.5819990934       -5.5373748617
        -1.9073610279       -4.1111633646      -10.6713208049
         5.4589338484        2.9331157985        8.4261267673
        -7.1004560565        7.5405416944       -3.0396732284
        -0.5529360655        6.7537266391       -3.5375685839
        -7.8112948707       -0.3936130656        3.4627094121
        -6.4448519864        8.5038695070        0.6319224878
         3.0649045444        6.8859764265        5.4982298760
         1.9317583312        4.4419376604        2.9656143240
        -2.5938182155        6.8737300240        2.1406026615
        -2.5335733476        2.5660481027      -10.7280311415
       -11.2042377978        0.1721716091        1.8283133960
         0.4979544957        8.3241346671        7.7412183606
        -0.7622311997       -6.4518312039       -3.8866345149
         6.2300756508        5.9489302092       -1.6218149388
         1.0571814659        0.9630497851        4.0446665534
        -2.1862257955        0.0666571619        0.3929613651
         1.9493031966       -8.2294901228       -5.9610870792
        -0.5638709179        7.8659613717       -7.0712837043
        -6.3491746350        4.0462589541       -2.2276046212
         1.1274114537       -0.1783856257        7.5717022598
        -0.8995039878       -2.7678402979       -4.5252639136
         4.4116117737        0.3689964993        5.8751181955
        -1.4459465011       -8.4187425400        6.3134489676
        -7.5251326734       -7.8315776256        3.5479341725
        -5.0920475087        0.9446183833        5.9491752738
         2.2548309020       10.4394062592        4.9501530244
        -8.0041547682       -1.2362022490        7.1172449413
        -8.1602296574       -4.9213278344        6.0969115020
         7.2502120615       -8.7638388148       -1.8370997969
         2.6523773119        7.5809380894       -1.0817522991
        -2.5291296608       -2.4986152500       10.7943212490
         1.1230780856       -1.3617601921       11.0878047636
         0.5808381256       -2.5827345160        4.7627561440
         9.2311137356       -3.4974871598       -4.2392883022
         6.0890920720        1.1244281250       -9.0099287038
         9.8595044983       -2.1305942997       -0.6846270248
        -0.9515247688        9.0185020197       -0.6285528660
         0.2930321832       11.5365728086        1.8881414314
         8.7142725012        3.7540676862        6.6635123388
        10.4217097486        3.2717396591        3.1963925017
         2.4405137391       -8.4917812080        2.7084635278
        -7.9603406175       -4.0836458156        2.5279808404
         8.1899025962        6.2780205918        3.7820984535
         4.2037530381       -6.0575064341       -8.4339231491
         3.5720589135        3.7641613382      -10.4762649909
         2.1107727419        2.2700197073       10.1665133140
         5.6098066845       -9.1423700692        4.4976543799
        -1.8867490162       -3.6017615237        1.8969952590
         1.5160097385      -11.1045915422        0.1567353011
        -7.2983058054       -7.2039604538       -3.1918055595
         3.5755726550       -9.3875174913       -2.6014216971
         0.1487764239       -4.9726147809       11.7648277057
        -0.5958435691        5.8040397737        5.2357410026
        -3.2622366343        4.1811932175       -4.3800606142
         6.3768258106        4.9351289303       -8.2830687596
         0.0875167959        5.2827194729       -9.9167658537
       -11.2867785624       -3.5719391786        0.8877390007
         1.8185131066       11.2071881003       -1.7019071204
        -7.1669457366       -1.0607643320       -7.7156821738
       -12.0691135153        1.7324675590       -4.4925575730
        -3.2271942341       -2.5831707726       -1.7228081672
         1.8951633470       -3.4486497609      -10.1968293272
         4.4725429985       -0.7340813301        9.3921232430
        -8.4344955169        6.7390858499        3.4517436020
        -0.0873412520        5.4778791637       -0.0516289117
         1.1021303576        7.9741401687        2.4315755434
         9.4078244618        0.2462618827       -3.7059948115
         5.4613099726       -3.5738294170       -5.7581927188
        -3.2506523049        5.2181976985       -7.9948272032
         3.8901542530       10.2277950441        1.3357054770
        -3.7602736292        6.7479595145       -1.4556468698
        -1.1517443948       -7.1765082814        2.7167964775
        -9.0365306589        2.1408133205       -6.6505819691
        -0.7052155038       -1.7529735841       -8.0900412703
         9.5047120433        4.0468410708       -3.0986986552
         6.2063232154        3.9946885605       -4.7560428672
       -10.8661613149       -6.1385743179        3.6345281754
         3.1199709367       -0.9848872980       -7.5170001873
         1.6464481607       -4.3588565360       -6.5195681651
        -5.4689498135        0.6332982287       -1.2000307111
       -11.6877439602       -0.9261883912       -1.8193256298
         5.9139781359        0.2518984146       -5.3607614903
        -2.1491379964       -5.1442390407       -7.0595312799
         7.4200716871        8.6490862644        0.7919272542
        -2.1208562853       -9.8278363945        0.1377684566
         2.9009961529        5.4141663759       -4.0246933054
         7.9858650722       -6.0542916278        5.4090212515
        -4.2034513481        4.6441724832        4.8868354022
        -3.4335467315       10.5337503597        1.6049445021
         2.9500668891        6.4601698719       -7.6371581631
        -1.1636537651       10.3567137771       -4.1487309332
        -0.1467592595      -10.0383887808       -3.2006758291
         2.3447121074        8.9933759321       -4.7233616968
         9.2771266548       -7.1773902588       -4.5526179101
        -4.0027496925       -9.3584316265        3.5020503649
        -2.7021823461        0.5679911705       -3.5201157094
        -2.9868467578        3.3532708939       -0.6750095303
        -4.3186430643       -5.0471220773       -4.0621675315
        -5.2359220623       -2.7744542667        4.9727097261
        -9.0771863218        5.7931499796       -0.1988017642
        -9.5689137571       -4.1267031150       -2.5378468159
        -5.6979097824        5.0477737746        1.4286329126
         0.3074100718       -3.7188800733        8.2669457057
         9.9900349817        1.6966560253       -0.1634108989
         8.4528963665       -1.4449194158       -7.2576585679
        -5.7118129744       -8.3900838543        0.1531840175
         4.0304718914       -1.9465412234        2.8569211219
         6.6392929895        1.9859683425       -1.8042893271
         7.6057658723        1.2065010009        4.2701841813
         9.7285985351        5.7018020064        0.2372528582
         7.9539709162       -5.2941609702       -7.5657486484
         0.3937735293       -0.4748745933       -2.0668458776
        -5.2696672817       -4.2827479535       -8.7808034495
         5.2270124580      -10.4007740310        0.8606439047
         2.9589917660       -1.9852439771       -3.8762741031
         3.5557295855        3.9352429939       -0.5608242380
         4.8526177513       -5.5463207747        3.6523358685
         3.5033792580       -4.3348784334       10.0069054208
         0.9265069258       -1.4608173278        1.3553275743
        10.3883712329       -0.7324821164        2.8053982607
        -8.2128705105        2.2599620885        0.7299333005
         3.2622666692        1.7982758424       -3.5095968579
        -9.1658697949       -6.7522264365        0.2199904240
        -1.6949673070       12.6219010897       -1.1310543791
         6.5024443510       -1.7060644621       -2.3794386306
         8.8656643451        7.9680381168       -2.8167685461
        -7.6391482951       -4.4576818640       -5.8705699780
         9.1827954274        6.1441137777       -6.1236444157
         3.7206549194       -3.1853241084        6.4242262054
        -4.9986997335       -6.9219044705        6.3144527288
        -6.5672080694       -1.9526055252       -3.4799658750
        -5.0792829660       -1.9755445958        1.4458276601
        -0.5698342544        4.7941142115        8.9252055428
        -3.7731025923       -8.7339698873       -3.2207570767
         8.8400938052        2.3865680950       -6.7120569517
        -2.4710050177       -1.4607948107        7.3318494363
         1.6748410568       -4.9480958363        2.0299356019
        -2.4418279897       -5.9991321469        9.0908042868
        -6.8193422355        6.0851135646        6.9601081193
        -5.3528262176       -3.7021146663        8.4756735086
        -4.0174052310       -1.8861149008       -6.1179730181
        -3.3040273032       -7.4744485543       -9.7166475641
         0.7534668133        2.6452825059      -12.6525732114
