         1.4168907831        1.8157516641       11.2346433962
         1.9351454074        8.3931170038       -6.8187160515
        -1.1646819361       -2.5446289989       -4.0394663031
       -11.6861661445        0.2534518097        0.7382806594
       -10.9113673746       -2.0117012789        3.6996804689
         2.3807284296        7.2373518641       -2.4665933552
        10.2166700746       -5.0609764856        1.4823885474
         1.1171065693      -10.4678140817       -6.6089473563
         4.2643871276        2.0547164893        6.3057558993
         6.8046274690        9.3775082053        1.9002460868
        -0.0501768200        0.5558099603       -5.5271443830
         2.7275032149       -7.2684472093        7.9060053195
         4.5281386837       -0.4180425607       -9.8457961045
         9.0466969267        4.2815552835       -1.8499444986
        -4.4622941678        3.8701973203        8.5633413535
         1.8656056532        5.3572788905        2.2010056859
         0.1171325454        2.3215541768        4.1733991718
         9.0519492343        3.8965313131        4.8993093601
         8.9833465960       -2.5403979749        6.9637462441
         5.4169000544       -8.0369492155        5.2836622156
         5.5521785400       -1.5816061899        6.0014869924
         5.5389558152        4.7667362438        3.8522623818
        -6.5812388335       -9.6767856619       -1.0297449444
         3.2233733510       -4.1232224536       10.1332708147
         6.4030315987        4.6795039054        7.5858039432
         7.5738494389        7.4471764644        5.1487610891
         2.8181590456        3.7235622450       -0.9997421813
         8.5219429768       -5.7417588544        4.9167579659
        -0.5931668728       -1.4906567697        7.4151432696
        -3.9706391023       -2.6863321137       -1.2674740257
         2.2722997185      -10.2946587698        5.4787877327
         2.4799925944       -1.9058646632       -3.8122933557
       -10.6650310579        3.9547140506        0.9499126103
        -8.4446101078        6.9352417997        0.4733362489
        -0.1477206559        3.6224386514       -3.2261381464
         4.3689379508        7.8178929229        7.3779512362
         5.1289750283        1.8597562325        9.9773074923
         6.8182074152       -4.3194527368        0.4916732689
         7.8462641280       -4.9407871702       -4.8991674110
         1.2047419375       -1.6013608150      -11.2449240424
         9.5543931824       -3.1532980448       -1.8655408657
        -7.8287877001       -7.9105354410       -4.2594116218
        -4.3564247319       -8.8678304801        5.1832067643
        -3.7181572631        7.0496984543       -1.9366250416
        -1.8247994681        5.1537669720        2.7268406476
        -0.2483510132       -4.7664499252       -9.9187954949
         3.4615825286        2.1797760810        2.5764047637
        -9.5149694951       -4.4322399264       -3.7023923437
         4.0719075995       -6.9661432735        1.1431990209
        -7.4409153906       -3.0012022547        4.5470616543
        -6.3438828307        0.6859230808        4.7401117839
        -0.8138635890      -12.4087680020        0.5959673750
         2.2744473565        5.0785093732        5.7567652400
         2.0531477319       10.7052083193       -3.9019163522
         6.8051047469        1.3832589253       -3.0525116001
        -1.5142549027        4.9068008645        6.3495463389
         4.7503838106       -1.4452761250        2.4020520879
         7.8114150674        1.1043847799        7.3528999467
         7.7946326426        0.8049513084       -8.3018701815
         4.2514057076       -4.2343644679       -5.8253408816
         2.4272915721       -3.8853203879        6.4998096925
         0.6378002567        0.4436515849       -1.9854903943
         6.3592648419       -1.7696095460        9.6134677984
        -0.8066681536       -8.1096735762        6.6071390242
        -3.3184553779       -2.6647674966        9.6476649870
         0.2082589651       -1.8401344192       11.0182716855
        -5.6740490400        0.2044656021        8.4555832691
         5.8409678707       10.7632589361        5.3722843498
        11.0271359531       -1.3204184873        1.1753392619
         6.9078563764        1.1986316463        3.6438943299
         5.9148878935       -4.9827472251        7.5697943850
         3.2393217303       -7.7077717355       -5.2528243649
        -1.2672801633      -11.0330101928        4.2026582459
         0.0280398067       -2.8261940877       -0.7481691032
        -9.0812415660       -0.6189399016        6.8622934292
        -4.0565684947       -2.2790790639        6.0259902452
         3.8868387117        8.0374181650        3.7681548082
         2.8846964806       -0.7282003480        8.6329090160
        -8.7183100459        5.3445098569        4.0491411153
         0.6044929402        7.6501104469        8.0220154470
        -0.3170951997       -5.0146071651        8.8821056887
        -0.0848041830        2.6728585240        0.6820218616
        -1.6891271724       10.3513529324        6.4170000410
         8.3891864250        5.8960375617        1.6472657572
        -6.8114704189       -4.7815096023       -6.4330751758
        10.3626887490        0.2734279505        4.6363005844
         7.5152598672       -7.7767098336        1.9626380227
         5.0849002085       -4.7240317739        3.8457228718
         4.7661738072      -10.4160899982        2.4968716598
        -6.9853943801       -8.1510920960        2.4814986334
         6.9592093189       -2.9861621905       -8.1064501400
        -9.5830275632       -5.5148698789        2.9107859937
        -7.3956068677       -6.5284894580        5.9637498258
        -7.0975302918        3.0341725153        1.7812366185
         2.9023928203        4.8086371178        9.3181210560
         8.5043785602        4.5546943487       -8.4613507540
         4.8178849353        6.5671950340        0.4240844292
         0.6245672007       -6.2032747947        0.5172541189
         3.7457464272       -0.9716539962       12.2263476365
         0.7213266728        2.1197677214        7.6894144803
         6.7905000842       -8.5899042039       -4.5783773684
         1.9073265506       -6.9216099957        4.2594641354
        -8.7968053560       -6.7052455411       -0.7005933451
        -3.8665515451       -5.8322488543        7.4906309279
        -9.8150782476        2.1848328850       -4.9744201793
        -4.7176468368       -5.3832527522        3.8193598382
        -4.2355779278        1.4497643760      -10.2753756751
        -3.6371914517        7.6403748554        4.8201999636
        -2.2417033071        8.6056937710        1.3863948833
        -1.3271086525       -1.1126115064        3.8137848750
        -2.1539582099        1.0075533041        9.9039504138
         2.1335148285       -0.5586167776        5.0323784345
        -1.4287077957       -9.0083853558       -0.7478848972
         5.8444215482       -9.5538363365       -1.0392006406
         8.1957081051       -2.4277820607        3.3402122786
         5.4996636049        5.0036903067       -2.9823958842
        -2.0057923996       -5.5706779449       -2.0584066490
         2.9118012173      -12.0705826404       -0.4174186785
        -8.1993608646       -0.6606987794        1.5944579422
        -0.7430278444        3.8506114225       -6.9077814399
        -2.1905492099       -4.0708553771        1.6720873498
        -3.9822773547       -5.1009013610       -9.0977649433
        -3.6278127552        4.1483025279       -4.3714663982
         4.4799677667       10.0951857715       -1.0439985964
         1.9116877525        5.3672594958       -9.1860743673
        -4.2901408777        7.6183556449       -5.6744710806
        10.3077783317        0.6373793539       -2.0722636738
         4.0855046495        0.2072745305       -0.8483588634
         0.1711463820      -11.5803168471       -3.0583427283
         8.7411116922       -1.1809501468       -5.1299595932
         3.2325045148        1.8428762581       -4.0623671740
       -12.4330191909        2.5303944962       -2.1863214693
        -5.5796555507       -1.6650011397       -8.4601174200
        -4.8123497333       -2.0337257698       -4.8152347246
         5.8915729834        3.2249455591       -6.2011036449
        -4.3076139559        4.5664124094       -8.0399717588
         1.4029992203       -0.4436012169        1.5027525871
         9.7922438824        2.3032089926        1.4122194030
         2.5751027727        1.9754406414       -7.6969130021
         8.6216876749       -6.8713931110       -1.5990544030
        -7.0547230403        1.8209110408       -7.6664819794
        -0.4690848516       -8.0482037046       -4.3313317115
         1.6044552787       -5.2704794002       -2.9644952118
         5.1308082871       -6.0505027748       -2.4374960270
         3.6250402006       -4.1494321090       -9.5943749805
        -1.9691721988       -2.3504385497       -7.5105933284
        -9.9360399848        1.7000989508        3.9573313776
         1.2537564120       -9.6150879391        1.8604316501
        -4.0466956233       11.0841463030        3.4314775343
        -6.5029932398        4.4618312335       -1.6927085371
        -4.4135321981       -6.8746975744        0.2579728637
         5.9054253029       -6.7382295579       -7.8181992118
       -10.3739380460       -3.2609752607       -0.0378768543
        -0.7530978914        0.7218461829       -9.1579868061
        -2.8209446719        0.6767634579       -3.0629150426
        -3.1389773003       -5.3725455135       -5.5229651602
        -6.8048691349       -3.4529024500        8.1926172165
        -5.4739868561        0.7411245411       -0.4736783656
         3.4535554230       -3.4513059873       -0.3066707593
        -6.9533978660        8.5942464809        3.6039119967
         1.8912629556        2.1652768109      -11.3179209454
        -2.5803893359      -10.7894176571       -5.6658783604
        -3.2032253322        3.5436266280       -0.6874764695
        -3.5529183067        1.0715668685       -6.6682225672
        -6.6376557941        6.7642532644        7.0138087264
        -0.7564677819        6.8566141246       -4.5643299288
        -1.4194002172        4.0934560329      -10.5395296333
         1.7847261624       -1.7801011940       -7.5563970186
        -4.2041365570       10.5146295551       -3.2058379179
        -0.2523660652       11.4285605696        2.9868634763
        -1.1319304863       -4.6196530871        5.2407213791
        -7.1360224504        4.9413730458       -5.3995672520
         0.5886450567       -5.0333932184       -6.3949163597
         1.5558819829       -3.6680251946        2.8701125730
        -1.7432199562       -7.5782693113        2.9318068988
        -7.5146672055       -1.8066294813       -2.0892828159
         1.2089890908       12.2040268561       -0.4850378239
         7.5685580801       -0.5440558923        0.1470950796
         8.1750416795        6.2256810341       -5.1028712210
        -5.6466880397        9.6063512931        0.1862261580
         7.5841564856        7.8414696149       -1.6190912530
         5.1147048799       -0.5334830752       -6.0849898904
         6.2731482033        3.0693950578        0.3480161096
        -5.1254804564        4.2944553980        4.8693239550
        -0.4642431160        6.0595203888       -0.6293890571
        -4.7339434063       -1.6193137556        2.4307236902
        -9.8977341357        5.2687296794       -2.6705036879
        -1.4297532154        7.2133120704       -8.2350348608
        -8.3703842709       -1.3050758526       -5.7607435969
        -5.0775137818        6.0711327931        1.5205028680
        -6.3033194245        1.4266049059       -4.0516947209
         1.5473341527        8.8042244761        0.8893380697
        -0.8372788968        9.4870605600       -2.0202094242
         2.5900497809        5.1114408078       -5.4360331354
        -3.1614970019        7.4471129277        8.5031261531
        -2.1041615659       -0.2274260396        0.3832774937
        -6.7652258180       -4.1456608311        0.8721888773
         2.2096051760       -7.4878708965       -8.7552192734
        -3.9690353058      -10.4166899545        1.6214576428
         5.2535116164        6.5185313119       -7.7124789365
        -2.6627746214       -1.9710019055      -11.0413237091
         0.1067132870        7.8790783883        4.3200063838
         6.0230333739       -2.3771883961       -2.8353330534
         2.2623128569       -8.6898754560       -1.7234327529
       -11.0245014248       -0.9262990763       -2.9836423844
         5.1143036201        8.4725818063       -4.5155633516
        -5.1252774240       -8.1574536696       -6.9669564957
         3.5753239981       11.5175437357        2.4338230817
        -1.4768363896       -7.8546553207       -7.9351880109
        -0.9018937965        4.6466499781        9.9634470966
        -3.5270037875        2.0085681742        2.6704704829
        -8.9216442501        1.6882971296       -1.3641340555
        -5.9593385863       -5.2103805318       -2.7784173018
        -4.1297261690       -8.3246213414       -3.3852273784
        -3.5221177645      -11.7530743509       -2.0308598509
         5.2192998363        3.3516013967       -9.8963699739
        -2.8647628038        1.3632254992        6.2518079065
        -7.1157806365        7.9485079534       -3.0029984327
         3.9011264041      -11.1219288858       -3.9936674668
        -7.9251054797        3.0795513385        7.0447292570
         9.4846861898        2.6049526128       -5.3044670598
        -2.6293788340       12.0228181004       -0.0011583355
        -1.3305119128       10.2134686245       -5.7391594924
         2.0923957417       10.5703619091        5.9145098264
