         7.1381570701        4.9144926893        5.6601221528
        -7.0513926559       -7.8445968420        3.4331389895
         7.4941541111       -1.4787735696       -3.3449966290
       -10.1724947289        0.5343824404       -4.8567250778
         7.0425206929        2.6389335986        8.8353520179
        -2.6491979138       -3.4954302832        5.4583735322
         1.0947617765       -1.5394549227      -11.6232189107
        -0.0920912153       11.1179074701       -2.7571013042
        -8.4027101797        5.0083963469        7.5206220713
        -4.6452736735       -0.5230264257        6.7281394906
         9.5028939282        6.1249781227       -0.4555625607
        -5.0741389819        6.7224278150        8.4072662605
         2.0772315750        8.6040805491        7.9563035548
        -5.1145751135       -9.2475313663       -2.8623886399
         1.6282300531       -0.9207910756       10.9147857833
        -1.6042266155        8.2662634559        9.1328267447
         1.0882387121       -4.6247845651       -3.8786285242
         8.0085695617       -5.3374769429        5.1338861097
        -5.2098050244        3.3878289761        6.5737411140
         7.9520177943       -8.3870799031       -1.7292190732
         2.8519335366       -7.0051108825        5.2063234714
         4.6411128106        5.7090830494        8.4614040454
         1.6988832354       -7.1621060122        8.7475082958
         3.8468100321        7.0457673940       -7.3495051593
        -5.3524284156        6.1358442007        0.9564667133
        -7.3030547177        8.2396979066        5.6321473117
        -4.6396681403        1.1702623373        0.1230131484
         6.7119240343        0.4661769679       -9.6032933241
         1.3959796865       -7.7998110695       -2.1036867668
        -1.7697635939       -0.7443018218       -0.5132945615
         3.7010460190        3.8272725479       -1.8571725891
         1.8670928009        5.4156748032        6.0596140871
        -3.4968879292       -8.6666536724        4.7453465100
        -7.4129221572        0.8109526270       -2.3552430052
        -7.6496446131        2.9382770845        0.8114001446
         2.3276859679       10.0750189821       -5.5583110635
         9.7674519569       -2.0073890541        5.7425995187
        -4.9725944010        1.8130333969       -5.3272250583
        -2.1862845616       -1.0395149126       11.6008465292
        -5.1376772669        9.5411249546        2.7070518758
         8.3729142974        2.4657787455       -6.7707367104
         3.8578795262        1.6224310629        1.1186958665
         0.9986661459       10.9992676557        1.0015256120
        -8.1477172132        3.8068523372       -4.5897102286
         6.6040697041        5.9298166903       -2.7915593046
        -6.1932814218        9.1172030771       -1.0047088661
        -5.2784161220        3.9984496767       -2.1755462701
        -1.9326936560        7.6622191093        1.8114858039
        -1.3736327390        1.8037798539       -6.6250051177
        -8.3971312408        5.9356039546       -1.3648280122
         0.2417218936        7.9782997038       -8.1846637012
         0.0428109994       -1.0415067728        4.8049851283
       -10.7486165287        0.8812223972        1.7356732184
         4.6419612387        7.9101050243        5.2342478003
         4.3041980938        2.5312590057        6.4736447986
        -4.9135188674       -7.4681813535       -6.2776217020
         4.7073054578       -3.7118882436        5.9180278229
        -5.6479253750        4.8208994599       -7.3973969970
         0.7270317579       -7.7577798197       -5.8163581790
         1.3204163520        4.6881421965        1.0221491543
        -7.6849693882       -0.9277661305        1.0671723421
        -6.1340600185        3.4367466111       10.1635270860
        10.4203703408        0.6251219746       -4.0937111571
         7.1357027319        7.0661829274        2.4133475284
        -3.8709089758       -3.4931098845        9.0216995143
         0.5561766068        7.9223160787       -0.8548188449
         4.2976222455        4.7485975822        3.2230909762
        -7.5473591534       -4.7973446728        1.3019132768
        -4.2314659903        3.3027412566        2.9672088460
         9.5231787263        4.0050694257        2.7616405037
        10.2572010397       -3.7573845274        2.3170551771
        -3.7559850179       10.1860657441       -3.8338025649
        -0.6066881961        7.9494496317       -4.5551224071
        10.0652311145        2.3205406074       -0.6712798068
       -10.4826622725        2.6879455815       -1.6607884149
         1.8754877778       -7.7534699213       -9.4133388134
         2.5321649121       -1.5536824482       -5.4267785869
         6.6949726316        3.8679013184        0.3521807343
         3.4376113736        2.5011639635       10.1955574461
         5.5281587540       -6.7711669863        7.8365536820
        -3.5215302924       -0.6599174086        3.1498172875
        -7.4242543943        4.9411308887        3.8743292759
         5.3775121045       -6.5949621959       -8.3192289573
         4.4303088694       -3.3773281638       -2.7806212527
        10.6165191225       -3.2656895796       -4.2751883390
       -10.7160168487       -3.0255083363        1.9004577461
         5.4130730518       -0.6584641172       10.1027330310
       -10.2636683009       -5.1511950739       -1.2688677408
        -7.9961605183        1.1322969566        7.6466609913
        -0.4490329263        1.6763785723      -10.2744755437
        -9.6107642509       -1.0885176072        4.9154138424
        -5.7316718249       -0.4106771736       10.2786296805
         2.7591503679       -0.7898829744        7.4712583792
        -6.2631682924       -2.7471670045        4.0917610783
         4.5984877440       -9.7679330946       -2.8633149233
         4.1678139763        6.8996847281        0.0327471190
        -2.1737599788        1.9511770130       -2.9144493719
        -5.5120597589       -5.7509173490        6.2874946332
        -8.5022553435        7.9122877905        1.9227084002
        10.4046700055       -1.5821706948       -0.8708225446
        -1.1213536215        1.6481732758        2.0284508089
         1.6612094834        2.2159808579        4.0977178711
         0.9904437760        5.4726166576        9.7964779967
         7.4595661214       -3.8542464978       -0.1751674885
         9.4455917351        1.8440172219        5.9504941187
       -10.1411933972        2.7449464421        4.9253236253
        -2.6451696672       -1.5299423937      -10.5935480545
       -10.0350733831       -3.3855332418       -4.6178223414
         3.5739192513       -3.9249500460        9.5015225203
        -0.9355233212        4.8470118017        3.7941466154
         0.0235559658       -1.4206098471       -8.0683665692
         6.0940259555       -8.5936880518        4.4977373956
        -4.6319958309       -4.2522944152       -4.6393083092
         0.9115293628       -4.0945737592        6.7841236814
        -2.9600578547        1.8125839425        9.1781714783
        -4.0976869903       -4.6766310059       -8.8904689114
        -2.2206602660        4.2988511586        0.0002858828
         3.8679352114       -0.6440584527        4.0521492922
        -0.2820239006       -4.1786665999       10.2593831109
        -7.6592611104       -6.4217094822       -3.7997450061
         1.2876233401       -0.9071855198        1.5363056318
        -2.8378484281        4.9484857383       -4.9740951055
         1.5662731136       -4.5740784785       -0.1899369223
        -1.5897860414      -10.1355841507       -1.5313371728
         7.3804363786       -3.5008974283        8.4543509955
        -1.0549885809       -1.2646956577       -4.4769954389
        -1.9177997339       -6.5082335338        7.5737341209
         4.8116656304       -6.4514814661       -0.9765042402
         5.3605474739        3.8598819745       -8.8880715720
         0.9233373073        4.8662945529       -6.2519605611
         7.2116560510       -8.4281081129       -5.4806977598
        -2.3579168993      -10.2251716223       -5.3708548782
         2.3940663568        1.7125368691       -7.7927912713
        10.0057081307        0.1427696919        2.5575417670
         1.9454081091       10.7475425871        4.7689404996
         7.5493417887       -5.2451510802       -3.5606506991
        -4.1076818693        6.5608255408        4.7229011959
        -1.8469265270       -7.7865405603       -8.4015014789
         5.4028989826       -9.4887087664        0.9243848306
         2.1709660392       -7.5901500895        1.6200959663
         4.3366943388        0.3064726084       -2.3585004088
         6.6659299167        1.7510802917        3.5222933638
        -0.4137624850       -4.6691434491      -10.0852976663
        -1.4481428790       -4.5570003333       -6.4174429389
         8.3830340875       -7.0536969337        1.7192069414
         1.7202522873        7.7148791698        2.8373103361
        -9.8013421507       -1.6526208880       -7.9653908314
         2.0705243319       -3.9341902973        3.3332519865
         3.6960962766       -1.5030990016       -8.9647237337
       -10.6143675257        6.5713257928        4.8650431817
        -3.6209532694       -1.4095135895       -6.9580731623
         8.7371992227       -1.3816702879       -6.9756086846
       -10.5105109130       -6.8896710117        2.0748546501
       -10.6729909738        4.7448223385        1.5919854775
        -1.2089404448       11.0628351773       -6.4636365477
         0.4003300354      -10.8668896498       -7.8269744022
        -7.8393171278       -8.1093621117       -0.3667612841
       -10.5202040837       -1.2237922062       -1.4723228246
         1.5404546750        1.7073744352       -4.3458542034
         7.0602692812       -2.1776440358        3.2233604731
        -2.7377591938       10.6095307322       -0.1514075594
        -1.3129548637       -3.4173977955        1.9032845911
        -0.7780116822       -9.8804631002        2.2801878054
         2.8298634510      -10.5755244273        3.5653210884
         4.5708420115        9.9934142785        1.9830419715
         1.7663258579        4.8029061287       -9.8288848419
         0.6994154379        2.2089534256        7.8286808051
        -9.0590566735       -4.9023068134        4.9188012928
         7.1688976820        0.0736653716        0.1020514784
        -7.4245527565       -4.6036765291       -7.1612463740
        -2.7219967714        5.0895063170       10.9582158726
         4.3713623139       -2.2944564898        0.6284932897
         3.0048028621        6.9552856334       -3.6814968193
        -6.3167842797       -1.5641493474       -9.3776994548
        -0.7121343063        8.1204681817        5.5434293068
        -3.9163322870        9.8138366027        6.4363858414
        -2.0486883458        1.7569228011        5.5670332666
        -4.1552745000       -5.6516444609        2.6801189111
        -2.1500898862       -7.0596451976       -3.6534437828
         3.3613110119        1.5336522834      -11.2600605661
        -4.3513066950       -1.0483653138       -3.0083091552
        -1.8818950210       -3.9130224528       -2.0145240490
         1.1792915564      -10.9920605380       -4.0462486863
         1.3754643942       -1.5414469152       -1.9547589706
         3.8067867142       -9.7101714115       -6.6459648741
         7.3801625294        6.0387407847       -6.3927625993
        -3.4585333229        7.9957010329       -6.9931112970
         4.5266899911        3.8539843577       -5.3583909005
        -0.6501989561       -6.4152443081        3.9625296546
        -4.1746291186        1.6772327145       -9.0966718992
         7.0267507924        9.0703470066       -0.8723374796
         0.0899471474       -9.4122336704        6.0162118417
        -1.7295033816       11.0039589915        3.5338280501
         0.8560470124        1.8087833928       -0.9145856837
        -4.6331544185       -2.7301869058        0.4026103472
         2.2303987348       -4.6409098249       -7.4376679477
        -1.0389991258       -1.1426473233        8.1858082398
        -0.1725357320        2.2839069694       11.4994927457
         5.4845214306        0.3917108895       -6.0355747967
        -7.0245640036       -1.3309853833       -5.5278907434
         6.5420492089       -0.4011227720        6.6038610729
        -7.7863165863        1.6045852494       -7.7361320950
         5.2174061442       -5.4941541191        2.5292182022
         3.6978248013      -10.0160258488        7.1855004666
        -1.9816796647        4.8684154391       -8.7046230802
        -4.8868915927       -5.9837211799       -1.2118969936
        -3.0455715571        7.2223148734       -1.8736356108
         3.3723911689       -4.5982432415      -10.9642964499
        -7.3124976671       -3.0753228917       -2.1207042675
        10.5029360582       -5.5123500868       -1.1589215270
         1.9897445407      -10.8850690886       -0.2142052598
         6.8401640870       -3.3576993159       -9.7639450498
         8.7747111005       -5.2507921437       -7.0533993657
         5.6578023543       -3.3988943944       -6.2739046297
         4.1415527107       -6.5467100747       -4.7130312550
        -4.3469231351       -9.0614065853        0.9662349348
         9.9517613337        4.5081996266       -3.9071397452
         7.1888161079        2.3021904137       -3.1408756833
        -1.4270713969       -6.8183125071        0.2309219189
        -1.8372288159        5.0055545489        7.3818684948
         5.8788375085        9.0771911077       -4.6091832893
        -5.9980393477        7.0309086752       -4.2452502682
         0.1222159309        4.8564325555       -2.6972887573
        -6.8407320973        1.0711780311        4.0138545697
        -7.4436726624       -2.7130257838        7.6679484610
         3.4945976030       10.1752242908       -1.7979547098
