        -7.3134483532       -4.5306461024       -5.4666606128
        -1.5192486505        6.4602762731        2.4247141486
        -6.0138335507        1.9602641367       -5.3040530312
         6.3740819375        3.5618733722       -7.4765348320
         0.2375812569       11.0972976594        0.4544011798
        -0.3938339464       -0.1490480239        4.8469350171
         3.2422604996        0.7667493576        3.5864365712
        -3.3737313052       -0.9224881355       10.3864006340
        -6.5209430041        4.7705325698       10.0344886876
        -4.4548338392        8.1894235845       -3.0949338889
        -2.9250732569        8.0492133647       -8.2744901376
        -6.4951471388        8.3885674969        3.2260459151
         7.6688158946       -8.5309258438        2.6827884572
        -8.6990195869        5.1951842366        3.8815081259
        -1.9314282830       -2.5024127508        7.4509218509
         9.5739033179       -5.2728899625        1.7754279794
       -10.6226947928       -2.0406794869        3.6961054438
        -6.4191977882        9.9659019374       -0.3435870475
        -3.0522777966       11.3054888601       -1.6190461685
        -4.4078553529       -9.9686479571        2.0673052114
        -6.1217495163        4.6673573224       -2.5774802252
        -9.6778727991        1.7215652351       -5.1969057615
         3.3614054787       -5.9682409441       -4.0022015843
        -3.5579196040       -2.0708122554       -0.7872270490
        -3.0843897057       10.6940250752       -5.4447072066
         5.2838942720       -9.0543503825       -3.4725930703
         7.1709013440       -0.6818398536       -2.3940428228
         0.1551163971        9.4528074027        3.9254384533
         2.3030806596       -5.1256030379        2.5273898568
         7.4729449860       -7.2099388050       -0.8848373348
        10.6247871508        3.4356794161       -2.3316943597
         8.6657205394        6.4205870679       -0.9698800189
         6.6773679558        6.8268685754        6.2215675054
         1.7860104089        1.0858532227        0.4106745004
         4.9769403918        7.1504411204        2.9524588220
        -4.8403578845        3.3064526102        7.0744768548
        -1.2725253492      -10.8625537733        0.0034468005
         8.6853534305        7.2359640901        2.9030245295
        -2.1588529666       -6.4222567593        7.0807116885
         3.9289982510        5.5434001316       -9.6785577484
        -1.7851147323        0.4907897341        1.0810555640
        -4.0170277134       -9.4114114592        5.8915720429
         3.7212741317       -7.3960829560       -0.4933884549
         2.5767919504        3.1035103617       -7.1832148695
         0.4405032575        7.2825602400      -10.0234451339
        -1.2019541276        7.5445216491       -4.9176704689
         0.6721918007       -1.8987327761        1.9891938121
         8.3759587323        5.4429170032       -4.7537210331
         6.0077599787        7.4373064080       -7.0530578305
         5.9104636139       -5.3185526433        2.0556701829
         2.9488859063       -4.3724335738       -7.4717971023
         1.0009719448       -4.1199468200      -10.5827796228
        -0.9940023862        4.8290174152       -7.6195849042
        -8.3586321309       -4.4183195640        5.7707041823
         3.3334708169        2.2059461475        9.6713696966
        -0.1034058052       -5.9898492948       -5.7904836800
         5.5486379139       -4.0336518116       -1.4970363462
        -6.9049825271       -1.9567326019        3.4634611360
        -2.1034708925       -5.6715731485       -8.9610887264
        -3.2033541207        3.6643955584        0.6800148477
       -10.7869026190        3.6513798609        1.0664005190
         1.6379043609        2.6441030292        6.3425896641
         3.1013315703       -5.1408896412       10.8376005688
        10.8638822013       -0.4333942301       -2.6147239949
        -4.7804163619       -0.5008481790        6.3327836669
         3.2478159509       -1.2623257143       11.3073771846
         1.9074868060       -4.3787948482       -0.9461403053
        -0.1139161416       -2.9955112938       10.7759226726
         0.6544827921        4.3541534635       -4.3395655518
        -2.2728929725        1.4496650034      -11.3290802545
        -3.1635190230        9.7983903133        1.8759892250
        -5.0197740605       -4.6961906643        1.5303464560
         1.0712669309       -0.3846097166      -10.8730872032
        -3.8736099986       -0.6897956693       -7.3223445192
         0.8490298280        3.4803045276      -10.5855767254
        -2.5539613590        5.0352877098       -2.5601226802
         9.0670885745        1.2341142385        0.2299996018
         3.4874188389        9.8569696392       -5.2483304438
        -6.2775800171       -2.8834598824        8.6114381740
         5.1092036687       -2.5361272292       -5.0050747014
        -8.0366734453        5.1816694864       -5.8442306368
        -3.1760943745       -1.9444587053        3.1793954037
         1.3882583004       -7.5109891384       -8.8215481188
        -4.3037252355        5.4913371968       -5.8161372338
         0.0524816520        4.2958320174        9.3027567197
        -5.6961205668       -0.1168491580      -10.3764822901
        -6.0276946213        5.8894208488       -9.0749146025
         9.7235500217       -2.4291302221        4.3849571215
        -9.7416990730        4.4269460412       -2.4452690221
        -6.5144197630        6.6140852917        6.6836493767
         4.9052768465        0.4497438407        6.7167810691
        -2.6629284130       -7.0165377579        3.3869294405
        -1.3185904257       -4.5734220477        0.8712127536
         0.2977137108       -7.5691243143       -2.2989836471
         3.9670394421       -8.4191681670        3.0121633922
         4.9479091079        1.2869297810       -4.8420945887
         8.8110884008        3.9473374293        4.9010733927
        -5.5061214956       -3.7027965822       -8.8499247372
        -6.9810029312        1.8649562064        4.2289034294
        -8.5895946094       -0.5806831663        6.5924680117
        -0.5809226861        1.0729140146       -7.9853782385
         4.1282412940       -2.0847873137        1.3865493027
         0.4464812215       -7.9540536529        1.3336341707
        -3.2125836522        8.0940154448        5.3476749136
        -1.7838581348        1.3525845294        7.7738233784
         1.9840212186        7.3250095434       -2.8284065190
         2.1794399855      -10.6298159668       -1.8516174890
         5.9198510785       -8.9652411901        6.1065387876
         1.4352577084       -2.9079422222       -4.4500987291
        -8.5920523306        3.3152113219        7.2336964804
        -4.8938669246        5.1137501441        3.6845124465
        -8.0952755514        7.8331348987       -3.1256925192
         7.6924614101       -2.0678103337        1.1610593101
        -3.1551186007       -7.5659993231       -4.0687888155
        -3.4122906020       -4.7506219734       10.0844947641
        -3.2897654785        1.8642221202        4.0594989800
        -0.0306834378       -1.5122700100       -1.4647297632
        -5.3921563911        0.4638437180        1.1990784032
        -0.4762502852       -2.5474660989       -7.4841114494
         0.0363612285        3.0360303770        2.9252784300
        -5.9030824809       -6.6685222767        7.8043696700
        -9.0730487298        0.4090335125        1.3551284571
         1.1823732713       -4.6629623894        7.6844945182
         4.4831468554       -2.8790946229        8.1976824784
        -1.2525323313      -10.6979884100       -3.7382700373
        -7.2396710055       -2.3041389152       -0.4904332994
         2.8546311021       -8.0353475153        8.2824458331
         1.4017187518       -0.7075186026        8.0984724317
        -6.4424020189       -7.2169649520        3.9376225633
       -10.9325801347       -2.4681746788       -0.1661245806
         2.0976003148        6.8138435427       -6.7045802558
        -8.7520198821       -4.8862792365        1.8929750080
         4.8486938895        6.2298128704       -0.8340503953
        -6.8725365890       -7.9747907042       -3.7972974155
         6.8942929655        3.2732408767       -2.1980393291
         6.1089063993       -2.5004260126        4.6547977528
        -2.6633172978        5.2281066998      -10.8771457444
         6.6540332905        3.4701458520        8.1316995461
        -3.2318520138        6.2542664517        8.7414120114
        -0.7046195157       -4.1564755584        4.5140116071
         4.6153402071        5.2150672329       -4.5721990775
        -4.1812665513        1.3902431488       -2.0764868793
         3.3519458135        4.0920748169        1.6452083970
        -5.2464051141       -5.0031206851       -2.2837470985
         3.4001062712        5.6068226546        7.8318514007
        -0.9903595064      -10.4460918210        3.8482502298
        -6.7496873191       -7.6683997832        0.0587409171
        -6.4630054309        0.9498852509        9.3867086579
         4.9947849293        3.8048645185        4.8756596370
        -3.5414996109       -4.1498899031       -5.7775352420
         1.2349061551        0.6953104401       -4.6335739981
        -4.6235137268       -4.2667514784        5.4442931272
       -11.3590631469        1.0035529245       -1.7812067157
        -5.6612887767       -1.5452201630       -3.8999897745
        -7.6305588287       -1.0245312935       -7.0650273630
         0.2289271167       10.6598701996       -3.4159465610
         7.9712681461       -5.7683122314        5.2761533596
         1.7182135580        5.9726055471        4.4137212739
         2.5462485959       -2.4114043248        5.0769939182
         6.2054370899       -6.1970145561        8.7253845099
        -8.9407025946       -5.2439251188       -1.9903833855
         0.2097488010       10.0354845536       -7.2676818883
        -2.0142198676       -1.0655561256       -4.3181483639
        10.7417423903        4.3501809441        1.5039128812
        10.8295804408        1.0327496894        3.4528738576
         2.8416899881       -0.6800971973       -7.5103694890
         0.8894790780       -7.4483597271        5.0770298059
         7.0388980015        4.2025769481        1.5940246566
         3.1611450457        3.0702271482       -2.1335977920
         3.5073628669       10.2908028809       -1.4019437856
        -4.1101015902        2.7817530825       -8.4593109188
         0.4246645611        4.8241881221       -0.3473571689
        -2.4033878048       -2.1835250720      -10.5283234266
         4.4254153196       -2.2045163434      -10.3929613682
         6.4453440202       -3.4278132363       11.3065383181
        -6.2078615256        8.5965085963       -6.3696951798
        -4.8158960265        6.8006212257        0.2734171165
         2.0896364640      -11.3173753726        1.8068930744
        -0.7094529080        1.9286208814       -1.9772829117
         1.8518829534       -9.1808330792       -5.3901048749
         8.6844391284        1.5643487064       -5.0922506980
        11.3053557630       -1.9189303357        0.9124424257
         2.5093294560      -10.7220880167        5.5673803687
        -2.9876284406       -7.4737479666       -0.3792951798
         7.0560432243        0.8485767044        3.5214477650
         3.4922135871       -0.9017354166       -2.1079122893
        -7.8131468686        2.4931748314       -8.5162475428
        -1.5707597580       -4.5190101808       -2.7337257597
         8.1152182413       -2.9575687564        7.8631810328
       -10.6800712073        1.8236927432        4.4413017572
         4.2467277480       -5.6929633222        5.6219624378
         4.8897331872       -7.5228939065       -7.0223821219
        -9.3861661489       -1.7893649711       -3.6482815635
         1.9059406279        7.7767450753        1.0036333733
        -3.3109879813        2.9108238959       10.6695857636
        -5.1401133131       -7.1993375976       -7.2009789712
         6.6631789437       -4.1815266615       -7.9445770678
         4.2496719318        1.6636241453      -10.1124198160
        -1.5712541929        4.6711483063        5.8254246251
         8.7366494080        0.5521674611        6.7141306441
         6.3454670464        8.3900352123       -3.3323272339
         6.6008824199        9.2862462742        0.4272937901
         3.4319673240        8.9013087206        5.8631533735
         3.4758150596        9.3312301262       -9.0665354154
         7.1314610593       -5.7352124293       -4.4451368130
       -12.7667685133        0.3707361420        1.6493796545
        -7.7457074874        1.2042112992       -1.9985076340
        -0.5619905049       -9.7187019087        7.6248347298
        -4.6437976599      -10.3817838815       -1.7774735877
        -0.2441954472       -6.8882436551       10.2494310242
         4.4077862722       -5.9663796662      -10.4810187498
        -8.6430822027        6.8680864632        0.4281715009
         8.8017626683       -2.3197735520       -5.3032261737
         0.1021022753        7.6205026415        7.3317460159
        -4.6860148275      -10.6066769530       -5.5327152248
        -7.0184974599        3.6565385075        0.8189307490
        -1.6656780193       -9.0495063939       -7.1808600076
        -2.3969480869        2.3828512304       -5.1843389766
         5.5010849983      -10.4568905307        0.1648904020
         6.5856715217        0.0379805233        9.8841174151
         6.6072849124       -0.3223872232       -7.7836473599
         5.3874196883        1.1408198474        0.3390199505
        -1.3081221445        8.0895954482       -1.0031271795
         3.5710501012       10.6467095734        2.4450553604
         9.2710972894       -3.8560226630       -1.7916573233
        -0.0304124926        0.8725659497       11.0824779735
        12.7645786691        1.4616413974        0.1325668041
