        -4.2547454031      -10.0425702208       -6.9030586943
       -6.8571883901        5.6079546757        7.1400254198
       -4.1076505573        1.4877797549       -2.0979940850
        8.8009326475        2.2752267548       -4.6363115213
       -0.0800504074       10.9408313764        1.6756001049
        3.1326338328        0.3590208221        3.7193560197
        1.7601045229        1.0079121124        0.5620833455
       -0.3659446581       -0.4515887837       11.0534274636
       -8.8690851651        2.2365213068        7.2325530259
       -2.5504186480        5.1953221626       -2.1132217218
        6.5158924174        4.4855279308       -6.8417420802
       -4.9797996821        6.6008575789        0.8322715069
        5.7480370527      -10.3457841218       -0.8922586731
       -8.9235329765        4.4901142387        4.1136203281
       -2.0780781686       -3.4221031477        6.9998798962
       11.3248227869       -1.8335184549        1.0043338192
      -10.6606415769       -2.7007487734        3.0318780482
       -8.1343929217        7.9812490183       -2.5222804970
       -6.4845927361       11.4608988046       -2.6989749767
       -4.2244524810      -10.2770673294        0.7244079519
       -6.1095467447        4.7615414699       -2.2869548152
       -9.5111087764        2.0839955813       -5.3277464936
       -0.8768756242      -10.2714821379       -5.0159139419
       -3.4381410338        1.2777192880        4.0872848997
       -4.5068161520        8.3308302766       -2.3639854233
        9.6477855543       -5.2984025917        1.4269513702
        6.8942587074        3.5986336161       -1.6208895566
       -1.7397500678        6.0675448393        3.0534354563
        0.6583925725       -2.1550520332        1.7322996189
        7.6748495266       -6.9596772791       -1.5015419882
       10.6114331479        3.8580222416       -1.6274939095
        4.6364016227        5.7435960906       -3.8102255165
        4.7768378050        3.2631483800        5.4027210781
        2.3537995510       -5.3888796381        1.9523622171
        3.2187413403        3.8821375062        2.1743872697
       -3.6806546715        1.5496419948       10.7720131471
        0.6044980121       -8.1006015989        0.3840068041
        8.5366861916        6.6254149794        0.0141364174
       -5.9653385209       -7.6788588054        6.7438691771
       -3.1106985927       11.1475079432       -4.3888898436
       -3.2955028249        3.4716111861        0.9292332137
       -6.3751932650       -7.7946769682        2.8259843922
        3.6339338979       -5.4556207479       -4.5893168967
        2.7377891920        3.9002352624       -6.7513638737
       -5.8341498048        6.7135115731       -8.6160111454
       -3.8656563302        3.5989251001       -8.2829911035
        6.3566695015        6.1636154372        7.1451353408
        3.3994640143       10.4030604370       -3.9519955287
        6.2464425879        8.8054032708       -2.1615260697
        7.7944607846       -8.6776136733        1.8962910384
        1.4377760430       -2.9201586273      -10.9925606441
       -2.0075841938       -1.0634754327      -10.8318707876
       -1.1745584047        7.9778246957       -4.1292401180
       -6.9402632235       -2.5167955643        2.9337472165
        4.7109970135       -0.2782168592        6.8404847835
       -4.7347170682       -6.4765135467       -8.1882832694
        4.1380219186       -2.2019009494        1.2313766819
       -9.0985651901        0.0353590445        1.0409500405
       -3.2497489443       -3.5802074399       -6.3759113652
       -6.5542638885       -7.8037516309       -1.0866028121
       -9.7235001236        4.4614996220       -2.2912639139
        1.1917562442       -1.6466202790        7.9550879044
        4.3125128804       -3.7611998226        7.9093757600
       10.9551315100        0.0435572312       -2.3457297315
        2.4562758373       -2.9812682737        4.8000827999
        2.9511978091       -2.5308450612       11.1390124568
        5.6105664931       -8.5432093604       -4.3502457595
        1.4013570134        1.8913173401        6.6048926344
        3.1701490632        3.2950952921       -1.6901445821
       -5.8488772119        2.3921993782       -5.2958971645
       -3.4535462539        9.4083741211        2.8451001104
       -2.5862720223       -7.4639502387        2.4266811790
        1.4351763038        0.8230244721      -10.8715667616
       -7.3618433182       -0.4020474695       -7.4321564206
        1.1172160410        4.6209557656      -10.1593099466
       -1.4651864244        8.0774539858       -0.1510710007
        5.0690383745        1.8835858780       -4.5400677941
        4.7283037526        6.3400210554        0.0132512137
       -0.3516070499       -4.2587419275       10.3039036626
        7.4074912552       -5.0946182068       -4.8783169849
       -7.5639309190        3.2559862809       -8.4756171066
       -2.2088247830       -7.2827336219        6.1793603006
        1.8473323649       -6.4800737813       -9.6152888079
       -2.2465681458        2.8673419401       -5.0123133907
       -0.3103223839        3.1551568519        9.6823879565
       -2.3914446745        6.3355994862      -10.3547163068
       -2.7994582064        8.8286922705       -7.4701208676
        7.9541951560       -6.2243301282        4.7951322899
      -10.8842781713        3.2528343393        1.0659632125
       -0.2843213430        6.6868067733        8.1146496426
        3.0065181200        1.1052848707        9.9135511478
       -4.9370372052       -4.9884586699        0.7721997193
       -1.2242217827       -4.7260689084        0.2483586420
        0.0586416889       -1.3790713050       -1.6735127081
        2.6020636735      -11.2889722993        4.3436204281
        4.1126820947        6.5931775467       -8.9177222779
        8.5846398674        3.4805443467        5.5590184706
       -0.8184716243        5.5992166992       -7.1043027321
       -7.1317208947        1.1843228129        4.1325035603
       -8.7524969500       -1.5499063248        6.1451618054
       -0.3412554784        1.9091081608       -7.8976101338
        5.6955182916       -3.7725498113       -1.8100292317
        4.0817746931       -8.6815216317        2.1150820605
       -3.5583579858        7.3086670334        6.0957544538
       -5.1125001697        2.3230538983        7.1984051686
        6.3679706877        9.2868188948        1.7166454861
        2.4929610156      -10.3514894287       -3.0205421118
        5.9542389104       -9.5377273704        5.1887302064
        2.0478174213       -4.2499815307       -1.4236505091
       -6.9181926611        3.3961610175       10.2535319766
       -0.1124602418        2.6449245347        3.2097044273
       -8.8115445365        6.5634410910        0.8771034095
        7.7086397748       -2.0847650322        1.1208312571
        1.6505854696       -2.4033218150       -4.7481939159
       -6.4497866034       -4.0231860435        7.9649166220
       -7.1474754101       -2.4173366062       -1.0352345188
       -3.4671297966       -2.0848206885       -1.1754446542
       -5.1073083121        4.5093585796        4.0294610061
        3.2917255454       -3.4863289912       -7.8660437282
        3.0612020989        8.2214493935        6.9057709372
       -4.6681173096       -4.9978880497        4.7152033507
       -3.2082606531       -2.3985175997        2.7781677561
       -0.8506947668      -10.8891046279        2.5526824759
       -3.5871882146       -5.9878415708        9.3099928947
       -1.2209428326       -8.2520523699       -8.2626192534
       -8.7336481213       -5.1972741700       -2.9186771171
        4.2196654339       -6.2663745222        5.0242103850
       -4.9398320344       -1.3651669657        6.0239111015
       -8.4060685171       -5.2566550834        4.8967577045
      -12.7978737333       -0.1125051479        1.2017650858
        0.6495225797        8.3255950615       -9.1440282133
       -3.9613479809      -10.1524344271        4.5984546879
        5.9392673223        8.2920611862       -5.9997196775
       -1.3675467029       -4.2531576582       -3.3296045454
        9.0406472412        1.3269247231        0.6122277114
        6.9448891697        0.5272949861        3.7810546497
       -7.9286489520        5.6234022011       -5.5243999166
        8.5365567113       -0.0953568813        6.9721201502
        1.4480754475        5.4225324053        5.0829531473
       -5.4194277640        0.1857661320        1.0123819551
        8.3702163227        6.0997693319       -3.8736014561
       -5.3468668267        0.9110493688      -10.5570905186
        5.3629051542        1.1436169174        0.6008967389
       -5.0395727146       -4.8579518568       -3.0562272172
       -0.5177316909       -0.7519202361        4.7321707401
        0.9211428541       -8.0136886391        4.1742696713
       -5.4820851960       -1.2477185829       -4.2822325524
       -3.6453756234       -2.2222072870       10.0485064440
        3.0477639763        4.6998770849        8.4769857178
       -2.7870484879       -7.4936475673       -1.3763417773
        1.3744653993        1.1918541524       -4.5372482397
       -0.7356150185       -4.7112075668        3.9357147207
       -9.2044023209       -1.5814090632       -4.1854888393
      -11.2871465635        0.9474637678       -2.0795945109
       -5.1273342312       -2.8215990414       -9.4413065319
       -3.3244562598       11.3094652358       -0.4858803997
        9.6515086326       -2.7686497572        4.3455583265
       -1.8156056924        0.2974940728        1.0221700673
        6.1938103406       -4.6219770302       10.9982163381
        6.0962930094       -7.0814496665        8.1124764337
       -8.6729163522       -5.2862125878        0.9823833047
        0.2663520592       10.7178814347       -6.1225023386
       -1.8394134465       -0.6518631196       -4.5248459208
        8.4776341010        6.9699655426        3.9398043250
       10.7121526991        0.7959029373        3.8472929623
        3.0978988749        0.1826652283       -7.4957894149
        2.8035020536       -8.9236676133        7.3548793809
        3.2973484747       10.4073794353       -0.1155429985
        0.7323134304        4.7889229766       -3.8413699069
        1.9007284908        7.5933676918       -1.9379246917
       -3.6108496441        0.0259255395       -7.5271368881
        4.7249832567        6.7907711728        3.8615115795
       -0.1716911240       -1.7406205086       -7.7855723325
        9.0212046627       -1.5660586276       -5.2888467081
        7.9534005603       -3.7247466405        7.6876431779
       -6.1823447757        9.1053882082       -5.6563758741
       -6.7843760928        7.7647151112        3.9303216315
       -4.3341034522      -10.2517704949       -3.1482911484
       -0.6556082187        2.0897103678       -1.8116298467
        5.2918615066       -6.6268643030       -7.7130814477
        7.2632648177       -0.3062462012       -2.2699219589
        5.9789851121       -5.4521233598        1.5825624921
        2.3098077059      -11.4613823223        0.5286513983
       -2.8390532689       -7.1600096159       -5.0535994134
        2.9060937979       -6.3353844991       10.2285643255
        3.5827272890       -0.6340054625       -2.1239438640
       -1.9345940821        2.6368283104      -11.2375943778
        0.2271458548       -5.3422501036       -6.4829737543
        6.0323426500       -2.9461818601        4.4899461172
      -10.8349282407        1.0450234713        4.2137404592
       -0.3789570862       -8.0694697920        9.3364453572
        2.2426980915       -8.5183599135       -6.3815434219
       -6.5511005384       -7.6668260369       -4.9528625843
        0.3454665263        4.8034765812        0.1845164716
       -2.0299881211        0.3702774447        7.7664751422
       -7.0181518567       -4.0625623760       -6.2342234067
        7.0115604714       -3.1627572957       -8.1891913286
        4.5412616726        2.8262930754       -9.7661797690
        3.1727686431       10.3950068334        3.7231893593
        6.3437077812        2.5993497556        8.6467967534
        1.6903989692        7.6164520226        1.9256720878
       10.6074570936        4.3050109033        2.2786823685
       -3.6272809974        5.0918535163        9.2503333297
        2.1981701603        7.5333127244       -5.8752666023
        5.3266061484       -1.8929886050       -5.1362618537
      -10.8428058765       -2.6856410266       -0.8605182988
       -7.6724715588        1.2341893506       -2.1530473828
       -0.5533419423      -10.5875670111        6.3990500227
       -1.0079520106      -10.8703820467       -1.3212943690
        1.0708799056       -5.5394779602        7.0882683829
        4.8815361270       -4.6989778663      -10.9862804189
       -6.6746806687        9.7780934471        0.6453821669
        6.8581807636        0.6557943001       -7.5876794251
       -1.8442986697        3.8960640261        6.2254652764
       -1.6805341152       -4.7029986387       -9.6629950431
       -7.1105226869        3.3688199238        0.9470313961
        0.5559542691       -7.2968134056       -3.1815809761
       -4.2076813700        5.9844808199       -5.3662909765
        3.9185862220       -7.2638444869       -1.2562772229
        6.3019796847       -1.0124755082        9.9919629174
        4.8113925949       -0.9732988164      -10.4737107616
        6.9082585823        4.0713456903        2.2454288866
        0.0677347880       10.9351777375       -2.2018366330
       -0.2023669906        8.9025816058        4.9500514361
        9.4198367123       -3.4857492696       -1.9636728068
       -6.7494177810       -0.3157875637        9.1699903446
        6.3637413250        9.6436662221        5.5707018572
       12.7329217329        1.6401435404        0.6520553795
