        -1.4729990541       -1.2697087937       -3.6806506353
       -0.0360014979        1.3883146345       -1.4739812929
       -1.9261992020        1.9369107561        1.8713862700
       -1.7005283792        2.5675057033       -4.4077412781
        4.3398539750        1.7691440878        2.6358798686
       -3.7603937584        1.0304061127       -1.4583472321
       -0.8447723247       -4.5641418009       -1.6543423147
        1.2089265758       -3.6654640323        1.5594689319
        0.9126717623        1.9457638190        4.4342884466
        1.9261991996       -1.9369107560       -1.8713862642
       -1.0784682798       -1.3653490341        3.7817724260
        1.4442188955        0.0660385719        1.4181696238
       -2.6393253209       -4.3366498078        1.7718616718
        3.6951646261        1.4850004832       -1.2122735187
        1.7432431384        0.7971638982       -4.5395498758
        1.4077698780        3.7851154215        1.0100298406
       -1.4082174135       -1.4543531878        0.0558116600
       -4.4670574960       -0.9217132169        1.8648650337
        1.5228147820        4.2855962183       -2.8682337963
       -1.8790419100        4.4395923103       -1.0203424629
        4.5349567946       -1.6966648893        0.9150809996
       -4.3120215359       -2.8424362688       -1.4963598448
        2.7892065450       -1.4431602290        4.3645937429
