         8.0564120412        6.2173429706       -0.6655885000
         1.9783257283       -2.7632567193        7.2301202206
         1.7550956901       -2.9619193652        3.5044098278
        -1.0473600698       -4.3662494795        5.4741217926
        -4.5127552380       -2.7342580222        5.5305549688
         4.4027613590       -0.0932313382        3.3556654978
         1.8395376079       -5.7735816506        1.2949462475
        -4.6524194718       -2.4497437114        1.8114672255
        -2.0561486752       -0.6199801140        0.1007893829
         0.7651594374       -2.7074962149       -0.3827062487
         1.1428951421        0.0495500074        1.8193876186
         8.5323877033       -5.6136711868        3.9809738163
        -0.3564216015        3.3798741388       -3.4744658204
        -3.3813167678        4.8122739713        1.9543121038
         3.4251612734       -9.0744676195        6.8294347916
         1.2175742050        0.3079225581        5.4174213292
        -3.7275986212        4.9456293569        9.2557346070
         3.7068940113        6.5286641368        8.1184564123
         4.5367501645        0.1689248064        7.0399558506
         7.3904033262       -2.5097298922        2.0838837147
        -0.2106303849       -7.5976421990        7.2117320253
        -1.6265627895       -1.0883999110        7.3892282686
        -7.0517591926       -0.5631034354        7.3955938142
        -6.2292190139        7.0622533844        7.1744349544
        -2.5738173872        8.1031135528        7.3130568463
         2.3547156194        3.1315484896        2.9620136663
         3.5506210744        6.1979415309        4.3047547136
         2.4626199725        3.4103144023        6.7657877252
         9.1932840421       -6.9811849482       -2.5366189026
         4.1096831462       -2.4965477363        0.6775510602
        -1.7544751827       -1.0913855306        3.6908252712
        -1.5403057678       -4.2875335500        1.7502009516
        -0.8071581065        2.6816401157        0.4717018845
        -1.1724920904        2.5979325682        3.9676090169
        -4.3219489190        1.3616800120        1.8977195675
        -2.4143025651        7.9996621193        3.5751411670
         9.4773160001        4.5014817607       -3.8204405884
         9.5499724697        0.6655493201       -3.4202321052
         7.7319180637       -0.1917448782        4.9347513945
         3.2047274922       -4.8490463097       -2.0507948573
         0.1488960433       -2.9102816679       -3.8377674250
        -9.2637093372       -5.4875723843       -1.3456270599
        -5.3375132571       -0.4902072417       -1.3893617193
        -3.7205814049        2.7363881422       -1.4935650642
        -1.6596198227        5.8117575309       -1.1995714204
         8.6098964028        4.6441358457        2.8509636479
         4.0093140094        1.1647529277       -0.1067507001
         6.7893410104       -1.0061383141       -1.5011995441
         5.2050972525       -5.6718134129        2.5285238298
        -2.3055443582       -0.1040810741       -3.4828216741
        -3.3187406195       -3.3095486763       -5.2444731120
         6.0612017184        4.2221685476       -5.3484205514
         3.4703122964       -1.4349527869       -3.0826811455
         0.8623664611        0.5397695442       -1.8184076980
         0.8349970284        0.2726593203       -5.4098196027
        -1.4429488372       -1.0397283436       11.0952996960
         1.3115718257        0.5257331284        9.0935281435
        -0.8433617839       -4.3551409558        9.2221846847
        -6.7540273835        3.3435507382        3.5695267238
        -4.3908964765       -2.7353477183        9.2417100134
         1.5297138972        0.6931251167       12.7892705105
         5.3716277290       -2.9597788594        8.9551307922
        -1.2018583217        2.7408638264        7.5361723453
         2.6568283456        3.6338937255       10.5314123230
        -8.5857056547       -7.3276357127        1.9438687443
         4.6844853668        0.3762805917       10.7377685091
        -1.1246923694        2.8042156592       11.1593087235
         0.0037442253        5.9482777965        9.2395268912
         4.6814599355        9.3464661001        5.6534759241
         9.0252336138        3.0089126836        6.3220243899
         5.2032022204       -3.1185071614        5.1430798540
         7.8591527773        0.0887912656        8.6801162384
         6.3777342581       -8.7732905060        4.3164645859
         2.5668707397       -5.9527188582        5.2447072510
         2.7581592398       -5.8946107838        8.9892972091
         2.1230961184       -2.6030143847       10.9490836260
        -7.1208163954       -0.4416111190        3.5943254276
        -6.7330185155       -7.6992591999        5.3810998369
        -9.5760058091        1.6457710070        5.3623151658
        -3.6981025810        4.8553018708        5.5837242730
         1.2745790184        8.9915264064        3.6461784862
         5.8763762213        3.3771270510        8.4730371581
         1.1182235451        9.1010903540        7.2899927450
         6.9165039002        6.2308993861        5.9976147371
         5.6751122412        3.0478457487        4.6756313854
        11.0237118543       -0.2280745073        6.6405834943
         5.9968701063       -6.1611678907        6.9383931179
         2.9453404803       -8.8591467147        3.0528506224
        -2.8060703269       -7.6073350072        0.2862445585
        -4.0736100134       -6.0260268439        3.5725422111
        -3.1887885769       -9.2529637951        5.3033752614
        -6.7074434977        3.2886928483        7.3498764490
       -10.6379073958       -0.3225778209        2.1299046166
       -10.7628716819       -4.1637970702        2.0545749780
        -6.0389193493        6.9313982348        3.4628213153
        -1.3880567759       11.1634437529        5.2099475156
         0.0056949248        5.8642907830        5.6155340566
         6.4381097702        7.8279129824        2.4995938543
         5.2630276138        4.5194152833        1.1516509734
        10.6465132814        1.3867436979        3.1793029456
        10.6718080451       -2.4434684679        3.6218647161
         5.4813578131      -11.0032277632        1.3462564551
         4.3549037196       -7.9516722731       -0.3825199612
         8.5685781582       -3.2143894744        6.8563966227
         0.7142173668       -9.0585709022        0.0070087906
        -0.3506267432       -5.9223065624       -1.7185412573
        -7.8035834609        1.4977047090        0.3302879251
        -6.4537861914       -3.5344171615       -3.0364718771
        -9.6799112706        4.8951835869       -1.5596536907
        -5.1545816526       11.1640319730       -1.5133395204
        -4.2846651353        7.9948533248        0.2380839187
         5.8332063503        9.3513675488       -1.0299209000
         0.7946352947        0.0516410528       -9.0852208647
        10.1060742258        2.9577778543       -0.3224543710
         6.6687740529       -4.7500343170       -0.9016079957
        10.0394498623       -4.7149735302        0.5409129328
         6.8707931798      -10.0955676857       -2.0969757459
         2.0716024150       -8.1211176705       -3.4512554514
        -3.0165893820       -3.5463037713       -1.5680646478
        -4.1166058791       -6.5522657518       -3.1139480485
        -1.5457175367       -9.1605043312       -3.0721949266
        -8.6856935277       -0.4033452377       -2.9278651238
        -6.8940200931        2.8166494028       -3.1260139490
        -7.9889783954        5.9908957022       -4.8537685467
         0.2941993484       10.7440023333       -4.4905235323
         2.3452950643        5.3256643238       -5.3391036711
         2.0529910770        4.2826103389       -0.7984512653
         7.3872208506        7.7253204849       -4.1898307632
        10.1745200366       -0.8846397660        0.0909115853
         7.3338719585        1.2999571501        1.5087632289
         9.4726745945       -3.1810239537       -2.9868332253
         2.7880277256       -5.0652414808       -5.6080720441
        -0.8688150209       -6.2076241334       -5.3212302276
        -8.0347528962       -2.3491671003        0.3215641162
        -6.7182469691       -3.4661830132       -6.8337591147
        -0.2956474300        3.2298757339       -7.2064457745
        -1.3974140294        6.3014545478       -5.2171105535
         5.0123856602        7.1808198637       -7.2673949556
         4.7022393279        6.0387213710       -2.4313999197
         3.4622613146       -1.7037526814       -6.8883700381
         6.0406293715       -3.4058229895       -4.5568870382
        -0.0329055121       -3.1300032276       -7.3990451558
        -2.4356425002       -0.1213518675       -7.1759386895
        -4.7403360801        5.9491379270       -3.1540951954
         3.4222999295        2.3841322991       -3.5551555864
         6.0984047311        0.3885123326       -5.0099029163
         6.0999765236       -3.6860979028       -8.3774644654
        -0.1629006119       -3.2236989811      -11.0205560746
         0.8329272122       -0.0545176921      -12.7911702545
       -10.1466168543        2.7694066786       -4.7251388111
        -1.4284833293        6.2275786507       -8.9842800876
        -9.8721591925       -2.2258697565        5.3616576616
        -2.6945342652      -12.4501719923       -4.3732387203
       -11.4191058294       -2.3073794888       -1.1884777689
         6.0797293989        3.9707396101       -9.0970899838
        -5.7661402015       -0.2537814820       -8.8147605585
         3.4411330209        1.9627282115      -10.9449261177
        -6.9095979146       -8.5235318584       -1.3835334363
        -0.6024457308        9.0354556748        0.3619385762
         5.3575638768       -7.2243688063       -7.4074599128
        -4.1224668568        1.1156151890        9.3283669810
        -3.5848361826        3.0015270606       -5.2437744841
        -4.3564787738       -6.5318491229       -6.8819296091
        -7.5434909270       -6.6219878160       -4.6794233601
         3.4401856978        2.1447235538       -7.2423067630
        -6.9283573642       10.1012471814        1.7012504624
         0.2039019071        5.8304573101        2.0306299787
        -2.4932768732        8.9652244342       -2.9531273119
        -5.1603120515       -9.6453573937       -4.6472196692
        -3.2823563046       11.2869230516        1.8684029761
        -0.3200759785        3.0800828420      -10.9372644189
         0.8997821385      -11.3707827652       -4.8355478622
        -4.7371635085        6.1309971434       -6.9802726385
         3.8500365716        9.2335543127       -4.3491253978
         1.8004914805      -12.1350241429        1.7670614515
        -0.5692765395       -7.5127280031        3.4043791545
        -4.0563844579      -10.9286011913       -1.1028467622
        -1.4036750918       12.2106496088       -1.3653695023
        -3.2883723602       12.1761142008       -4.6510598694
         2.3386378396        5.1883270089       -9.1548991884
        -6.9326037091        2.9039316074       -6.9149172505
        -2.4505797925        9.3082360669       -6.9101628918
        -1.0803674266       -6.3907630488       -8.9776911380
         1.2669726575        8.2786230884       -7.1339374207
         4.5262661078      -10.2666751933       -5.2053638768
         4.1155371276       10.8597070935        2.1487393088
         0.4115213871      -10.6852344817        5.0716590336
        -9.1853445916        7.0203109834        1.5987978428
         2.5970036107       -5.2180086237       -9.2256728167
       -12.0878712200       -0.4354007464       -4.4012759611
        -7.5201468512        8.1143469715       -1.6394357824
        -5.7809001226       -5.4792392300        0.2166128912
        -6.4574637898        4.8882026733        0.1138308402
        -5.6930079053        9.1607360363       -4.8284940252
         2.2659606989       12.1832087010        5.2778304496
         0.4723081336       12.2248504714        1.9493363496
        -3.6509946142        3.0100288359       -8.9979548194
         3.5044118140       -1.8725296674      -10.6625768238
        -8.9905841220       -0.3552411349       -6.6664233024
        -0.4656440491      -12.3173424377       -1.3059470272
         6.7631304272        2.8171838558       -1.9351956641
         3.2217236682      -11.3249412279       -1.7386812431
         3.0886571830        7.5902268283        0.6479553602
         8.7815966296        2.1935579408       -6.8755947636
        -5.4107465563       -9.3135392610        2.1427791779
        -5.6267183221       -0.2373007880       -5.1041899934
         2.2653127466       10.8528747650       -1.2060381130
        -1.8640946283      -10.8656082910        2.0300626969
        -7.3273625898       -4.2743248825        3.5672394145
        -3.4740691832       -3.3626687796       -8.9811699011
       -11.2724251772        1.5287185002       -1.1652771687
        -9.8522298822       -3.5246223286       -4.5819895973
        -1.9288387338       -9.4980822028       -6.7520961892
         1.7109798554       -8.3765563132       -7.1648004004
         5.6950849139       -6.9711024778       -3.7848899509
        -2.4922641365       -0.1488620608      -10.8846299407
         7.8618727057       -7.9040484335        0.9250021064
         8.7697466307       -1.6515559638       -6.4716139109
       -10.2749962452        3.4942195191        2.0674583183
        -7.3031135706       -4.4091797709        7.3130436781
         6.1982471988        0.1324400067       -8.8172583482
        -4.2089148527        1.0940431910        5.5892129656
         1.1407592969        7.5121106718       -2.6624774163
         8.6949036680        5.9925060823       -7.2653764323
         8.1328356265       -9.1585391590       -5.5440613446
         8.6001325336       -5.4748141262       -6.0368567764
        -5.0597334733       10.1053072508        5.0948548645
        -9.1326443233        5.5178190347        5.1850627180
       -10.1079165027       -6.0388220887        5.2665792420
        -3.8042271386       -6.0531280077        7.3559012348
