        -5.9248480255        0.3834936208        5.2793600362
         5.8876607881       -1.9170672563       -3.3496257660
        -4.1253276651       -6.8982215820        0.3145418203
         4.9974917113       -1.2936612102        2.0268118319
        -4.9781365534        4.9119302242       -7.4058858058
        -2.0177069283       10.5361194729       -5.1635494898
         1.2736893340        1.8834409228        7.7874630470
         3.5458684728       11.5851877034        2.8195849292
         0.8819408231       -6.0720035147        0.1997647704
         0.3171395012        7.7845227125        4.7573362102
         3.2829822769      -11.8449847875       -1.2155191441
        -7.4088603664        2.5672725070        7.8206448846
         7.6338509131        6.8554626944       -5.3268663427
         5.1349454604       -5.6281447539       -3.0816833948
         3.0870516727       -3.9940813445        6.1485714533
        -6.5769632614        1.5539273294       -3.4346017767
         2.0457009225        7.5624730721       -2.2274162435
        -4.8649315162        7.8612833324       -4.8980544518
         2.0717872291        5.5750906033       -5.2983717392
         4.0384006482        8.0916522928        3.9393460131
        -6.4915331295       -8.3690593493        2.6338048706
         4.7041835533        1.9952122698        6.1313281184
        -3.0119732673        0.8568246017       -2.7519584076
        -0.9612157282       -1.2169558340        3.9026870311
       -10.6053075251        3.7236401036        2.0067080675
        -3.5995499420       -9.1538894581        5.0816841904
        -7.5420427260       -1.7988910395       -1.5308479745
         8.3591552339        6.1961162587        1.3753205176
        -6.3362937091       -9.7134899958       -0.9876377075
         3.6136000398       -7.4050192267        7.3798608636
         0.5681017749       -5.3240762355        8.6744816290
         1.1088522841        5.9848611356       -8.9696363353
        -0.0334050626        2.7484388222        0.8890178951
       -11.1351434145       -0.9685988584       -2.1092110956
        -2.7130061199        7.0647870065        9.1476052096
        -1.2301011769       -7.6425686482        2.7279930467
         0.5223829141        0.6871238037       -1.9433270313
        -2.0157723221       -0.1794017412        0.5848288519
        -5.0663460557       -1.8327205552       -4.4687912248
         9.1469407824       -5.5514741005        4.0041431018
         6.7236842604        9.6021958947        1.8581775750
        -4.5034089424       -4.7034413389       -8.9356257757
         5.5795086257       -5.9504833000       -8.5927535944
         3.0827147914      -10.3298715583        4.9377128035
        -3.3117169909        1.9075777234        3.0861808072
         7.7609193075        5.3612768567       -8.7759601497
         8.5130236415       -2.1888506151        2.6534973936
         6.6694182283       -8.0169882615       -5.5194482475
         2.3553528714       10.4264653888        6.3181874582
        -0.5347583470       -7.7312409694       -4.6295139965
        -5.0838230262        9.7922292378        7.7855860389
         3.4847611165        4.5454681242        9.3880627066
        -2.8592079224       12.0734474813        0.8889746604
        -0.4291541362        0.9415684287       -5.4104208839
         1.8076075340       -6.8854347522       -9.2212387181
         9.6024375592       -2.4550749804        6.2380313024
         5.8534358883        1.6620171195        9.7143468960
        -6.0268545353       -3.9883451488        8.5408210657
         6.1275622181       -7.9838124050        4.5075205337
         7.1530129352       -1.8962371306        9.0826905167
         2.5055631917       -6.9523598651        3.8080430168
         4.7265477399       -1.3119497416       11.9207473257
        12.0378042248       -3.0416792381        3.4114738167
         1.9323561421       -3.6529843582        2.6120466600
        -5.4126808513       -7.8927747977       -6.8564594357
        -0.5324201524       -4.7844643078        5.1250542884
         6.0712479772       -1.5641677249        5.5532068986
         9.8407104534        2.6595789999        0.8525796144
         3.6291562922        2.2566128639        2.4727939052
       -12.5677034086        2.4138149787       -1.0609306768
         7.9004614542       -7.4965450708        1.0480096895
        -6.1766759927      -10.9673954039       -4.6360371097
         1.7251588875       -9.5080849858        1.3055250139
        -0.5046107950      -11.1628433175        3.7717162680
        -7.1207375692       -4.5524438732       -6.0576318990
        -6.9619394897        2.8679703500        2.5234050596
        -1.1189190385        4.6553575214        6.7647203715
         0.0558368932       -1.7522560979        7.4170085317
        -5.7787590955        9.5316356968        1.1583527329
        -4.6020378828       10.6754633517       -2.3028635291
        -1.3702622154       10.1213366184        7.1148819332
         7.6111137362       -0.1880190934       -0.3980177533
        -0.2552143326        4.2462153433       10.3053004151
        -4.4367193625       -1.7549981826        2.7380890484
        -1.1452393272        9.6592779213       -1.3951350031
         6.8606242562        4.6269497676        7.3706900566
        -4.9739324896       -0.2963830915        8.9034012633
        -5.9758415000       -5.1433269319       -2.5052272137
         9.3152690912        4.0933454568        4.4641758986
         2.9101549991        2.2679579895       -4.1332419458
        -3.4669151958       -2.5936552113        6.2458229202
         6.5520887480        1.8723981881       -3.4191721201
        -7.9833563287       -7.7558093390       -3.9795738197
       -10.1980253115       -3.4522919943        0.6559474718
        -1.6505594525       13.1671336782       -2.5229228527
         1.0236956614        7.3793624293        8.4101670108
         7.1468973051        1.5939469936       -8.7603778945
         0.9208151334      -10.0074463200       -7.1635074498
         3.5604481457       -3.1991151536       -0.6879997308
        10.5027135333       -4.7275664823        0.4158907810
        -2.4551866503       -3.1341548866        9.7780736167
         8.6832877567       -6.3967315623       -2.5764019496
         2.5978109381      -12.9743743786        2.3356450303
        -4.2011649936       -5.6047216380        3.9499379917
        -3.9337813800       -2.6260443566       -1.0379569395
        -8.4801241579       -1.1366134098        7.5380106298
        -2.3775686105        1.0818627962        6.5684235619
         2.6076104576        4.9805016804        5.8911686626
        -3.9595844734        7.1467803937       -1.2414760439
        -0.2275873081       11.3853336475        3.6443505329
        -8.6059540420       -6.8233579225       -0.2822306335
        -1.4070432887        1.2510246201       -8.9485389173
        -0.4382100755        3.9031305668       -2.9591276680
        -5.4545281161        0.7409678891        0.0338193893
         2.2387257493        1.4293792784       11.2530828394
         0.0076536913       -8.3192879977        6.2907208160
         0.3077952758      -11.2966173387       -3.5924517556
         9.5035204600       -2.6266981339       -2.7044297523
        -1.1766006093       -8.8922453298       -1.0409431127
        11.1725377992       -0.9243417237        0.3352310073
        -6.9216341260       -3.3206858426        4.9604635171
        -9.6161110985       -4.3827444133       -3.0992925599
        -3.8636353270        3.4051498265        9.1262066442
        -3.3738238816        7.4007604386        5.5084476989
        -8.4794283378        5.0023215881        5.0227317843
         0.9523812695       12.4033482579        0.1313908360
        -8.7037015281       -1.1508207466       -5.0987114024
         4.1616336578       10.4130636666       -0.8334947694
        -0.8341120276       -4.1837482625      -10.0468464746
         6.6852231906       -5.0235074054        6.8923232065
         4.3931693122       -6.7478301966        0.5169302460
         1.5622825326       -0.3742162027        1.4331226823
       -10.5224681553       -2.3875650427        4.4298784048
         2.5607506572       -0.6221064579        4.8880105930
        -5.0199659417        5.9583280360        2.2544002507
        -6.2859444866        6.2487672621        7.9492046831
         7.6188146779       -4.3053489052       -5.6822523023
         3.9375492417      -10.6942391590       -4.7888803435
         4.4156556304        4.1203807216      -10.0198998377
         5.3593113654        3.8396323134       -6.3939689697
         0.0890165790       -2.6581144898       -0.8407424131
         0.3752897268       -0.8837466406      -11.3555735408
        -1.3882344217        0.5620490162       10.1402111565
        -2.4438486162       -1.9385795179       -7.4044979721
        -7.9800759892       -0.8470381402        2.2151149573
         8.3866392086       -0.5135277713       -5.7752853778
        -0.5897847453        6.1897457839       -0.2130699475
        -4.0858530261       -8.1519892756       -3.3967501505
         1.2879696002       -1.2429042067       -7.7068669752
         1.2320662595        8.8974157568       -6.4645742989
        -4.0036066301        4.3613587843       -3.8224171214
         6.2348630058        3.3664731705        0.0908641507
        -0.3653923672      -12.3514302728        0.0668712004
        -6.1358450405       -1.3270103443       -8.0177850441
        -1.2392090419        7.1791947212       -4.0918089608
        -2.2842970166        4.6596933220      -10.1566008276
         4.5180873997        7.1768111569       -7.6926156409
         7.6714008528        7.5944648540        4.9944124661
        -3.4702515206       -1.4951894141      -10.8508677794
         1.4678195350        8.9216567477        1.2927375559
         4.5631221249        8.9894192716       -4.4108941699
        -3.9887112489       10.9370305872        4.3445615296
        -1.8303609160       -7.3910664334       -8.1217124326
        -8.4774627677        6.7773581464        1.5307503433
         9.0205614289        3.2894909040       -5.8006193294
         4.1633227677       -4.3679590700        9.7033073301
        -6.6522898508        4.4761082113       -0.9160473429
       -10.1328915637        5.2357303123       -1.5845786599
        -3.2902806541      -11.6694463330       -2.2814550974
         4.7075343761        7.6595328883        7.5093629169
       -10.1666358486        2.2620269690       -4.0477521557
        -1.3593459771       -2.2598479495       -4.0178951554
        -9.5145366087       -4.7941556307        7.1639926975
         1.4782935107       11.1228275379       -3.4657804184
        -3.0394054711       -6.2080224355        7.5092018520
         3.0563838912       -7.2054928893       -5.8087571446
         5.7182344814        4.8472390002        3.7194584552
        -7.5994000258        5.1027250245       -4.5358132576
        -2.2715092346        8.5890052388        2.0533564865
        -3.3712508853       -5.0802945053       -5.4694188311
         7.2703726560        8.2755591869       -1.7468259332
         3.9437420968       -3.6876681814       -6.3062123225
         1.0459243864        2.9002299838      -11.2693850193
        -2.2021407502        7.6469439175       -7.7034087544
         1.5556177819       -4.9431145811       -3.2860896359
        10.1390544535        1.1871918939       -2.7430136060
         1.1386699989       -2.2508214210       10.9309599260
        -1.6651356817        5.0805541361        3.1796426026
         3.7967129467        0.3248675691      -10.1230458807
        -8.9802204368        1.6320055279       -0.5458720268
         4.6782633069        0.0551240893       -6.4191238156
        -2.6581749965      -10.4905343452       -5.9429617234
        -7.4460269725        8.0026643509       -1.9900431623
         2.6846437617        3.9867145706       -0.9640160884
         7.1770788989        1.3658552763        3.2393428614
        -1.3196318333        4.2747906109       -6.5708270290
        -3.2601963871        3.6027030211       -0.2137019435
        -4.9986384936        1.8950682069       -9.8121603528
        -6.5156813218       -4.2835837091        1.2291997859
        -4.8066558597        4.0287448801        5.5201986539
         3.5846771976       -0.9259046924        8.4146734398
         4.7029928604        6.8226771001        0.4429454993
         8.3520670122        1.1293874880        6.8573842799
        -4.0357003712        1.3868748833       -6.2649769749
        -3.4736493128      -10.4837927382        1.4443577012
       -11.5450240501        0.0092913629        1.6691729061
         5.5598118660       -4.6318629797        3.2641136232
         5.1610180573        5.4515528193       -3.0791250366
        -2.2958997874        1.6630063362      -12.5246223407
        -9.1384020254       -5.8419019433        3.4585364891
        -6.6278572642       -7.0238744287        6.2364611856
        -1.9551049081       -5.4016220306       -2.1211122792
         8.7972273500        4.7746483977       -2.2415735839
         7.0077342318       -3.9946287289       -0.1982152581
        -7.6153354268        2.0874239691       -6.9596746230
         2.4117149958       -8.4065040908       -2.2817248975
         4.4900799835       -9.5212496109       -8.3422134335
        10.7382360435        0.5172873590        3.9271472783
        -6.7966481175        8.3252932997        4.6506347787
         3.0130775734       -3.4343130170      -10.0144518757
        -1.8884921643       -4.0920503625        1.6875340955
         4.0414432967        0.4959534143       -1.0773145559
         1.9835072105        2.5549592029       -7.7002250976
         6.0551283672       -9.1700076493       -1.9175162236
        -9.5945294937        1.3284147493        4.8220016717
         1.9628231527        5.4202323169        2.3913837115
         2.2740503572       -1.5202819554       -4.0313415311
         0.2614734002       -4.5794073742       -6.6139345466
         0.4232312904        2.2365980488        4.3370955899
         6.4332122860       -2.2017596752       -8.7120963768
         5.2739875144      -10.2688225687        1.6706411941
