        -4.2921138941       -1.4390166530       -7.0512055105
        -2.2759211388        8.0276512390        4.9418792883
        -0.8659651881        3.4066674748       11.7814608929
        -7.3644739002       -4.9880866450        4.9472401558
        -8.3101691362        1.1376674463        1.2476727702
         6.7963020315        0.9057881175       -2.0571695881
        -9.8207423733       -5.2584433401        1.7771415913
         6.8872678532        3.7049884803        0.5606012874
         4.1806232420        1.1653624102        0.5989736282
        -4.9022532195        8.1174706386        7.5287777800
         9.9187809749       -3.0481095981       -3.6015815798
         2.2443885780        3.6427606558        2.6125544146
         0.3169381276       -1.4214784103       -2.4536317051
         6.4496836295       -4.7643181461       -9.0869996879
        -3.2111555668       -0.5966357786       -3.6731926420
        -1.9900128453       -4.5532176757        5.4684365148
         3.3449801229        7.1801402619       -8.5579693589
         2.7130369285       -7.2276590466        2.3890668299
         7.7718402587       -1.5925657131      -10.7793334481
         1.3914355050       -1.2843683508        0.9219882132
         5.9423612409        9.8415009605       -3.1969552060
        -1.7501668857       -0.2217061648       11.3857976328
         6.0492454822       -5.8085684057        0.8441555499
        -7.6988733885       -0.3624373855       -8.1556882017
        -2.6380334206        8.5081562296       -7.2067820696
        -5.4911490781        1.2507503740        7.3246049341
        -1.4709155073       11.0494248293       -1.0843067816
         2.3884287451       -7.8130683019       -4.4177590702
        -6.5381631754        4.7530949936        8.6812003787
        -0.2343887699        4.9892691131        0.2359469668
         3.3152988296       -5.1624446499        9.4630055035
        -1.4298841494       -7.4194591520       -4.0096974968
         1.4850067916        0.2786005222      -11.1706889769
         6.8779835949        3.6508189558        7.2785927087
         8.6923681380        7.0335927755       -3.1985072301
        -6.9713641700       -4.1243432536       -7.5548803852
         5.2177009138      -11.7087768066       -2.0395203741
        -3.2238673417       11.3571147038        6.3459148121
        -0.3114533575        6.6258995318       -9.6218446986
         0.0870874172       -3.8679538704        8.3320305258
        -9.2387465646       -7.7985636802       -1.0874036254
         1.5555486242       -8.5989850155        8.4593441907
        -9.0550830026        5.1511757068       -4.6093416637
         6.1637463395       -8.4380364243        3.4941114002
         2.7908623918       -1.4325921129       -5.1792531061
         4.5435949374        5.8314360880        9.4000939956
        -2.3748536642       -8.4925016680       -7.4961779180
        -0.3240656609        7.7840242115       -2.3074364083
        -4.3792859367       -7.3425593305        5.2519492217
         8.6441107184        9.8236630829       -0.5766236119
        -3.8845395435        4.7023944137        6.2245792515
        -4.7132636245        9.4328626957        0.2009082560
        -0.9618971736       -6.5188153553        2.6225795575
         2.3916022811        7.7659747003        0.4172175773
         9.5770721398       -2.3498163777        6.0390058446
         0.7052391968        2.2947043502        5.8338876885
         7.4692638870       -0.0398976592        8.3115003111
         8.3141417409       -6.0046400467        5.4569705814
         3.9307728501       -8.1168254842       -1.1028954903
        -1.9060756082       -3.3347873265       -9.2342482334
        -1.3145986749        8.1842955170        1.3782711441
         6.4637516975       -3.7668193922        7.8154168177
         6.2314059586       -1.1905329580        5.0217113818
        -8.9425264986        3.1447202411        6.2994083461
         5.9337473370        4.2823228350       -8.5493203420
        -4.9061532385       -2.1623050254        5.1580633733
        -1.0691000266        0.2948630044       -8.3284608672
         3.3523445093        7.1824857405       -3.3000669487
         5.1151662872        1.1660819201      -10.4891788145
         0.3035869338      -10.0535728001        1.7898391480
        -8.5547026481       -5.9179832666       -4.5125847389
         8.9254546804       -2.3146601635       -7.2480076499
        -2.7218800159       -1.3564399488        7.9276638182
         0.9405385624       -0.2656429861        8.8108914904
         1.5499740418       -6.1847659948        5.8853035803
         0.2494272619       -6.3952408348       11.2364415432
         6.0497045155        7.1267567226       -5.9255916553
        -0.7128388792       -6.6884908982      -10.3382292933
         1.4376660265       -8.9495918373       -7.9367128253
        -0.7830282601       -2.3675751645       -5.8259053445
         4.9241334009       -4.8984545158        4.3692249870
         1.1085475627       -2.7549333767       11.6848096867
       -11.3559063148       -0.3960998696       -2.5937914249
        -1.2646221387        3.0372331912      -10.7867038244
        -7.2664309540        6.3756070232        5.1563381496
       -11.6449113636        2.2439168468        0.1679182508
         2.6786678669       -4.6326829698       -0.1084571074
         6.0510326268        7.1488423147       -0.5854798451
         1.2741985194       11.0111850835        1.5826805989
        -1.1857697101        8.9674657873        8.4100848259
        -3.5352975123        6.1626027490       -1.1561326862
         3.3322059957        4.4341128073       -6.0180231312
        -1.9629104041       -6.9821161175        8.2855100532
        -4.4825817151        6.3464021630        2.5180367285
         1.6999756759       -2.4409774628       -8.5778934887
        -5.1504244961       -6.8368729885       -3.5313839241
        -1.8804282161        2.2899408336        8.3689613068
         6.4627817123       -1.9760424584       -4.4836989218
       -11.1793228324        1.1030423050        3.7383161334
         5.6205166871        2.4982181228        3.9235626948
         1.3979418278       -3.7499670724        3.3699767672
        -2.0773194910       -2.1076034943        2.7276353400
        -3.3337004307       -6.6837178782       -0.4141045658
        -5.8799500102        6.8714401022       -5.9393587279
         4.3067785502       -1.4585604905       10.0330547052
        -9.9988272543        1.5416294766       -5.7010586162
        -6.9342198833        7.3673301977       -2.2434619579
         1.8421631206        3.2860487299        9.2274898427
         2.3957341565        3.8966828718      -10.0935827773
        -3.5032234248       -5.1064580968       -6.4125986879
        -6.8192804948       -7.5481385399        2.1066758551
         8.5869628761       -6.2093880782       -1.8905349137
        -6.6283378233        0.4418143494       -4.7058639995
        10.3054007033        2.6687865042        1.6019089742
        -4.0652154179      -10.1691287021       -4.5346986829
         3.9483427411       -1.6396712923       -1.7725609163
         3.3716860187        1.6771189152       -3.3655962694
        -2.4412501185       -4.1154448307       -3.0914271242
        -4.5473018461        2.3836750565       10.8469138577
         7.4738896160        8.6139353460        2.7909495571
         3.8742378142       -4.6715069686       -6.2893029843
        -0.4109124977        1.3008231900        2.4949201971
        -5.9245788324       -3.2239343969       -4.0329104198
         3.5622934996      -11.0107946959       -5.3538239362
         0.0113428921        1.2048360641       -4.8293765946
         6.2935956954       -8.6073555585       -3.8499260646
        -6.0841337218        3.1647437949        3.7526660414
         1.6218416680      -10.8557329943       -1.8034434208
        -4.8859899656       -4.5798007597        7.9574186351
        -5.3695990193       -1.2933835387       10.3566725423
        -3.3316844620        3.1165801190        1.1207859542
         2.7774176189       -9.7552508185        4.9669553074
         3.9779472263      -10.7508956686        1.4257505534
         4.9953629934       10.5103558990        0.4985597743
         7.3865605122       -2.7023384756       -0.8839609445
         3.9399374411        9.6124448928        4.0026858064
         2.0023862213        0.9076381907       12.1138499945
        -9.5230546201        4.3792526611        2.7006117660
        -2.4226590336       11.3664144377        2.6636180622
         5.0250025408       -7.9417527598       -7.3091212423
        -4.4392516239       -6.0099953986       -9.8432381002
         3.4017688743        4.7458236764        6.0289665107
        -3.7325206637        9.0603030422       -3.5452422177
        -4.4143643886       -4.8490009486        2.4975807159
        -0.2720017017      -10.6724523461       -5.0143500655
         0.2640955478       -5.6664796947       -6.8873707307
        -2.9249040637        1.2253153832        4.9151016735
        -7.8377264419        7.6229594897        1.5213688843
        -0.1948074056        3.8500060136       -7.2739078142
         0.5593365069       -3.4313175113      -11.9651128783
         9.4142831030       -6.8734798232        1.8927094888
         5.0007622998       -7.4047123749        7.0001326808
       -10.7484790192        0.0030026678        7.2868551125
         4.7928706861       -2.3522550314        1.8122327318
         3.4351472482        4.4913989583       -0.7342493261
         2.2599654781       10.5940919490       -2.1421229630
        -6.9087304097       -5.1616476033       -0.7821847277
         7.5837564059        0.1367855425        1.6731858496
       -10.2760675147       -2.6247072171        4.5760946519
        -4.5451239639        1.3880531794       -9.5681259571
        -7.7902181001        0.0457988080        4.7375436260
        10.7874817737       -3.7838788549        0.0835788704
         4.8513055059        6.1063763950        2.7604655578
         6.0786878773        7.2604077507        6.1379011119
        -8.1356901025        1.3059992070        9.6694507206
        -5.7476401321       -9.4589662583       -0.9420490581
         8.3856753414        1.2923403696       -8.4354167681
        -2.1184827906       -0.1118106983       -0.2720387078
         1.3010277563        7.1217053193        3.8756479853
         2.8687775293       -5.7979316684       -9.7572076398
        -3.4547211641        2.2070433105       -6.0609252906
        -6.8778627648        3.3142739149       -7.1631763105
         0.6613732963        7.2232558095       -6.0037235392
        -2.9161865437        5.7625561925        9.7292101627
        -6.6727268450        4.3701027136        0.1273329918
         7.2796156570       -9.2883530952       -0.0738624763
         9.5519461523        6.2844740011        0.5063012127
       -10.8894676761       -1.5533639764        0.9878040741
        -7.9580461581       -1.4684116716       -1.5157020737
        -7.7824762826       -9.5748413082       -4.0809165770
        -2.1301543698       -0.6190674732      -11.7700242291
         8.3306625756        5.0262382698        3.9309311064
         3.2239615154        9.8840315151       -5.8342800346
         9.0298693843        1.3573621097        5.0332572118
        -0.2412021524        5.6285746365        7.1117299704
        -5.6918170727        4.0189526802       -3.5686339073
        -2.5224774693        5.6882714246       -4.8288335528
        -2.5649889262       -3.8916619895       10.8258761843
        -7.3820016251       -2.6082319498        2.0327936356
         8.6290544156        4.1817899292       -5.8455985878
         0.8873034219        6.6003266724       10.5083323887
        -0.4505212259       10.5537711912       -4.7926226246
        -6.1060038731       -7.8110751217       -6.9528955848
        -2.3304294530        2.8624837822       -2.4422147253
         2.8980743946        0.0233200994        3.9142139100
         7.6093934492       -5.4790388041       -5.5721240267
         5.8869893008        1.5538691263       -5.8661900797
         2.4780843250        8.2178295128        7.3289134488
         6.0279994856        4.3838551128       -3.2803461315
        -1.3193033376        4.6378226667        3.7026104775
        -0.8640675354       -3.9942638436        0.0471006705
        -4.4668941095       -2.6667118120       -0.4711882947
        -8.8147048133        2.2843970528       -2.2594919949
         0.7862636673        4.5020747819       -3.4376863340
        -4.9308157486        0.0196343070        2.1883983770
        -5.5727108195        9.5857782048        3.9536098235
         0.3676743657       10.5547199913        5.2100875756
        -5.3035147131       -2.3071657212      -10.4742239654
         2.5880304765        1.2093558155       -7.6448984625
         0.3525048400       -7.4033456247       -0.8541998968
         4.1752037983       -2.5192708846      -11.3418552462
        -0.9040851463       -8.9777053254        5.2918317746
         5.3306532834       -1.4478494281       -7.9381597880
        10.9633677168       -0.9631139765        2.6901808835
         9.3685064762        0.5782638926       -4.7446459171
        10.2544681903       -0.1653934310       -1.0307316162
         3.1368720442       -2.6270734753        6.6327146584
       -10.4262740739       -4.1227666982       -1.8220986208
         4.0853715887        1.0913176705        7.1836623873
        -5.4389713606        1.1096976093       -1.2581943736
        -7.7666131826       -2.1748836187        7.6388744153
         9.5615975245        3.4594544971       -2.1362874682
         0.8838321196        1.8390563937       -0.8840195246
        -0.1102274707       -1.2314945000        5.4914004743
       -10.0187152671        5.5515719187       -0.9037388374
         5.0940904001       -5.0961483235       -2.8773957094
        -3.6351543061        5.0243816544       -8.4809191227
        -2.0482934719      -10.1715087690       -1.3618607205
         8.2066408414       -3.4566481428        2.7679444461
        -3.4004086992       -9.2904120388        2.1772680906
         1.2962722905       -4.6220164243       -3.4234128516
        -9.3145182358       -2.2194590840       -5.1479381455
         5.2269277106        2.2283387266       10.4831229732
