        -5.2069626399       -6.5808616875       -8.7299548994
         0.6039394221        5.1292662408       -2.3337039114
        -5.1971098904       -0.2765495467       10.8728512618
        -2.7552094981       -6.2782950080        9.6702900184
       -11.3612388397       -0.4555704227        3.2800393015
         6.0042061870        3.0628596874       -5.0099786159
        -8.6316984316       -7.9983074589       -3.1816866866
         9.0417694465        6.5704168517        2.3896969085
         6.2445851475        2.4194476754        8.2971736590
       -11.0198612399       -2.2410021552        6.5385276359
        10.2867691997       -1.6577173073       -3.5294737736
         5.8256063118        5.2924947402       -1.8933510305
         7.0753188900       -7.2571623647       -5.1467614308
         4.1600138594       -1.0257558546       -1.8220873075
        -0.5455043536       -3.9683436270       -0.8328426327
         1.5366275072       -4.3024588988        2.6156738613
         3.2594880109        5.7498179792       -4.7255430254
         3.2488006642      -10.4117468971        3.0331803710
         6.8100631244        1.6850612855       -1.3908390387
        -0.2780744557       -2.4381850251        5.1344936984
         2.9728772010        7.8646796021       -1.4897876687
        -3.2399429756       -0.0934144495        4.9245676520
        -5.0119706770       -9.3830980363       -3.1637379397
        -4.6288527154       -0.4444117653      -11.0051475827
        -7.3378507594        7.1702250952       -1.0751804007
        -3.5879906962        2.5390216585        1.5354301323
        -8.4272941813        6.5769095910        2.5976414136
        -2.9679378022       -0.0359050424       -3.8931829442
        -5.8237497035        5.9886348727        8.7654306537
         5.5336097421        7.4290770575        1.3121272907
         0.2187483720       -8.6308097076        9.7150529743
        -1.9768635270       -3.5272025689       -4.0044852292
        -2.9261081438        9.6084254398       -5.4544177817
         0.5780109982        6.1391786099        5.3447500538
         8.2858049766        8.0203829759       -1.1213456910
        -1.5329959765        1.6716270717      -11.7440784799
         3.1430550433       -6.5772968410       -5.7621559494
         1.5207543005        6.5843794519        9.0108363983
        11.7048534637       -4.5706841977        3.4868535129
        -0.9969197104       11.2622004038       -2.5313092237
        -0.1375569997        5.2568048207       -6.3285345078
         6.3743679974       -4.9634236178        7.2561928178
        -6.8813913403       -8.9950605837       -6.3762223811
        -0.4913515436       -9.9082507624        3.2984920470
        -6.4060346370        0.9643826710       -4.8939823757
         5.0890836617       -5.4297634792        3.5764271188
         1.7962772274       -3.7257713393       -4.2011070807
        -0.6597450791        9.1673110403        7.2797248204
         1.4571332491       -1.3868817073        0.7235493694
         2.5642692401        6.0421171239       -8.9200911778
        -2.8231747364       -9.7138198433        0.0529430297
         4.1875346564       10.4345874826        2.9808761534
         5.7957932988        0.5604298806       -7.7177304522
        -3.9093817757        5.9886221727       -0.0627697700
        -6.3831959687       -8.2781901667        0.1465265896
         3.1156660498        4.7108681886        0.4697123734
         8.6684787410        0.7971776400        5.7634847829
         1.8255314415        3.0639298512        3.4682184110
         3.0228689402       -3.8100365058        6.1563979386
         5.2294342501       -8.4181894598        5.6322937357
        11.0541104073       -3.1119319519       -0.0156214313
        -3.5357930774       -4.1271058721      -11.0893732631
         1.7924885193        7.6150760865        2.1938621307
         9.4472436650       -2.9804676281        6.0607783029
        -2.2247889799        6.8647905430       10.0069308737
        -9.3891421121        1.1359853418        6.3062815711
         8.3625264812        1.1497412933      -10.3741108983
        -2.0812589108       -0.2642360130       -0.4107855093
         0.9920634563       -4.1029490709       -7.8621816056
         2.8077534394       11.0442799510       -3.4077419374
         8.6221040926        3.5006672739       -7.4397880339
         0.9405731473      -10.1827631553       -0.2725805282
        -1.4121874803       -6.9004003975       -9.1879826638
         4.8724377456        0.1395029290      -11.3337391323
        -2.0306711292       -2.8468785799        2.1238307381
        -2.2395195849       -2.7601062422       11.0179518883
         4.8748945966       -2.4113944864        1.5908191551
         3.2648294029       -6.8635162438        8.4080933432
         7.7478793970        4.5501630203        5.3969974144
        -1.2202643205       -1.4842479002       -9.8028634063
         0.9347289361       -7.0465075147       -2.3227828928
         4.5776357574       -9.4362386531       -7.2642351627
         8.5412890230       -6.5246633641        4.5995733610
         0.7845657073       -5.1184877644       10.9461368186
       -11.2140066264       -0.5459508846       -3.2602031636
         8.5381247595        5.7893736230       -4.3019072642
        -7.9165694056        4.6342475661        5.9376089140
        -7.7722130522       -1.6683966966       -2.2318387412
        -0.3831419842        8.4124354293       -8.1245094030
         6.6726386183        8.2262894170        4.9726724911
        -5.0339618255        5.3325455346        3.4996259027
        -0.0828791298        4.2485637031       11.7016102145
        -6.4373150597        1.8690126855        3.9694263446
         5.4948688237        3.6239003715       -9.7027375177
         1.7958863996      -10.0856649201        6.6072921223
        -4.5070826732        2.9769432853        6.8605168872
        -0.6938089400        1.9340059830       -8.1289453218
        -7.9084058353       -4.2446354314        6.5997356661
        -2.4278174870        0.3046951683        8.5816777283
         7.9162199586       -8.6581531484       -1.5536469078
       -10.7844231043       -2.4379627347        0.0331754506
         0.5555652801       -2.1071706612        8.6388049013
         2.4670305567      -10.1503968046       -3.8729158148
        -7.2545209101       -3.4835988169        1.0397515552
        -7.2101792944       -6.4033280397        3.4144481113
        -9.1910715437        5.3901419392       -3.9799706295
         1.3789134690       -1.5788703200       12.1702435095
        -6.7558807885        4.2625570262       -6.7219399570
        -2.2325269086       10.8919463879        1.1420036277
         4.6678954416      -10.5792541785       -0.5632213778
         5.7645711990        8.5172166370       -3.9316483263
        -6.3023907949       -2.9176437016       -8.6050227151
        -5.4328784306        0.9352549622       -1.3111986880
         5.9079450811       -5.9389664673       -8.4488633303
        -8.8213607775        2.0898034098       -2.2427643029
        10.0092093609        2.8652071765        2.7552922508
         0.2491231723       -4.4524159169      -11.5043860131
         6.8084369083       -0.6382196669       -4.3888635502
        -0.7889042097        8.0319895996       -0.6306741590
        -4.9885476286       -0.8123114621        1.8694063847
        -1.6466303954        0.7553425047       12.2047156872
         9.3752840947        4.3646391103       -0.7772484177
        -2.4175022138        3.1074776353       -1.9213839038
        -1.8466650958        3.5840068892        4.5198112166
        -4.0976845337       -8.5951394895        3.4152856014
         5.5931480527       -4.1022475010       -3.5463917802
         2.8501653094        2.9299858600       -7.0627041345
        -2.8218438862       -3.8882182988       -7.5031123962
        -7.9485448445       -1.4889949986        4.2061695858
         3.0310679982       -4.3661676307       -0.8884607350
        -8.6372915269       -1.3034846721        9.2986393508
        -9.9047760191        3.0652060266        3.0073205730
        -8.4008819500        0.2756038184        0.9943255781
         1.7564089130       -7.1892121208        4.5901705258
         4.5555742243       -7.4870391987       -2.5058610705
         0.3810303856       10.4806642350        3.9080908626
         9.4091971096       -0.2335351114       -7.0060649245
         1.5731513192       10.8945648380        0.2545194513
         0.2518702612        0.9882177860        6.2435683761
        -0.9893677836        5.0886134906       -9.9983603386
        -4.3374284396        9.4985624941        8.3570260600
         3.1484761155       -0.1400986665       -5.1721835178
         0.7214626829       -9.4104908589       -7.0844591413
         5.2346350325        1.9085551984        4.7062419995
        -4.2086977612        9.3034473469       -1.8118660003
         2.6983626240       -0.6772498232        4.0282736334
         2.4388475012       -7.0203688588       -9.4906104218
        -5.4815406784       -2.6943243202       -4.9242899077
        -2.9743540363       -3.2173480441        7.3490073796
        -1.9755500077        7.5948642283        2.9911122633
         0.2805655909       11.5396664580       -6.1403843282
        -3.8320088457       -0.2362700872       -7.4250895934
         8.2955427662       -3.4808478483        2.5062661528
         3.1352477096       -7.4138487193        1.0245265216
        -0.5830819240       -6.9669232555        1.1708172142
         6.6022908451       -8.6257724770        2.0626030089
         4.0578379083        1.2319904086        1.0993683464
         0.4131733078        8.3030033585       -4.2922184464
        -4.1687783933       -5.6040163438        1.2104658640
         7.4832278527        0.2161991954        2.1398019435
        -4.9452217893       -3.5631662022        4.3325481592
        -4.1869910142        3.0238731975       -9.3282911902
        -7.2581820283        2.3669460673        9.1255049937
         6.1166367203      -10.7303662122       -4.0813901056
         0.5628902014       -0.8452308642       -2.6666025212
         6.5720852586        3.8799929907        1.7488508174
         3.6535409998       -0.2358624902        7.5145243538
        -1.2562368804       -9.7810416561       -3.5084238054
         7.1877940068       -2.3800877842       -9.4489893227
        -5.7903443761        4.2622797089       -2.9881505933
         5.2278060254        6.1240830156        7.8743621868
         3.7250179670       -3.4731460064      -10.5329734019
        -0.3155404062       -1.1566559710       -6.2116624653
        -6.0797702567        7.5300303723       -4.7244384532
        -0.6204071354        4.7792799927        1.2983036643
        -3.7698102552        3.3546484280       10.5554208249
       -11.7856396413        1.3646915954        0.0232743167
         6.4201869461       -5.5154949222       -0.0017453867
        10.9033580946       -0.8603325166        3.1218992602
       -10.2528514195       -4.1956152223        3.3619918571
       -10.3681689674        4.9265693886       -0.3281213802
       -10.0449428909       -4.3211235548       -3.2191146580
         1.3659875905       -0.8541295633      -12.3446108267
         7.9344451145       10.1929602986        2.0236240550
         3.1577701477        8.9972524479       -6.6618047331
         4.5586524267        0.2586988775       11.0403265472
         3.6602347457        3.9559373437       10.6780600043
        -3.3132863649        3.1743306777       -5.6690829673
         0.7586168454        2.0069089719       -0.3801623941
        -5.7213124301       -3.8164948685        9.5900196467
        -9.5072910001       -6.1449362371        0.1031146235
         5.3702270695       10.5903833669       -0.6904617101
       -12.2222409823        3.2019439427       -3.2275759365
        -0.9857867959        3.9267534726        8.1162477146
        -5.3891479132        8.8202590037        1.8657619711
        -7.2568103929        0.8201224488       -8.4907913043
        -5.8993987332       -0.7145456179        7.1434351960
        -0.0056944991       -5.5813672634        7.3827408269
         9.8008267398       -6.6154742678        0.9713696351
         3.3774719937        2.5144779137       -2.6799396088
         1.1634524077        1.3339541797        9.8313327618
         4.4902031573       -3.0215989436       -6.8520571577
        -0.6445558857        0.6291857572        2.7075258754
        -3.1141911288       -9.2490687735       -6.7289746387
        -4.4722386356       -6.2649032657       -5.1387286565
        -6.9657912626        3.7711406375        0.6377778438
        -2.7028125365        6.3560771088       -3.6878463896
        10.2881784729        0.6347953915       -0.4033073388
        -6.4267010044        8.1236541140        5.5114560941
        -3.3827944017       10.3598124094        4.8142297706
        -8.8938665130       -1.7018533580       -5.9936037839
         1.9761124457        2.6665043643      -10.7632128753
         9.1040470374       -5.1835248094       -2.6060527442
         2.2791925860       -0.5050789129       -8.7644085816
        -1.8366204721       -8.7346828185        6.5957520679
         5.9583526387        6.2900343428       -7.0849256563
         6.0660750982       -1.8637383974        5.0643448737
         9.5128645882        2.0889384803       -3.9322669521
         7.6181996820       -2.0452156387       -0.9647174439
         3.0162241560        8.7209550179        6.1235536893
        -6.4990799073       -5.3574150385       -2.2134922433
         7.0550485725       -1.3538788352        8.5918992379
        -2.8081585047       -6.6403017264       -1.9620510279
        -3.0936383355        6.5880570337        6.3636081749
         4.2445255095        5.6080916159        4.2704197700
        -4.2412698496       -2.8526162825       -1.2603063643
        -1.8930431599       -5.7966227913        4.3179483303
        -7.8967587501       -5.3901479177       -6.0869070583
         8.2481578362       -3.7570473305       -6.1037762409
        -3.6069536334        6.4045651236       -7.4721285115
        -0.7030142969       -6.5110447004       -5.5061787291
         3.9486636470       -3.3090894804        9.7845402374
        -4.8951817079       -6.4923893435        6.5910655862
         0.1607469328        2.1907272862       -4.4635977074
        -9.8047686687        2.0346426613       -5.8816132052
         2.7535687746        3.5150454900        7.0967419580
