        -5.3050454091       -6.9213706221       -8.3312236910
         0.3496776875        5.1107832343       -2.3840829203
        -4.7688078755       -0.2412408979       11.1281668669
        -2.1662840153       -6.1795678184        9.9344737940
       -11.1958439210       -0.7662996806        3.7727904220
         5.7247907981        3.1851314303       -5.2118433474
        -8.4651251522       -8.3393388085       -2.6428577405
         8.9016987521        6.9211782426        2.0015316159
         6.4674384664        2.7883419767        8.0748934832
       -10.6734538007       -2.4771179417        7.0479828695
        10.2186790821       -1.3717216600       -3.8199402780
         5.5788861827        5.4611343220       -2.1335926737
         7.1255903014       -7.0945578453       -5.2408645789
         4.1383109349       -0.9058520544       -1.8977026205
        -0.4298755339       -3.9814242553       -0.6920401987
         1.7899983074       -4.1872057460        2.6841439160
         2.8965787236        5.7790056484       -4.8786571330
         3.7189111530      -10.2250713767        3.1335129347
         6.7053420476        1.8967734743       -1.6094584178
         0.0029668190       -2.3453344418        5.2403597706
         2.6528478748        7.9400128287       -1.6729522075
        -3.0442070094       -0.1064258645        5.1041749760
        -4.7937278584       -9.5869725347       -2.7435446704
        -5.0176701635       -0.8072148417      -10.7813209233
        -7.6019851430        6.9010097389       -0.8721846520
        -3.6031010451        2.4502175281        1.6737794931
        -8.5352747644        6.3419649205        2.8500380320
        -3.0898294508       -0.1997721769       -3.7316884802
        -5.6913292915        5.9574685972        8.9325116190
         5.3280063031        7.6430488644        1.0400296391
         0.8858791999       -8.4309292308        9.9019349323
        -1.9853837575       -3.6522658345       -3.8171311263
        -3.4411543184        9.4060770753       -5.4528407525
         0.5677434671        6.2551836602        5.2705892588
         7.9711199403        8.2827225212       -1.5006987037
        -2.0037321175        1.4066322054      -11.6858689425
         3.1536272741       -6.5591288156       -5.7297683814
         1.6310407107        6.8038820158        8.8904997295
        11.9808688056       -4.1114413768        3.1803655084
        -1.4671414320       11.1804833120       -2.6291501650
        -0.5342404910        5.1408847114       -6.3564327142
         6.8139325859       -4.6069710837        7.1510015241
        -6.7971021399       -9.3407684042       -5.8784733322
        -0.0212690681       -9.8395377421        3.5353404122
        -6.5969794916        0.6614177638       -4.6146654163
         5.4103824003       -5.1841852155        3.5317535899
         1.7777776864       -3.7269952518       -4.1606245599
        -0.7008440059        9.2774089754        7.1946783969
         1.5399998201       -1.3103958505        0.7478929192
         2.0454859755        5.9743120122       -9.0533253977
        -2.4773535305       -9.7833598812        0.3843142982
         3.9401226956       10.6331473956        2.7033329441
         5.5213654247        0.6329529533       -7.8671497886
        -4.1006415067        5.8564237525        0.0320595299
        -6.0825215455       -8.4767652411        0.5963749819
         2.9740719412        4.8303291698        0.3345820856
         8.8506116357        1.1997823059        5.4805864130
         1.8501739067        3.1907037030        3.4043661830
         3.3865568918       -3.5842322477        6.1598028237
         5.7288803433       -8.1296063402        5.6293940589
        11.1560596592       -2.7377911204       -0.3169756285
        -3.8445002534       -4.4932452361      -10.8058841392
         1.6166812660        7.7204391964        2.0554066302
         9.7685509520       -2.5460646374        5.8094092368
        -2.0821411736        6.9771431955       10.0198493027
        -9.1671201798        0.9449640165        6.6933731550
         7.9802721357        1.2589724311      -10.6239693063
        -2.0735250449       -0.3392149783       -0.2793126918
         0.8484497501       -4.1999839251       -7.7947992779
         2.3089467204       11.0761542179       -3.6379721543
         8.2415980311        3.6655943909       -7.7408961591
         1.2819910817      -10.1273907121       -0.0886762734
        -1.5061275594       -7.0901818935       -8.9730186086
         4.5034396943        0.1246189873      -11.4364303668
        -1.8415888697       -2.8685428986        2.3028538684
        -1.7228900266       -2.6214854584       11.2023375189
         5.0177941187       -2.2105880470        1.5059203233
         3.8176501332       -6.5872079004        8.4503687384
         7.7881562269        4.9138396180        5.0865984217
        -1.4972939524       -1.6894260249       -9.6743378651
         1.0921863959       -7.0318873184       -2.1928574568
         4.6280541954       -9.3940420674       -7.2370378591
         8.9320774425       -6.1486482847        4.4429768013
         1.3756739536       -4.8794572253       11.0525232327
       -11.2959899127       -0.9784200857       -2.7664098153
         8.1878597357        6.0055325308       -4.6462332024
        -7.8335379065        4.4814337626        6.2057033011
        -7.7810430612       -1.9680304063       -1.8522380247
        -0.9553764717        8.2519182407       -8.1933942879
         6.5696509178        8.5425677096        4.6389871367
        -5.0715123712        5.2300313546        3.6445996592
         0.2106346208        4.4676159319       11.6794567467
        -6.3321291849        1.7325179126        4.2299890304
         5.0377001315        3.6453316474       -9.8958257735
         2.3920494664       -9.8871870093        6.7581732221
        -4.3437974975        2.9551816007        7.0348936865
        -1.0381052860        1.7742485513       -8.0836825631
        -7.4943718959       -4.3722505146        7.0272902910
        -2.1094110602        0.3887963880        8.7225753566
         8.1439996302       -8.4049229332       -1.6561127860
       -10.6769815858       -2.7896922031        0.5434189400
         0.9559095870       -1.9201983182        8.7050090121
         2.6654200432      -10.1101441520       -3.7518702187
        -7.0770059580       -3.6986383754        1.4308115851
        -6.8456188899       -6.5670347324        3.8575580051
        -9.4970428344        5.0044889072       -3.6734023308
         1.8914595507       -1.2995550325       12.1934736413
        -7.1247912585        3.9095618612       -6.4874565128
        -2.5550293627       10.8376247605        1.0922521821
         5.0038813766      -10.4086935526       -0.5149536037
         5.3330130689        8.6429874426       -4.2238194004
        -6.5172137353       -3.2835359714       -8.2422785643
        -5.4946636761        0.7278059836       -1.0721870498
         5.7931954208       -5.8776465662       -8.5200217815
        -8.9528290608        1.7517498643       -1.8920502635
        10.0074297613        3.2547978261        2.3923678031
        -0.0578927492       -4.6035865009      -11.4421507825
         6.6815586953       -0.4806127544       -4.5638492311
        -1.0777309605        7.9955274745       -0.6807461128
        -4.8717648768       -0.9386700878        2.1227996498
        -1.2087992643        0.9336296676       12.3051451403
         9.1978604521        4.6699339151       -1.1357528570
        -2.5809475281        2.9918171621       -1.8326008418
        -1.7982614419        3.6054428836        4.5807697826
        -3.6650739253       -8.6555279147        3.7756840103
         5.6034525948       -3.9619859178       -3.6323447865
         2.5098127484        2.9088695127       -7.1548904184
        -2.9578910151       -4.1055232898       -7.2708162035
        -7.7169101872       -1.6679275613        4.5850146731
         3.1498331165       -4.2622352940       -0.8795619036
        -8.2272713680       -1.4119993732        9.7038237863
        -9.8715337946        2.7927498521        3.3798646673
        -8.3496524976        0.0175239649        1.3605160624
         2.1811518910       -7.0283719611        4.6973053875
         4.7135203358       -7.3580370763       -2.5056663378
         0.1696977351       10.5694263000        3.7675909079
         9.1762313670       -0.0384404563       -7.2798445473
         1.2135941596       10.9535413287        0.0673167693
         0.4537844591        1.1172847344        6.2698562551
        -1.5133057059        4.8755913175       -9.9917467012
        -4.3442956695        9.5063070963        8.4036469386
         2.9834398646       -0.1138982914       -5.2224572873
         0.7853195746       -9.4911693809       -6.9140561897
         5.3440480390        2.1769075782        4.5337465845
        -4.5789228466        9.1252837261       -1.7611780168
         2.8738346888       -0.5040414077        3.9936526697
         2.3228338135       -7.0870055087       -9.4331000766
        -5.5523967266       -2.9592517538       -4.6108121153
        -2.5787309332       -3.1714093653        7.5720772639
        -2.1160803380        7.5870130983        2.9898813721
        -0.3304177785       11.4343983214       -6.2857463660
        -4.0813511240       -0.4974614749       -7.2255275735
         8.5032204523       -3.1521710620        2.3105323713
         3.4307765491       -7.2686169981        1.0804225604
        -0.2888987508       -6.9417229595        1.3627984822
         6.9708198604       -8.3534814277        2.0107157084
         4.0595033036        1.3982091586        0.9862495383
        -0.0200362519        8.2388899343       -4.3886589480
        -3.9194686997       -5.7107668418        1.5220924752
         7.5527978927        0.5122144514        1.9141317513
        -4.6432419976       -3.6380272481        4.6352985661
        -4.6089793528        2.7087163301       -9.1695801461
        -6.9849848803        2.2985520471        9.4144858564
         6.3205094087      -10.5753144717       -4.0853773612
         0.5107183309       -0.8624689220       -2.6189048542
         6.5037811123        4.1388711248        1.4976092560
         3.9424017117        0.0332631064        7.4334735485
        -1.0476945102       -9.8599482625       -3.2410184250
         6.9263883783       -2.2961313299       -9.6109344843
        -6.0261161049        4.0104275713       -2.7916560178
         5.3069351993        6.4482986224        7.6271409964
         3.4527859168       -3.5263758314      -10.5579371482
        -0.4824378701       -1.2677884668       -6.1262612934
        -6.4912707977        7.2339209149       -4.5724337071
        -0.7282584533        4.7874703373        1.2985534604
        -3.4820742279        3.4285784623       10.6923102372
       -11.8039454187        0.9754030679        0.5007043405
         6.6043062294       -5.2882274773       -0.0977291944
        11.0405559871       -0.4347350191        2.7857911313
        -9.9603972590       -4.4638779137        3.8810467149
       -10.5235774386        4.5728503366        0.0290362058
       -10.0037983169       -4.7116048742       -2.6974374870
         1.0366160895       -0.9870983331      -12.3303645765
         7.6567888083       10.4985999633        1.6154144204
         2.6138651854        8.9841922212       -6.8654049266
         4.9606177059        0.6229222188       10.9135681711
         3.9212332918        4.2812708589       10.5241895919
        -3.6099949466        2.9595724901       -5.5487714887
         0.6805805174        2.0334027902       -0.3842403303
        -5.2166014990       -3.8200551183        9.9277733275
        -9.2757370512       -6.4496895729        0.6342921762
         4.9833325906       10.7594839620       -1.0091667046
       -12.4235152326        2.7329355720       -2.7661975571
        -0.8138980726        4.0466840385        8.1367365895
        -5.6068253033        8.6720539786        1.9660302504
        -7.5763360058        0.4225145998       -8.1715177369
        -5.5944269916       -0.7723065491        7.4357886567
         0.4685988008       -5.4339799063        7.5298862225
        10.0533912789       -6.2610157337        0.7685525575
         3.1991288355        2.5894168074       -2.7830965682
        -2.4152226128       -2.0668448993      -13.2735442725
         1.4873834060        1.5613049461        9.8153138822
         4.3457164610       -2.9805117493       -6.9142211446
        -0.5624807717        0.6606404752        2.7745206392
        -3.0353374500       -9.4552193225       -6.3980145839
        -4.4295437013       -6.4939253570       -4.7938668410
        -7.0509398009        3.5499408363        0.8844172305
        -3.0413760113        6.1955097785       -3.6417937641
        10.2505386971        0.9766654125       -0.7353603888
        -6.4857843657        8.0091445426        5.6607257931
        -3.5518811773       10.3359649781        4.8134540372
        -9.0390239100       -2.1060743659       -5.5612575541
         1.5120092637        2.5590357904      -10.8156137020
         9.1795304042       -4.9152105535       -2.8041247774
         2.0089693842       -0.5624900791       -8.7717297554
        -1.2808855837       -8.6609354362        6.8663569971
         5.4922094131        6.3679463612       -7.3402714621
         6.3171661605       -1.5584011081        4.9217672835
         9.3028458344        2.3428670098       -4.2525691404
         7.6555916705       -1.8001168096       -1.1535262080
         2.9420958806        8.9336103864        5.9118151322
        -6.3860640024       -5.6095830907       -1.8135390927
         7.4178925365       -0.9512397104        8.4003349361
        -2.6386113291       -6.7486535829       -1.6816483029
        -3.0766393000        6.6010753913        6.4168973312
         4.2094247909        5.8299449694        4.0720271367
        -4.1755223866       -3.0137288227       -0.9995603296
        -1.5212915948       -5.7705567852        4.5411988837
        -7.9208776271       -5.7624974767       -5.6166623786
         8.1522270335       -3.5785779282       -6.2889570727
        -4.0815141039        6.1437197679       -7.3919186493
        -0.6746558317       -6.6160695458       -5.3254619684
         4.4288870795       -2.9868399895        9.7413966711
        -4.4104514266       -6.5205724720        6.9426070978
        -0.0618868873        2.1229942461       -4.4529243588
       -10.0661340561        1.5979533316       -5.4886738218
         2.8981678083        3.7421736462        6.9873786656
