        -5.8390896891       -7.0448314704       -7.9393957099
         0.0721072588        5.0933380859       -2.4830019207
        -6.2648181679        2.2085466898        9.8723100049
        -1.2942369734       -6.1907941169       10.0169697464
       -10.0463574396       -2.6347451021        7.8124382482
         5.2395958029        3.2575895560       -5.7132672071
        -8.5024892873       -8.4854913630       -2.0194603119
         8.8962686829        7.0604807633        1.2455155682
         7.0055845517        2.9084960039        7.5045521540
        -7.4192515341       -1.5152939651       10.2678154413
         9.8880890673       -1.2220983525       -4.6467861952
         5.2930212675        5.5361694426       -2.6327423466
         6.7859665054       -6.9948797754       -5.8243361884
         3.9673427359       -0.8538499778       -2.2489508362
        -0.4447868874       -4.0198789814       -0.6901398188
         2.0386679899       -4.1765886093        2.5003719366
         2.4061900311        5.8052642059       -5.1687333137
         4.1132248999      -10.1847289992        2.7810921985
         6.5050098238        1.9946527405       -2.1749917205
         0.4368181682       -2.3173938300        5.1722757194
         2.3724657109        7.9642816794       -1.9501096559
        -2.6401318006       -0.1263796602        5.2735093758
         3.4337389137        2.2001636700       13.0866523758
        -4.8443175216       -9.7083856023       -2.4134725695
        -5.8431317847       -0.9326355425      -10.4114579367
        -7.7811002785        6.7688097426       -0.3472766417
        -3.5229178898        2.4031661944        1.8903587968
        -8.4176040455        6.2085213681        3.4384856304
        -3.3853868525       -0.2807109825       -3.5317070349
        -5.0873046738        5.8902685015        9.2770035099
         5.2524909133        7.7197906451        0.5533783131
         1.7680463150       -8.4214949788        9.7333439794
        -2.2383638690       -3.7240712721       -3.6917015844
        -4.0225918613        9.3233940067       -5.2447035179
         0.8592074946        6.2967304483        5.1448305141
         7.6811397043        8.3980960401       -2.1820362463
        -2.9427311884        1.3249200061      -11.5472074418
         2.7889179769       -6.5453419724       -6.0098949642
         2.1935174368        6.8709336408        8.6691822058
        12.2364355718       -3.9170897653        2.1925007161
        -0.5057670226        8.2125805915       -4.4525005163
        -1.1281080802        5.0862439728       -6.3501164972
         7.4064703047       -4.4975064693        6.5440041126
        -7.0974635302       -9.4830970407       -5.3776880689
         0.4101269440       -9.8782105375        3.4702548422
        -6.9621614171        0.5295378980       -4.1420303451
         5.7329077703       -5.1102787631        3.0559967906
         1.4870332745       -3.7410506129       -4.3322377700
        -0.3109327670        9.3006434382        7.1567908932
         1.5874364420       -1.3025527792        0.5926429039
         1.2288699656        5.9599038878       -9.2304988580
        -2.2844109786       -9.8665539205        0.5207885386
         3.9477698791       10.6888560058        2.3143770121
         4.8620077904        0.6753000567       -8.3188389048
        -4.2015958228        5.7854742641        0.2806256627
        -5.8664393126       -8.5687696192        1.0101630115
         2.9028371800        4.8639763971        0.0284022444
         9.2054096972        1.3496605454        4.7311621240
         2.0472766091        3.2459188395        3.1923730540
         3.8961132719       -3.5207105068        5.8208085530
         6.2722019629       -8.0514625202        5.1138160888
        11.1177802848       -2.5635399076       -1.2285398851
        -4.6149724060       -4.5999589529      -10.5221574152
         1.6315334077        7.7347651154        1.8434663149
        11.2037185252       -0.2578912615        1.8734673727
        -1.4540827886        7.0014786335       10.0629762201
        -8.6421741470        0.8160112055        7.3393198416
         7.0902655098        1.3448057979      -11.2603520137
        -2.0983584204       -0.3624223282       -0.1672752285
         0.2903642680       -4.2291622653       -7.8874472709
         1.8251876321       11.0908469804       -3.8842776767
         7.5510477605        3.7715367982       -8.4197454764
         1.4309195150      -10.1335616150       -0.2421376867
        -2.0995871941       -7.1554072661       -8.8779973476
         3.5807936338        0.1516587866      -11.7992917015
        -1.6208012632       -2.8711080078        2.3904792922
        -0.8065794985       -2.6139452657       11.2544857102
         5.1291932014       -2.1428104523        1.0740232372
         4.5484791897       -6.5296458730        8.0592498717
         8.0607000629        5.0485036989        4.4166304174
        -2.2346555623       -1.7601862783       -9.5779498461
         1.0113798271       -7.0401412189       -2.3135421014
         4.1910898933       -9.3534668632       -7.6282858674
         9.3346425790       -6.0090622736        3.6855707248
         2.2932672783       -4.8721980816       10.8416521831
        -9.4250539266       -2.2798749728       -4.8933551513
         7.6961625572        6.1185149414       -5.3326547795
        -7.4165402364        4.3720678304        6.7372053605
        -5.5883751379        0.6377640730       -0.6965534928
        -1.7330872277        8.1905049089       -8.1569134050
         6.7595149899        8.6605859523        4.0533995347
        -4.8851073891        5.1600390583        3.9628446898
         0.9838681414        4.5763213463       11.5605976243
        -6.0249976498        1.6451468913        4.6592087431
         4.1796813244        3.6801437970      -10.2971676682
         3.0644788873       -9.8718703677        6.4955894080
        -3.8351799559        2.9113908782        7.2895283102
        -1.7108834887        1.7106741638       -8.0299185638
        -6.8466220732       -4.4756491130        7.5425333267
        -1.4333006921        0.3839339189        8.8218790086
         8.1099255331       -8.2812664330       -2.3339985940
       -10.5638377557       -2.9685127953        1.3251835434
         1.6545339748       -1.8857517583        8.5479394985
         2.5207778448      -10.0883460544       -3.9996607210
        -6.8902943468       -3.8012228222        1.9309694333
        -6.4103298524       -6.6659709759        4.3260173614
        -9.8538136697        4.8304118968       -2.9871411728
         2.8512254216       -1.3248502172       11.9653636147
        -7.6887928504        3.7638528820       -5.9747506576
        -2.6541092342       10.7860392606        1.2022572384
         5.1113260225      -10.3439021279       -0.9541431658
         4.8382451850        8.7106888781       -4.6976241951
        -7.1018876860       -3.4262158535       -7.7630431875
        -7.8812926980       -2.0998580664       -1.2935010339
         5.1942361275       -5.8235802850       -9.0009226181
        -9.1167433497        1.5947273231       -1.2459699224
        10.0854141411        3.4132804025        1.5586476819
        -0.8881258738       -4.6513410179      -11.4544083052
         6.2901637257       -0.3900155006       -5.1082633254
         1.0214282320       10.9583541405       -0.1064402059
        -4.6884326969       -1.0016176757        2.4486057874
        -0.2079406911        0.9668846740       12.3498734798
         8.9841867800        4.8069458404       -1.9009167105
        -2.7778495297        2.9410048064       -1.6905210446
        -1.5113930406        3.6106826271        4.6342516243
        -3.2115786888       -8.7022663096        3.9805889023
         5.3404968115       -3.8855163329       -4.0970510355
         1.8791362872        2.8992147996       -7.3734454172
        -3.4650996244       -4.1936408540       -7.0636104423
        -7.3129665696       -1.7752606174        5.1294795994
         3.1133149484       -4.2276337046       -1.1606127145
       -10.8603546974       -0.9441375017        4.5847400238
        -9.6384691422        2.6369728248        4.0828777259
        -8.2299969976       -0.1168014102        1.9550803497
         2.6371800536       -7.0148647139        4.4652287585
         4.6027239961       -7.2970820396       -2.9074394767
         0.2745967142       10.5626736111        3.6618218652
         8.8851018874        2.4748756769       -5.0127838819
        -1.8631145802       11.1362462604       -2.5898342204
         0.9048496727        1.1584033114        6.1593208812
        -2.3760257539        4.8028308310       -9.8990790451
        -3.8726198319        9.4786648949        8.6276738399
         2.5494737628       -0.1156872043       -5.4830678973
         0.3854960452       -9.5142198308       -7.0047181490
         5.6243607438        2.2756184068        4.0600062829
        -4.8700116040        9.0385554619       -1.4764400569
         3.1661363231       -0.4410958181        3.7121769359
         1.6824712039       -7.0911056269       -9.6378281689
        -5.8631821290       -3.0787885653       -4.2178285945
        -1.9343742196       -3.1865814592        7.7019535829
        -2.0179936278        7.5468951468        3.0553603672
        -1.0166118656       11.3976748906       -6.3224448085
        -4.6399506400       -0.6011014077       -6.9386671374
         8.6835799647       -3.0209140878        1.5985583672
         3.6044648708       -7.2315757795        0.7653793944
        -0.0869232428       -6.9807221237        1.3394805649
         7.2287725624       -8.2498445497        1.4118047700
         4.0807875749        1.4532669055        0.6214277975
        -1.2723259182        7.9624317183       -0.6793175896
        -3.7005225484       -5.7522962459        1.7703080501
         7.6446495926        0.6284247526        1.2766277432
        -4.2125822573       -3.6894360669        4.9350524437
        -5.3676505484        2.5927251619       -8.8402494783
        -3.8737263978       -0.2824275004       11.4291522212
         6.1461746877      -10.4890851361       -4.6149409958
         0.2990939643       -0.9004683902       -2.6907734664
         6.5114824370        4.2376236377        0.9361964209
         4.4915386828        0.1123280330        7.0596062338
        -0.9986241282       -6.6646846608       -5.3038427558
         6.1790328426       -2.2258531856      -10.1721823064
        -6.3077103019        3.8994852963       -2.3770534012
         5.7665075052        6.5560971454        7.1405980222
         2.6624296960       -3.5149092797      -10.8461896471
        -0.9563713841       -1.3207663681       -6.1160767206
        -6.9625097513        7.1062597555       -4.1238642157
        -0.7135413033        4.7641609725        1.2654861591
        -2.6963914436        3.3954731449       10.8731291623
       -11.7567459418        0.7753412111        1.3650611030
         6.6386697264       -5.1917660086       -0.6545124990
         8.0430876682       -0.8216676809        7.7497843008
        -9.5500286310       -4.6166612258        4.5996602712
       -10.5844132374        4.3936592959        0.7860697574
       -10.1116225724       -4.8880531068       -1.9571494340
         0.0744753917       -1.0189431753      -12.4228653252
         7.5699969839       10.6166200621        0.9446648561
         1.9200363181        9.0034092124       -7.1254037773
         5.7756529006        0.7106810216       10.4661592286
         4.6436035157        4.3775754923       10.1635819019
        -4.0981418170        2.8678728488       -5.3073943925
         0.6149013267        2.0244875661       -0.5092002282
        -4.3653114512       -3.8716247563       10.2599331044
        -9.0861529266       -6.6004380359        1.3098242835
         4.6981924272       10.8248042179       -1.4670176684
       -12.6611592912        2.5105416975       -1.8487923386
        -0.2687675417        4.0818437544        8.0986214749
        -5.6016672545        8.5813167692        2.3197320725
        -8.2110641851        0.2635805797       -7.6118174530
        -4.9817606208       -0.8382973606        7.8032548447
         1.1256713564       -5.4090390781        7.4059425632
        10.1642338190       -6.1022606816       -0.0638904387
         2.9209751261        2.6199080229       -3.1010725104
        -3.4217107224       -2.1568218646      -13.0962964473
         2.1929280935        1.6249389283        9.6125519552
         3.8237647297       -2.9548782640       -7.2824941457
        -0.3664192063        0.6822381500        2.7509555605
        -1.1449557332       -9.9097309468       -3.2025649464
        -4.7026154049       -6.6036887376       -4.4770012145
        -7.0398912875        3.4353046530        1.3707569859
        -3.4316098126        6.1281272625       -3.4631237619
        10.1204945055        1.1331733837       -1.5763447490
        -6.1891202139        7.9227610962        6.0738568010
        -3.3530061642       10.2804349204        4.9853023725
       -11.4731775169       -1.1797098261       -1.9298908389
         0.6113178882        2.5361537082      -10.9488253792
         8.9868427058       -4.7764179105       -3.5539127576
         1.3106784508       -0.5760617487       -8.9491276994
        -0.6042971358       -8.6670011599        6.8699792431
         4.8015669018        6.4375597211       -7.8161430371
         6.6834493792       -1.4509157508        4.3703092497
         8.5590531524        0.0826598849       -8.0154765612
         7.5465717840       -1.6865843336       -1.7855858534
         4.4059765051        5.9169255894        3.6761627665
        -6.4221743858       -5.7106510815       -1.3585136689
        10.2087923309       -2.3841715366        4.9846086460
        -2.6731001268       -6.8286930562       -1.5104614057
        -2.7023565044        6.5891288796        6.5533569350
         3.2377364370        9.0057556094        5.6045398708
        -4.2032738765       -3.0738395723       -0.7193770609
        -1.0797616681       -5.7701500060        4.5855368445
        -8.2561326329       -5.9197260240       -5.0343514204
         7.6689972115       -3.4670905496       -6.9466937566
        -4.7585952955        6.0403172253       -7.1154727844
        -3.3855852477       -9.5414450453       -6.1916493703
         5.2100288428       -2.9186914148        9.3035912555
        -3.7465860167       -6.5733661302        7.2047622610
        -0.4614811868        2.0738201370       -4.4849729391
       -10.5030735266        1.4074849725       -4.7445783158
         3.3582936611        3.8217785274        6.6877816671
