        10.0262140626        8.7554215565       -2.5591654394
        -0.4210957652       -0.9324987535        5.3700521504
         1.0450615952       10.0065868604        7.0536394778
         7.8567001148       -6.0414634468       -6.6133121696
        -4.9561937069        2.8816837463       -5.6759179021
         1.9398535651        5.4300666623      -10.0886761453
         5.4563552182       -2.6576454612        9.1484491748
        -6.1149628400       -9.7438329408       -1.0800927068
         6.9800436968        3.4783608422       -2.9207318870
         5.1655535884        3.3553261289       -9.4742976728
         0.9428264574        4.0302128419       -3.0837111035
         4.8347471737      -11.1882390001        3.9708990980
         6.9744317626        4.0180918220        0.8681084806
         6.9845507086        0.5321790808       -7.6894621409
         0.6197899894        1.6385865540        7.7222770168
         2.9408642790       -5.6106671931        9.0890336966
         8.6317024572       -2.2908362839       -5.7543580704
        -7.8783529934        4.0652096992       -7.6452964713
         0.6460077885       11.2373552711       -5.0384983709
         5.0168067261       11.1786986844        0.9154061290
        -2.6620440385        8.2623747937       -2.3434445730
        -8.8308080390       -2.2727082699        5.4480964730
        -8.3659408679        0.8603846632       -1.1136438158
         7.6006347920        4.2701922384       -6.6380603027
         2.5373969647       -1.7472445993        7.2172225626
        -4.4335198216        3.5636219773       -9.2922949971
        -2.7684391486       -2.2020411096        2.8136254052
         1.7611234958       -6.3861139357        1.0307842307
        -2.1033250784        5.3359729941       -4.9052695023
        -5.8970740165       -4.0880342070        3.7089057797
        -6.2986338634       -1.0362341312        8.1713755821
        -8.2967038261        3.4190438547       -4.0098587793
        -8.2635263346       -1.6980624119        1.7767414318
        -6.5621531232       -4.7924490493        7.2947596771
         3.1041580397       -7.0824704150       -4.0720343361
        -1.5278213427        2.4046046067       -7.2543082790
         6.6197404041        6.9773576332        6.6751806500
        -5.5135985144        5.9149922263       -3.1817046737
         6.5502245439       -5.9950991487        7.7920636577
         2.1341771348        4.9295538732        6.4788787774
         1.5735714762       -4.1563641405       -5.9446940546
         2.3294378896       -3.4361099443       -9.5490538785
        -4.4893823372       -0.9704751769       -2.6398055633
        -2.2215057196        8.9555969721       -6.0166101773
        -6.5848235904        0.5254325228       -8.2737715399
        -6.5642015692        8.5916382771        5.7290811838
         4.6417829214        6.5790536707       -7.6154921650
         5.7121696903       -9.1348424712       -5.7307214887
        -0.1206371672       -1.1746957875       -7.7090663921
         0.7041581104       -8.6675822329       -1.5356770282
         5.1790509147        4.5381657847        4.2073696728
        -8.1340494513        8.1464204609       -1.5463870356
       -10.9852819327        0.2480156416        3.4979878535
         7.3651825518        7.7098990565       -5.1277287674
        -7.2616947953       -0.0406623165       -4.6221533412
        -4.2713783890       -7.0165597240       -5.3652188038
        -9.1878483100       -5.2227554191       -4.3580689775
        -8.4818095218        1.4955765946        6.2503312655
         2.0284097136       -2.4350385018       10.8821011024
        -2.7872941308        9.3839660145        6.5204558501
        -5.7023399311       -0.3973799362        4.5329482454
        -1.5278921432        4.8724560846        2.3019448891
         6.0454259056       -1.8735752086        5.4237216629
         5.3474462397       -3.9725371485       -5.0225071848
        -2.6430744109      -11.3632763528       -0.8100789761
        -8.0061486951        5.2476584016        6.9107849036
        10.6371351426       -0.4868141303        1.3624491017
        10.0047708883        5.2135749251       -3.7904985823
         3.5042627320        8.0499854720        5.0586278172
        -5.2492619215       -0.0848749841        0.8775689366
         6.6707715168       10.4939108023       -2.4974076899
         8.1917664876        3.5022057839        5.9090500455
         0.2885826356       -8.1675221864        8.0006086890
         9.9352171757       -4.9482844302       -3.5079434469
         3.9022375431        1.8955380486       -2.1735113747
         4.6275262565       -7.5952500025        3.1129776955
         6.6399097089        9.8771452445        4.1695202497
        -1.4174709840       -8.6670287329        1.6202462199
        -0.7826351372       -1.8214252285       -4.1335839598
         1.3086069968        1.1077391358       -5.1496968805
        -5.3036487922        3.3632016899        5.2471568713
        -2.7277209140       11.7651922546       -3.2914463344
         0.7967188430        3.1594552887        0.3307614628
        -4.8241532916        3.6382232019        1.5521572040
         0.8095495419        7.6511415288       -4.0823908290
        -4.3514456792       10.4895646100        3.1971533406
         7.5494954538        0.6767470533       -0.5195410650
        -4.1753888319      -10.5222357444       -4.2884625226
        -0.4653227210      -10.9907717292       -4.0586134695
         3.6392893355       -4.8292954572        5.6083167157
         3.9085859543       -8.4944352546        6.6665278312
        -8.2113390642       -5.2748460835        0.9888176341
         9.6669072030        0.0175070473        5.1049271484
         3.2784290343       12.2167776869       -2.3984600302
         0.9497427031      -12.3308110213       -0.7295279277
        -7.8124757929       -2.6755367110       -1.8528466491
        -0.2464547765        7.4937856449        4.6592725806
        -5.1339709151       -3.0363293407       -8.7359244946
         8.3821207988        9.3258092833        0.8147298452
         0.5586117801       -0.4860846282      -11.2620224799
         1.8711151542        9.2247318073        1.8434766185
        -4.0701534253       -3.5622381711        9.9668318480
         1.2836544126      -10.9376829913        5.4449392103
         3.3280248737      -10.8228205773       -3.2904217893
         6.1391601251       -3.1929074219       -8.5881972661
        -4.9784681466       -3.5897695144        0.1685214614
        10.2966127579       -4.1697451581        0.1677328987
        -3.9414132570        6.7822025717        4.0584691735
       -11.2324259358       -3.5531543387        2.6063391264
        -6.2568874431       -6.1499803090       -2.1911177982
        -2.3119986713        1.5203451280       -0.0743035416
       -10.5197234584        4.0371308951        4.2250248549
         5.2264275429        3.9999285589        8.4080240563
         7.3640636186       -9.6468840464        1.4614056674
         6.9466338445        6.8671669100       -1.6006790140
         0.5257430788        6.7242381233       -0.5562549210
         4.1242677870        1.5036517074        5.9777158415
        -2.4564395088        4.8494165783       -1.2667393728
        -7.1655859077       -6.0443709316       -7.4866380996
        -4.8296096032       -7.0513542772        1.2962590063
        -2.8552490916       -7.9101400299       -1.8886471758
       -10.8309739947        5.5435246143       -2.3235447022
        -3.6199391627       -6.5739054460       -9.0317751565
        -3.1490490536        0.8573494222        7.1534169746
        -1.8637234621        8.6011548546        1.3586406519
         4.0079274911        9.5001809691       -5.1305993242
        10.4888072946       -3.4373307135        3.8940416385
         2.9891049611       -1.9134247452       -3.3172792236
         0.2390096475       10.3333666493       -1.4401958971
        -1.5858142804        6.0418694934       -8.5417185105
         9.7097198724       -7.8757286873       -1.0457973853
         7.0584015741       -5.9494259972        0.6138574239
         1.8983512051        1.8757210277       -8.7180240434
        -0.6092888213       11.2141377245        3.8503878108
         4.4057498044       -8.4130637663       -0.6157287708
         4.4693622603        2.6430442117       -5.8454400345
        -1.6527106815        4.2172288987        5.9849932277
         3.8265054333        5.0484925991       -0.5926678610
         5.2688870965        7.4739136976        1.7530862132
        -2.1887514367       -4.1763457262       -6.5951523840
        -3.4583432622       -2.9224003948        6.3803844335
         4.3610891342       -0.3086690083      -10.4175200750
        -2.1790928378       12.2582180450        0.5432347480
        -3.6554462619       -0.6348884671       -6.2249936164
        -3.0389778831        0.0014658685       -9.8596843686
         7.5060466893       -2.2372504869        1.9099266313
        -5.8435042010       -3.5345576483       -5.0509362578
        -2.1004562069        3.5379223041        9.6460778810
        -5.6512176678        9.4215114747       -4.3032930734
        -3.1545662473       -6.5311284151        7.7059748824
        -5.8517732222        2.7355525581        8.8724243554
        10.2972007308       -1.2457202183       -2.3758554103
         1.9245185029       -9.4182006860       -6.6366921078
        -2.0173789064        1.7136410990       -3.6473038006
        -0.6311378484       -7.2604885991       -4.8796606718
         0.6389291099       -3.7712273001        3.4282894434
        -1.0321218416      -12.1325060504        2.6241580254
        -7.9980099431       -8.8039460622        2.1036457818
        -8.9877426741       -5.9818565384        4.5497452885
       -10.0723908745        1.1299348733       -6.5326783471
         4.1105516417       -4.7985061986       -1.4295190455
         3.2064587552       11.6622277347        4.2937534635
         7.4861346656       -8.7528690934        5.2074561855
         0.1375162177        0.9132247538       11.3144883791
        -5.0534764884        7.0604610444        0.4584408171
        10.5622258518        2.4417817855       -1.2434356365
         0.2315961527       -0.1083436772        1.9240478235
         1.2757753001        8.4234266347       -7.6601570426
        -0.9929192181       -1.6992233704        8.9427571287
        -7.8457351044        4.5801761071       -0.3720260745
        -7.6682089601        9.2139831541        2.0670232899
         7.1107362041        0.5596847516        7.9713871108
         1.5668952770       12.8104588354        1.0261345644
         3.6772323740       -1.0589671027       -6.8631803897
         0.4956281838       -4.9332325830       -2.4500298574
         1.0784014996        2.4642536440        4.1300947038
         6.1998214922       -0.2158557068       -3.9847707202
        -0.6469716223       -5.2086784772       10.3819289240
       -11.4578111049        1.8277240493       -2.9828980983
         6.7752347967       -6.7628702705       -3.0739067923
        10.1162230482        5.9409909957        0.0332142402
         1.7494288801        4.1991877441       10.1204878841
        -1.9038225587       -9.5723146355       -7.3355126589
         4.6435037651      -12.0073118079        0.1894086198
        -1.8098757459       -1.9185620551       -0.6346484850
        -0.5178481338        6.8308659173        8.4227898490
       -10.6314813411       -1.6810940950       -3.9128103193
         2.0001741745       -9.9980627051        1.9058398308
        -4.5640426160      -10.5481593833        2.4261108496
         0.0041588620       -4.5872905492        6.8668917605
         4.4968692860       -1.0102458524       -0.0654346971
        -2.6116010937        1.4913021535        3.5560582305
         0.9708050401       -7.3685864920        4.4633570036
       -11.0651127280       -4.3887025190       -1.1706864207
         0.2195778576       -6.5215569203       -8.4967780600
        -2.4826144267       -5.8030557739        4.0988196914
         1.5195597478       -2.8212744450        0.1460093246
        10.0077769586        2.9961248037        2.5763404936
         4.3636144229       -4.0145662381        2.1776130958
        -1.6166931199       -5.2470227507        0.5586202200
         8.4420376073        6.4542511238        3.4100088299
         3.1715119217       -0.9934387071        3.5545230055
        -4.3405380087        6.1098792405        7.7681780637
         3.6786466931        0.7990937669        9.7457976916
         7.0455274992      -10.3808348857       -2.3146481514
         0.8512137127        0.3049349129       -1.6698476499
         7.2414981444       -5.1240237238        4.3158887776
         6.7992238495        1.0877959268        3.2785021915
        10.1144849205       -6.3094245101        6.3945682009
        -8.4967549160        6.9387562696       -5.1401752842
         1.4156632310        4.8264617165       -6.5508309898
         2.1305629923        5.6054293848        2.6494176208
        -8.6806337419       -2.4791197390       -7.1204558269
         9.9613648589       -7.0907256613        2.6833977015
        -3.6468248105        0.1899001993       10.7408968863
        -7.9062694487        2.0091492372        2.5392877192
        -7.5474183707       -8.6807342128       -4.5741663936
       -11.4351473784       -0.8271993654       -0.1566555910
        -7.3818191387        5.7514982618        3.2691245427
         4.2074285929        5.8267507357       -4.0860767223
         3.5924614441        8.6353743893       -1.5201151857
        -5.2773385827        2.4722565591       -2.0205843195
         9.4070968763        1.4617079448       -4.8164470293
        -5.2411681324       10.5137084815       -0.6418151894
        -5.0736499331        6.5378144207       -6.8813208928
        -5.6117146175       -7.7247288502        4.9323391941
         4.0733114575       -6.3355682589       -7.7036585859
       -11.0756638908        2.9269437518        0.6287604252
        -0.9452861831        3.0383486201      -10.8476791446
         3.8203467691        2.0609037447        1.6836271638
         3.3706884996        7.4411636912        8.7745056095
        -2.1750596837       -9.4007241579        5.2359646746
       -10.4061117828        6.6414435634        1.3091895129
        -3.0369808644       -4.4713916034       -2.9552185953
        -9.4430506801       -7.8421537815       -1.3862760419
         8.8643307101       -2.9171619668        7.3911098534
         7.1927599265       -3.0070487557       -1.8233979357
        -1.5357828420       -3.5409395295      -10.1962664293
        -5.6465751422       -9.5400219920       -7.7202590861
