         0.5823832577       -4.1119080015        1.2013135227
        3.9557875016       -2.8798692581        2.4312931018
       -3.8724178417       -1.9117425377       -2.6735300199
        5.4265177770       -0.5431280782       -0.3331691994
       -2.5053590552        4.2385815354        1.2472949134
        0.7684626581        5.4042705680       -0.2375153971
       -5.1153317321       -1.6539976185        0.9750692292
       -1.6036701168       -1.2583846550        0.1477304294
        0.7640151911        2.7269558801        2.7267450229
        1.4216563822        3.4128851034       -3.4827066460
        3.3922106930        2.6618355413       -0.3124914390
       -2.8922173801       -4.6294495001       -0.2374104910
        1.8789921816       -0.6855229064        0.4201910846
       -2.4398311703       -3.0414185800        3.2550168743
        2.5023325089       -0.1638841715       -3.0276420834
        0.6842847471       -0.9987070187        3.7402518087
        3.3743441026       -3.5566969273       -1.3273463400
       -0.1235099235       -2.9606352965       -2.5835114535
       -3.9745941023        1.4500728185       -0.8888215960
        4.0216075142        0.8583914055        2.9812713195
       -2.1432187900        4.3021741084       -2.5982681436
       -2.5961834479        0.8265174408        2.8340503117
       -0.2753222143        1.9439077006       -0.5679214731
       -1.2309387406        0.5697524475       -3.6898933361
