         9.6133733168        9.0350236816       -3.0069484817
        -0.2845457198       -0.7725468434        5.4568877063
         0.7812217499       10.2643404697        6.7483641800
         7.9449709219       -5.9731105703       -6.5187118084
        -5.1796428140        2.4882890433       -5.6159685851
         1.5020049545        5.2299010545      -10.2653112443
         5.7279223133       -2.1428119110        9.1685398609
        -5.7611990248      -10.0155654403       -0.5733107089
         6.7647570840        3.6384820999       -3.1347404879
         4.8163096940        3.2287479062       -9.6672775163
         0.7193866006        3.9478558613       -3.1940949570
         5.3387397267      -10.8619531507        4.2938677222
         6.8179709438        4.3029837431        0.6369928454
         6.7850562448        0.5360676828       -7.8030801183
         0.7004623555        1.9144069973        7.7007926396
         3.3298993716       -5.1911993691        9.2615731675
         8.5828878300       -2.1581781142       -5.8106745748
       -10.2392913391        0.5115033320       -6.3062834187
         0.0940388783       11.0784536461       -5.3580361775
         4.5834488763       11.3816779792        0.4942685512
        -3.0394261312        8.0637777353       -2.5051740009
        -8.6331495292       -2.4332098592        5.7531936355
        -5.4151577525        2.1878346495       -1.9432521874
         7.2774935103        4.3275079929       -6.8957887833
         2.7383636066       -1.4107992245        7.2695823340
        -4.7478123322        3.0674088745       -9.2640586469
        -2.6305079864       -2.2192514873        2.9944864200
         2.0175342816       -6.2888170323        1.2614884696
        -2.4123149284        5.0755986026       -4.9856793611
        -5.6651740604       -4.1932650034        4.0164313518
        -6.0981468723       -1.0088602867        8.3800579084
        -8.5073828947        2.9509536038       -3.8989450832
        -8.1619980915       -1.9622098414        2.0538236529
        -6.2314515966       -4.7995363359        7.6363489252
         0.6281808264       -5.0057593647       -2.2419215452
        -1.7690853118        2.0915353979       -7.2489217342
         6.4605940937        7.4396517390        6.3515976811
        -5.8100587621        5.5794957589       -3.2099489297
         6.9256557339       -5.4791150116        7.9003311722
         1.0549045607        2.6354508436        4.0732605118
         1.6064868686       -4.3072988278       -5.7812488651
         0.3366858543       -0.8826982308      -11.2165369168
        -4.5051328656       -1.2416235177       -2.4622909568
        -2.7012147299        8.6536036194       -6.2046495351
        -6.7645933724       -0.0156414075       -8.0983495799
        -4.1312825700        6.7502785093        3.9637353660
         4.2192659512        6.4922163850       -7.8751763240
         4.1545930820       -6.4494483096       -7.5177562589
        -0.2386347577       -1.4606920086       -7.6082353250
         1.0021411522       -8.6938052766       -1.2063803781
         5.0688339853        4.8661614276        3.9950457734
        -8.4848502760        7.7622606602       -1.5934969956
       -10.9230049655       -0.0646682952        3.7656470944
         6.9433168588        7.8035201378       -5.4828966682
        -7.3487166808       -0.4852643698       -4.4165665147
        -4.1106034586       -7.3697369850       -4.9815856209
        -9.0688524164       -5.7274129097       -3.9373155857
        -5.7864844979        2.7983497822        8.9457249400
         2.3281227892       -1.9931960755       10.9649081626
        -3.0331665258        9.4766804760        6.3154056981
        -5.5987424240       -0.4715789671        4.7107574644
         0.6701754548        3.1905025767        0.2530207235
         6.2124003247       -1.4619305376        5.4082523280
         5.3897485240       -3.9488868957       -4.9450464727
        -2.2241659164      -11.4930849886       -0.3205881869
        -8.0757405733        5.1571084731        6.9477138143
        10.6527162823       -0.0366143232        1.2018030984
         9.7011568593        5.4562315659       -4.1255839613
         3.2746963489        8.3373443659        4.7665116134
        -5.2312818083       -0.2660428316        1.0384437132
         6.1955318484       10.6467006808       -2.9288413674
         8.1512037627        4.0043372163        5.6684535049
         0.7580693275       -7.8836339096        8.3152931190
        10.0291661701       -4.6840833541       -3.4987384618
         3.6046629204        5.1620484137       -0.7916391009
         4.9725540323       -7.3120464348        3.3201338021
         8.2382553623        6.8778927473        3.0677240603
        -1.0551918019       -8.6681423355        1.9901976148
        -0.8022744406       -2.0034229953       -3.9985544962
         1.1592861506        0.9625200795       -5.1505864929
        -5.3339587669        3.3238937683        5.2905787745
        -3.2636361799       11.5289103086       -3.5634563217
        -1.6797024922        4.8758571725        2.2204368803
        -4.9386874049        3.4920015647        1.5785277518
         0.4179463693        7.5280270453       -4.2959740682
        -4.7046767635       10.4080995142        2.9912783654
         7.4839875685        0.9403276908       -0.6518444383
        -3.8571702402      -10.8311463739       -3.7929734877
        -0.1270181385      -11.1463558053       -3.6233364642
         3.9277184384       -4.5020157768        5.7431858161
         1.8096256010      -10.6996844937        5.8340460828
       -10.9139390049       -4.8564842060       -0.7423663551
         6.8047413734        1.4515183706        3.1468598838
         2.7411585329       12.2415972563       -2.8117497870
         2.4173779464       -9.8554071762        2.2519618119
        -7.7439179169       -3.0447832486       -1.5493865034
        -0.4571093704        7.6232656070        4.4653653641
        -5.1888071262       -3.5347204073       -8.4679785194
         8.0156257058        9.6557669463        0.3814815568
         2.2632739773       -3.6872359833       -9.4214672704
         1.5350938233        9.3399761733        1.5500798433
        -2.7513069106       -6.3915855755        8.0358056991
         4.3614484414       -8.1160693265        6.9164740587
         3.6726562975      -10.8066274561       -2.9416840273
         6.0826105760       -3.2650992390       -8.5525339577
        -4.8400027876       -3.7806339671        0.4443052189
        10.4371285304       -3.7680401081        0.1388712600
        -6.7901636470        8.5123231853        5.6286663630
       -11.0396162170       -3.9003111217        3.0075429019
        -6.0651093941       -6.4695051959       -1.8000765273
        -2.3777766013        1.4170492892       -0.0275741410
       -10.5922759987        3.7613820699        4.3566692404
         5.2215896254        4.4725871798        8.2141803688
        10.2723602590       -6.6134221163        2.7573553003
         6.6291449497        7.0646722308       -1.9221212199
         0.2417910502        6.7084064725       -0.7399261616
         4.1723960654        1.8555669398        5.8896245820
        -2.6763278005        4.6964248963       -1.3278998761
        -7.0780705056       -6.5769592044       -7.0764523961
         2.2750319909        2.1801537553      -12.3483498686
        -4.5337452027       -7.1947549208        1.6831920760
        -2.5912110194       -8.0898433375       -1.5102930938
       -11.0907263992        5.0316397009       -2.2303594272
        -3.5494267817       -7.0271820990       -8.6734768090
        -3.0457908016        0.9690453790        7.2345667286
        -2.1801483931        8.5560056629        1.1649869143
         3.5211642681        9.4678677173       -5.4699704602
         7.5102640314       -4.7003281745        4.3828158743
         2.9870924582       -1.9252730179       -3.2590249398
        -0.2043592015       10.2741637113       -1.7296143970
        -2.0035828106        5.6865215715       -8.6489669004
         7.7547641586       -9.3109593825        1.6795011818
         7.2845127393       -5.6593209521        0.7153752232
         1.6541794242        1.6226602110       -8.7351833157
        -0.9812472927       11.2980319377        3.5426923955
         4.7074146069       -8.2675288481       -0.3721638335
         4.2382833103        2.6090357674       -5.9674562998
        -1.7061868980        4.3417961847        5.9257002658
         3.7723630622        1.9592680409       -2.2626109799
         4.9958503218        7.7184344422        1.4450636030
        -2.1646937012       -4.4952705463       -6.3475817244
        -3.2208978809       -2.8441273037        6.5956124230
         4.1718700755       -0.5258133515      -10.4608162872
        -2.6566417630       12.1704028955        0.2383728295
        -3.7540282334       -0.9938525248       -6.0733386478
        -3.2334052141       -0.4534333070       -9.7378516813
         7.6076644469       -1.8896606916        1.8764089802
        -5.8056283797       -3.9371620220       -4.7547864829
        -2.0552943740        3.7706912645        9.6160275995
        -6.1109417986        9.0399182764       -4.4389233919
        -3.7377868356       -3.3840085084       10.2131456754
        -3.4473559473        0.4054562813       10.8521645533
        10.2657071235       -0.9339466218       -2.5025298212
         2.1485123042       -9.5746124965       -6.3033749168
        -2.1591419827        1.5015290795       -3.6113542746
        -0.4544868372       -7.4571310266       -4.5669155394
         0.8444997268       -3.6352218843        3.5926275054
        -0.5150440861      -12.0787124868        3.1040171180
        -7.6144323559       -9.0381155668        2.6155447471
        -8.6632987504       -6.1734581148        4.9847082512
        -5.4685495689        6.0956192942       -6.9351347122
         4.2523895240       -4.6990844149       -1.2999775881
         2.8221900253       11.9079307119        3.8916847526
         9.9765982663       -7.5350805084       -0.9367715577
         0.3160778261        1.2927856082       11.3244602780
        -5.3250970993        6.8650864110        0.3804188801
         9.8644326523        6.3162766550       -0.3262996077
         0.2682281121       -0.0419055823        1.9717546319
         0.7785210650        8.2171865405       -7.8963915042
        -0.7562756155       -1.4400039837        9.0643019049
        -8.0322963545        4.2505819706       -0.3114475254
        -7.9913443796        8.9689064939        1.9731085141
         7.2311865268        1.0947648468        7.8525565769
         1.0742161324       12.8829005775        0.6245704604
         3.5771143324       -1.1733760347       -6.8468377683
         3.2860667115       -7.1074789093       -3.8452304555
         2.0592645249        5.2163191409        6.3180488220
         6.1090251745       -0.1220550932       -4.0578823425
        -0.2457920550       -4.8827308698       10.6141111614
       -11.5835333614        1.2748178268       -2.7536128099
         6.9588406324       -6.6128828125       -2.9349812448
        10.4096484344        2.7958683028       -1.4979142615
         1.7738466375        4.5961918052        9.9898109183
        -1.6846277011       -9.8992318353       -6.9159359919
         5.1031104345      -11.8189208871        0.5476974783
        -1.7558409334       -2.0183680891       -0.4788086027
        -0.6278669238        7.0783621435        8.2526900461
       -10.6382934007       -2.2289879686       -3.5824736405
         1.4061654441      -12.3139614455       -0.2816456842
        -4.1094712648      -10.6380263377        2.9248680632
         0.3120905374       -4.3573953678        7.0681634881
         4.5130297189       -0.8497762835       -0.0701774918
        -2.6045044593        1.5003988580        3.6070299527
         1.3378683949       -7.1805260724        4.7404705475
        -7.9872074931       -5.5596841448        1.3868488824
         0.2953235411       -6.8105805585       -8.2224813699
        -2.1800349481       -5.7625224912        4.3934317022
         1.6173201298       -2.7698897907        0.2620692365
         9.9211891765        3.4585107810        2.3164995508
         4.5465067177       -3.7797794091        2.2720571283
        -1.4099962101       -5.2961073580        0.8198188181
         6.3194027874       10.2519572210        3.7527677435
         3.2699822848       -0.7585836105        3.5720289656
        -4.4309310348        6.1887752852        7.7009581626
         3.8277438010        1.2615646241        9.6883018527
         7.3892657696      -10.1882047072       -2.0603695338
         0.7982825239        0.2671628469       -1.6415638603
        10.6771628794       -2.9026189677        3.8336284939
         9.7467155950        0.5558973403        4.9491306850
         7.9170334858       -8.2841763186        5.3893618411
        -8.8693249162        6.4201441732       -5.1384846930
         1.0874002335        4.6509017889       -6.6978272402
         1.9509397968        5.7620363126        2.4667546891
        -8.7198141083       -3.0596695902       -6.8002455067
        10.4705883100       -5.7009379495        6.4358644136
        -8.4162079432        1.3700719997        6.4213225500
        -7.9346371357        1.7800441232        2.6842412337
        -7.3036798366       -9.1279217831       -4.0695800832
       -11.4022863981       -1.2794959571        0.1590249782
        -7.5432764164        5.5619143230        3.2791383888
         3.8806978041        5.8399102686       -4.3163458492
         3.2113298198        8.7054156598       -1.8268665779
        -8.4206217086        0.4907882449       -0.9182633725
         9.2265767319        1.6531429612       -5.0161034510
        -5.6720320137       10.2708867168       -0.8249029173
        -8.1820338784        3.4898341127       -7.5620030380
        -5.2149975866       -7.7727446182        5.3555685397
         5.9398041213       -9.1144208979       -5.4878410684
       -11.1750166366        2.5095437858        0.8113442770
        -1.2541659313        2.6327266904      -10.8882413274
         3.7583082575        2.2552825356        1.5852767345
         3.2394072907        7.8506021860        8.5031587359
        -1.7100994285       -9.3045601482        5.6442559871
       -10.6384764639        6.2673522453        1.3548046858
        -2.9284167369       -4.6974541253       -2.6840283072
        -9.1666685306       -8.2527264529       -0.8727149403
         9.1083564193       -2.3288369364        7.3486050472
         7.2473627328       -2.7970682699       -1.8204580151
        -1.6120644369       -3.9613245452       -9.9812332827
        -5.4331695371      -10.0213970595       -7.2234772419
