         9.5730962545        9.1112942987       -3.0335780061
        -0.3505795662       -0.6904880120        5.3996138364
         0.5879251911       10.3675717366        6.5729886790
         8.1066138346       -5.9585874319       -6.3773433534
        -5.1177431798        2.3695417773       -5.7747226254
         1.6008409014        5.1243085317      -10.3575777602
         8.0352605399        4.1710514899        5.7000377362
        -5.6431874648      -10.0744771643       -0.5882953104
         6.7653207648        3.6834512961       -3.1348258264
         4.9260056379        3.1680153166       -9.6873481863
         0.7302775857        3.9216844523       -3.2826509469
         5.3923109669      -10.7534932845        4.4463330126
         6.7964058083        4.3946133856        0.6333527984
         6.8925830416        0.5206577576       -7.7591887815
         0.5783554247        2.0394989509        7.6276248816
         3.2529897318       -5.0546710861        9.3295127900
         8.6867171676       -2.1283863148       -5.7035964955
       -10.1486851749        0.3338818329       -6.5151902028
         0.0639195184       11.0205020890       -5.5486523782
         4.4705671802       11.4465968010        0.3652349889
        -3.0770755800        8.0129054167       -2.7026049884
        -5.6467459532       -0.4643009874        4.5843189828
        -5.3955756335        2.1219578843       -2.1012721310
         7.3360521694        4.3275783118       -6.8933068266
         2.6540446544       -1.2815678662        7.2589371443
        -4.6399797443        2.9084457528       -9.4229331887
        -2.6422229507       -2.2037963130        2.9319620811
         2.0540221154       -6.2565455347        1.3142611690
        -2.3868217527        4.9940909296       -5.1362420884
        -5.6685958301       -4.1983252431        3.9363758090
        -6.1943327344       -0.9644582457        8.2516243871
        -8.4691361373        2.8218701893       -4.1116799215
        -8.1526778867       -2.0125671600        1.9092474274
        -6.2766216882       -4.7618123935        7.5589760572
         0.7078633601       -5.0283724839       -2.2271217700
        -1.6812924080        1.9882287960       -7.3524818481
         6.2985059764        7.5954668304        6.3048674649
        -5.8102943383        5.4900872369       -3.4160608725
         6.8689230360       -5.3133118027        8.0244846759
         0.9843121945        2.7051637883        3.9969178740
         1.7344402890       -4.3606504829       -5.7583580507
         0.5131036526       -1.0113863362      -11.2496852363
        -4.4594624471       -1.3069058208       -2.5654335333
        -2.6940059647        8.5542936570       -6.4040643063
        -6.6417548426       -0.1809013982       -8.2466984072
        -4.2428645745        6.7639895498        3.7595757972
         4.2686949712        6.4450033308       -7.9417352434
         4.3350595191       -6.4909770527       -7.4314483456
        -0.1095259642       -1.5514574313       -7.6436942348
        -2.4830607991       -8.1237800566       -1.5010317318
         4.9804495718        4.9801554924        3.9525881766
        -8.5339920175        7.6640792296       -1.8682624364
       -10.9582780711       -0.1232270598        3.5518043349
         6.9450717402        7.8161461148       -5.5273698878
        -7.2804342271       -0.6103607342       -4.5697015914
        -3.9592998753       -7.4652784600       -5.0016202178
        -8.9494181606       -5.8661200078       -4.0504310090
        -5.9445690239        2.8647566712        8.7651339952
         2.1709123328       -1.8437171147       10.9829391022
        -3.2104431941        9.5326859918        6.0916597638
        -8.6758318968       -2.4443583843        5.6070355041
         0.6598388733        3.2050385899        0.1719875755
         6.1568923604       -1.3204103590        5.4616514025
         5.5007163837       -3.9495624738       -4.8704870525
        -4.0390361028      -10.6401578960        2.9360008494
        -8.2218950814        5.1719654446        6.7043412054
         4.5003190263       -0.8063023738       -0.0464571550
         9.7036436080        5.5160141249       -4.0950388649
         3.1328166248        8.4435542431        4.6546913490
        -5.2265756215       -0.2914807556        0.9144096527
         6.1373317873       10.6853130484       -3.0247490609
         7.1039358161        1.2696994450        7.9000949924
         0.7244231392       -7.7931542716        8.3583527445
        10.1265095209       -4.6077154030       -3.3399917274
         3.5874695854        5.1969787071       -0.8502845295
         4.9954200180       -7.2211406508        3.4297829671
         8.1373211201        7.0201714391        3.0583462189
        -0.9927616397       -8.6486566132        2.0261081811
        -0.7227755030       -2.0566692324       -4.0382520833
         1.2284796747        0.9164943116       -5.1961073454
        -5.4362575976        3.3468919472        5.1109381732
        -3.3216066675       11.4596085869       -3.8096860321
        -1.7414230246        4.8951421573        2.0764868193
        -4.9831162346        3.4787648465        1.4050280252
         0.4068387462        7.4864144152       -4.4354818852
        -8.1071909641        8.9248407079        1.6878913522
         7.4563748215        1.0128755728       -0.6121474958
        -3.6813895112      -10.9081269251       -3.7704216392
        -1.4767448207       -9.9990358515       -6.8761876979
         3.8932184595       -4.3880351192        5.8165525852
         1.8396697823      -10.6132292701        5.9264368140
       -10.8504286176       -4.9763980736       -0.8926843037
         6.7753025387        1.5718604433        3.1768966598
         2.6646721651       12.2427643388       -2.9793332360
         2.4879523808       -9.8041205944        2.3478996075
        -7.6918320444       -3.1374868522       -1.6772066732
        -0.5858698784        7.6845191109        4.3048875250
        -5.0243950768       -3.6880731826       -8.5495896866
         7.9235304133        9.7611702927        0.3264846208
         2.4424691313       -3.7731806402       -9.3938720516
         1.4306614460        9.3852275303        1.4012061082
        -2.7988207079       -6.3269727766        8.0168840080
         4.3485027993       -7.9894381464        7.0255927815
         3.8330236983      -10.7997120236       -2.8119173268
         6.2447933960       -3.2971686703       -8.4726561090
        -4.8091080403       -3.8137701147        0.3689545408
        10.0666670631       -7.4286898864       -0.7478792991
        -6.9454662906        8.5213732032        5.3625823136
       -11.0283797406       -3.9672660350        2.8438715073
        -5.9701981717       -6.5460160569       -1.8595366178
        -2.3759001107        1.4104406545       -0.1343838620
        -7.6373963280        5.5384458783        3.0401351083
         5.0595241796        4.6336991055        8.1837773846
        10.2940348602       -6.4598725795        2.9375791634
         6.6005764949        7.1222699886       -1.9610298108
         0.2043015244        6.7077266976       -0.8725620000
         4.0814692461        1.9824072021        5.8671333948
        -2.6895728825        4.6676599240       -1.4790056580
        -6.9029045052       -6.7317671067       -7.1490059781
         2.4357052644        2.0577750368      -12.3917929391
        -4.4816303485       -7.2127776853        1.6538768900
        -1.3728378324       -5.2899467252        0.8142389765
       -11.0995886395        4.8943529956       -2.5084124706
        -3.3461768223       -7.1654128541       -8.6891540797
        -3.1603377187        1.0458831980        7.1201862145
        -2.2688564603        8.5547068709        0.9684815535
         3.5076668686        9.4460929673       -5.5888126959
         7.4827529002       -4.5678502750        4.5033248029
         3.0491154854       -1.9390162886       -3.2440637036
        -0.2736564117       10.2567738259       -1.9153451648
        -1.9322252429        5.5639669608       -8.8006631902
         7.8264511020       -9.2020492593        1.8527733459
         7.3254188999       -5.5683781219        0.8413124167
         1.7673600999        1.5388625949       -8.7812888251
        -1.1379885567       11.3409873611        3.3284245278
         4.7968363277       -8.2194301396       -0.2558333237
         4.2975598456        2.5927513431       -5.9900661851
        -1.8246853808        4.4082938381        5.7868695236
         3.7827941847        1.9770164620       -2.2836545073
         4.9127591708        7.8012960000        1.3700110354
        -2.0224670290       -4.5919713708       -6.3742080801
        -3.2786955829       -2.7941315075        6.5332951722
         4.3325540576       -0.6034433546      -10.4424961598
        -2.7746835916       12.1528760508       -0.0105648410
        -3.6525235074       -1.1033531269       -6.1658450390
        -3.0827815947       -0.6022517581       -9.8288285172
        10.5976155626        0.1077649761        1.3218956093
        -5.6950637476       -4.0485054173       -4.8416205444
        -1.2879903629       -1.7840451204       12.6443140188
        -2.2279002902        3.8850496192        9.4778322582
        -6.1312122530        8.9295874096       -4.6941894697
        -3.8213794300       -3.2912683957       10.1744732157
        -3.6261550652        0.5336080144       10.7552182654
        10.3001042606       -0.8429221300       -2.3800510207
         2.3449224846       -9.6228731123       -6.2096090990
        -2.1163847173        1.4395038517       -3.7152043317
        -0.3100523020       -7.5193002365       -4.5369997763
         0.8364663810       -3.5757067356        3.6137748293
        -0.4344361057      -12.0448131060        3.1817396589
        -7.5546493553       -9.0781914949        2.5635764253
        -8.6600399836       -6.1930793864        4.8862653727
        -5.4240873778        5.9579536553       -7.1426216285
         4.3133743419       -4.6689180882       -1.2283631206
         2.6538634367       11.9976143490        3.7277462534
        10.4617952412       -3.6418282703        0.2921883330
         0.1462276672        1.4667375640       11.2777650170
        -5.3923558266        6.8322307387        0.1609712595
         9.8250150663        6.4400269423       -0.3036368473
         0.2522595286       -0.0089558309        1.9198195617
         0.8127633066        8.1336741998       -8.0385414694
        -0.8571991488       -1.3063693821        8.9910690360
        -8.0602587454        4.1747760650       -0.5358444014
        -4.8433151843       10.4012166493        2.7305995444
         5.6041037206       -1.9736915146        9.2227846264
         0.9426722382       12.9101488897        0.4227754256
         3.6888961562       -1.2152413215       -6.8309332846
         3.4165017837       -7.1151296296       -3.7631282200
         1.9279545431        5.3282722289        6.2233330261
         6.1575190676       -0.1022834534       -4.0230250250
        -0.3409240380       -4.8331601805       10.6330863041
       -11.5407056975        1.1246446563       -2.9901880680
         7.0691901170       -6.5663607413       -2.8020926269
        10.3753187753        2.9011925051       -1.4138536497
         1.5898414663        4.7545102499        9.9003226439
         0.0489130516      -11.1952172562       -3.5493713644
         5.2221406854      -11.7556248778        0.7091811082
        -1.7333705292       -2.0293809067       -0.5335949641
        -0.8104170872        7.1850557857        8.0939924126
       -10.5628204235       -2.3824922603       -3.7658520007
         1.5437027837      -12.3057661303       -0.1702276553
        -2.0923171423      -11.5108484133       -0.2718625341
         0.2596154173       -4.2675331317        7.0908288003
         7.5724129774       -1.7894215483        1.9532609511
        -2.6614687127        1.5309984783        3.4925108473
         1.3480177782       -7.1044274071        4.7949188731
        -7.9458181282       -5.6189148485        1.2882343650
         0.4892597603       -6.9044219393       -8.1886860689
        -2.1745535600       -5.7263905388        4.3836373616
         1.6272448423       -2.7594013269        0.2731088678
         9.8766103940        3.6190347883        2.3908805905
         4.5360496981       -3.7121512467        2.3398437776
         1.1101121568       -8.7016720906       -1.1438083756
         6.1712947363       10.3777532693        3.6664702999
         3.2372930439       -0.6722086967        3.5703904384
        -4.5971148907        6.2489738218        7.4981018296
         3.6700193210        1.4190812125        9.6694366683
         7.5284425927      -10.1257008833       -1.8809798633
         0.8225817709        0.2551315623       -1.6861617447
        10.6248022231       -2.7295388284        3.9783372140
         9.6837272828        0.7366415200        5.0595133969
         7.9243127814       -8.1330055999        5.5530734359
        -8.8513019607        6.2709843310       -5.3997047391
         1.1379957034        4.5859269686       -6.7894657031
         1.8747261904        5.8236743025        2.3695110769
        -8.5860783639       -3.2291331650       -6.9422650531
        10.4311868078       -5.5052062949        6.6061732378
        -8.5089609680        1.3696675047        6.2257771660
        -7.9744811567        1.7426668755        2.4918472804
        -7.1444531111       -9.2476984414       -4.1139542214
       -11.3708492600       -1.3907159716       -0.0454087875
       -10.6799346506        3.7129480493        4.0978877447
         3.8831040606        5.8394175291       -4.3795950650
         3.1616791476        8.7246569272       -1.9400791256
        -8.3944312746        0.4023357534       -1.0977982827
         9.2749418623        1.6971294316       -4.9439017769
        -5.7610084088       10.2165517228       -1.0933889129
        -8.1021088634        3.3167563683       -7.7761573422
        -5.2062371196       -7.7572843503        5.3211670845
         6.1186619721       -9.1083720134       -5.3415134159
       -11.1973717110        2.4103703236        0.5624808843
        -1.1190406354        2.4903334760      -10.9899866160
         3.7415229315        2.3244775931        1.5636299121
         3.0427141297        8.0021038872        8.3962615622
        -1.6926437221       -9.2552921755        5.6730615422
       -10.7137119350        6.1826582335        1.0659271543
        -2.8425654245       -4.7500921804       -2.7194437817
        -9.0635748745       -8.3531505388       -0.9553233347
         9.0189399671       -2.1400723585        7.4681332935
         7.2921102342       -2.7374988263       -1.7355014401
        -1.4214872509       -4.0953019073      -10.0053755234
        -5.2199417130      -10.1599008656       -7.2298155020
