         9.6102097809        9.0681753467       -3.0494400077
       -0.3042438245       -0.7199514556        5.3833175971
        0.6430819879       10.3432560484        6.5596775691
        8.1476286637       -5.9964985650       -6.4003929180
       -5.0705209421        2.3375843434       -5.7981778609
        1.6473240737        5.0933107194      -10.3715980366
        8.0634478758        4.1221869403        5.6597373900
       -5.6007134349      -10.1050711885       -0.6044427248
        6.8262951279        3.6467792040       -3.1548357788
        4.9763876808        3.1353969795       -9.7079267055
        0.7718950932        3.8930345927       -3.2936271229
        5.4341775487      -10.7810605910        4.4269985555
        6.8024173184        4.3522474574        0.6056668712
        6.9439475917        0.4852402278       -7.7818092408
        0.6224224104        2.0088780967        7.6162400426
        3.2938244237       -5.0743050821        9.2990054355
        8.7370791577       -2.1667664255       -5.7293356427
      -10.0998450787        0.2962501532       -6.5390872083
        0.1032780106       10.9866957868       -5.5583247686
        4.5088701945       11.4101413748        0.3476763632
       -3.0413961164        7.9784012977       -2.7087208281
       -5.6090580527       -0.4815564038        4.5624873544
       -5.3592690276        2.0739186954       -2.1296464104
        7.3880540358        4.2921352986       -6.9172525777
        2.6986931478       -1.3191984898        7.2503343996
       -4.5925049890        2.8790979544       -9.4435160382
       -2.6019068544       -2.2264451675        2.9112883225
        2.1108478130       -6.2769865447        1.2929555442
       -2.3429483940        4.9622614373       -5.1499736128
       -5.6298566324       -4.2161147350        3.9146932763
       -6.1544765386       -0.9813290835        8.2289362435
       -8.4265692489        2.7805956013       -4.1429829497
       -8.1237714756       -2.0455292356        1.8884436142
       -6.2371013376       -4.7802263135        7.5372755225
        0.7630918782       -5.0548987038       -2.2407452215
       -1.6331966633        1.9584796315       -7.3703284088
        6.3374635497        7.5500368440        6.2746861136
       -5.7716889934        5.4510606000       -3.4311893800
        6.9092675889       -5.3377596676        7.9935302121
        1.0141005921        2.6774957989        3.9845122093
        1.7866497071       -4.3871830914       -5.7721456602
        0.5611864794       -1.0404798671      -11.2657224684
       -4.4068329282       -1.3504054129       -2.5836239044
       -2.6526597539        8.5216809902       -6.4114073666
       -6.5934170274       -0.2122740078       -8.2674191360
       -4.2323713793        6.7571729000        3.7606292915
        4.3158653070        6.4103860641       -7.9594943002
        4.3800979580       -6.5251284637       -7.4472011005
       -0.0599997411       -1.5795951128       -7.6588299415
       -2.4364569725       -8.1607729338       -1.5190023509
        5.0005118303        4.9387419229        3.9276022614
       -8.4901487512        7.6316939851       -1.8760691296
      -10.9303183032       -0.1532610641        3.5359402989
        6.9905603009        7.7781227723       -5.5467156550
       -7.2289095817       -0.6493565946       -4.5908505960
       -3.9093016995       -7.5004615166       -5.0201016656
       -8.9020775464       -5.8971531460       -4.0697314940
       -5.8987474193        2.8479417709        8.7407166869
        2.2150354416       -1.8728170283       10.9738544563
       -3.1463006087        9.5251498141        6.0923273739
       -8.6372206521       -2.4613292372        5.5865220700
        0.6617452492        3.1874979823        0.1639050432
        6.1919084454       -1.3613507551        5.4465189408
        5.5496792518       -3.9778589195       -4.8876556760
       -3.9973216806      -10.6668380708        2.9209854240
       -8.1783576767        5.1806342775        6.6852083732
        4.5735834017       -0.8287671284       -0.0665579600
        9.7582347488        5.4789257960       -4.1257463481
        3.1687869027        8.4096007670        4.6356567358
       -5.1963658518       -0.3347775907        0.8931887943
        6.1757103986       10.6462807985       -3.0412279839
        7.1464578070        1.2332352823        7.8756371720
        0.7663070899       -7.8157945572        8.3351463665
       10.1753974185       -4.6507580242       -3.3673681277
        3.5986125771        5.1687014989       -0.8697379782
        5.0448177351       -7.2466180324        3.4059102422
        8.1663285674        6.9678425387        3.0257445408
       -0.9478714908       -8.6786089038        2.0064750977
       -0.6675115935       -2.0829339563       -4.0511395874
        1.2779715686        0.8906822492       -5.2119757735
       -5.3881463819        3.3280223828        5.0940100620
       -3.2875135106       11.4257540914       -3.8147196501
       -1.7385442496        4.8829438776        2.0685280645
       -4.9537783145        3.4283881453        1.3763673540
        0.4494164861        7.4540568031       -4.4458524108
       -8.0910751649        8.8854987357        1.7210315399
        7.5357664169        0.9831437661       -0.6284608545
       -3.6407466668      -10.9446048471       -3.7863804044
       -1.4308453699      -10.0284133377       -6.8890615841
        3.9322429008       -4.4198647328        5.7819710842
        1.8808149328      -10.6384456891        5.9076415024
      -10.8041994030       -5.0043614332       -0.9110961635
        6.7772828236        1.5296223599        3.1485518555
        2.7050363999       12.2097119300       -2.9942174439
        2.5323948104       -9.8292217490        2.3290174457
       -7.6414967207       -3.1720313505       -1.6952884799
       -0.5551932371        7.6600841186        4.2936527631
       -4.9754940990       -3.7189807602       -8.5682819044
        7.9581575262        9.7140289310        0.3067458443
        2.4894151876       -3.8036597457       -9.4091791276
        1.4621556573        9.3576373111        1.3873401942
       -2.7596440120       -6.3492218746        7.9961101347
        4.3900601814       -8.0149641679        7.0011244122
        3.8750975084      -10.8344345276       -2.8288104539
        6.2891650368       -3.3318094857       -8.4928208378
       -4.7565937719       -3.8492163517        0.3491311617
       10.1137315917       -7.4702813719       -0.7716404638
       -6.8635799038        8.5719430690        5.4284338861
      -10.9941438104       -3.9987739092        2.8258784902
       -5.9209929174       -6.5780571049       -1.8794572780
       -2.3463919006        1.3617174954       -0.1553039504
       -7.5982622980        5.4807076389        2.9943735576
        5.1043031606        4.5966598123        8.1656849456
       10.3445756152       -6.5006590249        2.9150465103
        6.6268092626        7.0831983645       -1.9826088361
        0.2197055986        6.6854046033       -0.8827933947
        4.1124304213        1.9458560265        5.8562907453
       -2.6608184216        4.6245003976       -1.4963541416
       -6.8546407278       -6.7651940714       -7.1688621401
        2.4830761278        2.0286146587      -12.4093953551
       -4.4356222922       -7.2426585942        1.6344219471
       -1.3190638918       -5.3228919910        0.7957147212
      -11.0617184911        4.8558896639       -2.5594919635
       -3.2970705902       -7.1950721562       -8.7052726348
       -3.1145957476        1.0221652896        7.1000443027
       -2.2455104444        8.5369108523        0.9662477727
        3.5503818793        9.4090182197       -5.6033297218
        7.5390453483       -4.5964887641        4.4761932676
        3.1020029849       -1.9554622364       -3.2602264656
       -0.2395859775       10.2312810200       -1.9254450948
       -1.8864259950        5.5335567594       -8.8139189774
        7.8714986763       -9.2368597121        1.8316223022
        7.3784439630       -5.6013317644        0.8172165867
        1.8169817836        1.5097177759       -8.7982460214
       -1.0957818164       11.3219108293        3.3177633928
        4.8452994419       -8.2507747878       -0.2771125171
        4.3521338422        2.5570309889       -6.0092131052
       -1.7852585354        4.3870458454        5.7721748879
        3.8392062137        1.9526208341       -2.3019255039
        4.9395026133        7.7635549021        1.3510151212
       -1.9717329912       -4.6201671669       -6.3895867633
       -3.2392264533       -2.8139168875        6.5126724248
        4.3797175642       -0.6350569765      -10.4618282143
       -2.7389840892       12.1310450358       -0.0194092946
       -3.6027710761       -1.1356240966       -6.1838924408
       -3.0341473707       -0.6317254337       -9.8462728261
       10.6856238379        0.0576188436        1.2826719419
       -5.6443090537       -4.0860033877       -4.8616062621
       -1.2496948501       -1.8120637706       12.6265215202
       -2.1776220729        3.8582662100        9.4639337751
       -6.0901682664        8.8961444906       -4.6967882034
       -3.7822170425       -3.3133494287       10.1529254432
       -3.5834486126        0.5099312562       10.7337736435
       10.3624161210       -0.8869165492       -2.4152712036
        2.3891181298       -9.6585435558       -6.2261286638
       -2.0699049306        1.4061963403       -3.7336324608
       -0.2592106031       -7.5463048121       -4.5517129317
        0.8770523383       -3.6037787686        3.5838649471
       -0.3921391233      -12.0717219448        3.1669352316
       -7.5124411520       -9.1034031555        2.5463406566
       -8.6190550182       -6.2132239570        4.8665043083
       -5.3788160034        5.9265226014       -7.1572596912
        4.3679604973       -4.6964426510       -1.2537016309
        2.6995076851       11.9675764377        3.7093740815
       10.5213784657       -3.6866022150        0.2643817407
        0.1912030376        1.4374560307       11.2663664239
       -5.3544716634        6.7935480085        0.1474213128
        9.8462841715        6.3818075618       -0.3360231104
        0.2904635630       -0.0371813477        1.9022951478
        0.8565634705        8.1006971561       -8.0494096704
       -0.8124908341       -1.3334107997        8.9750494593
       -8.0294845904        4.1294366234       -0.5761516673
       -4.8113443917       10.3924398221        2.7291963164
        5.6537331274       -2.0024292788        9.2131657980
        0.9829641905       12.8837445194        0.4077602383
        3.7393642523       -1.2433461530       -6.8486038053
        3.4651589903       -7.1497449750       -3.7818176884
        1.9682705973        5.2972722695        6.2107699746
        6.2183718831       -0.1324909469       -4.0379924249
       -0.2992353915       -4.8566178663       10.6089273011
      -11.5027061692        1.0885449685       -3.0155727133
        7.1167370058       -6.6042763000       -2.8251667269
       10.4552199580        2.8557485559       -1.4562627016
        1.6396728651        4.7235482616        9.8883699606
        0.0896816462      -11.2219842001       -3.5609231581
        5.2633880044      -11.7875190740        0.6917588775
       -1.6753104170       -2.0671972283       -0.5525338304
       -0.7561807698        7.1610124367        8.0848301257
      -10.5131052959       -2.4144235311       -3.7841288260
        1.5842275691      -12.3341401081       -0.1840877568
       -2.0534415882      -11.5465390947       -0.2854924233
      -10.3438071753        7.4689579913        4.5173863721
        0.2972877456       -4.2940055732        7.0630976723
        7.6483969140       -1.8153509565        1.9383241649
       -2.6213233964        1.5053713030        3.4721987002
        1.3874787628       -7.1317169087        4.7692527968
       -7.9004034929       -5.6465262547        1.2690219876
        0.5372695796       -6.9340489586       -8.2019424519
       -2.1371427589       -5.7488880412        4.3613679641
        1.6914207166       -2.7751357551        0.2501279972
        9.8877601275        3.5550451349        2.3401008856
        4.5990675906       -3.7303192696        2.3126036408
        1.1583526380       -8.7283461519       -1.1579949906
        6.2111314549       10.3362517178        3.6453567889
        3.2752056591       -0.7041209560        3.5541699424
       -4.5370728105        6.2316501552        7.4975933390
        3.7160528005        1.3862154219        9.6582034440
        7.5717942900      -10.1646636374       -1.9013423465
        0.8748378072        0.2409292287       -1.6974559544
       10.6970630613       -2.7746600759        3.9526932911
        9.7010625775        0.6833637544        5.0057944166
        7.9681419527       -8.1632892149        5.5309457606
       -8.8033758107        6.2393542150       -5.4183970830
        1.1848650006        4.5541758111       -6.8021868174
        1.8924148747        5.7947394570        2.3554583262
       -8.5367102017       -3.2638198336       -6.9628749064
       10.4781931614       -5.5414325772        6.5854224199
       -8.4667390710        1.3593098217        6.2021086918
       -7.9496753525        1.7000088343        2.4686803433
       -7.0983741615       -9.2784555135       -4.1332643078
      -11.3415987300       -1.4220240289       -0.0631788457
      -10.6701259961        3.6890466593        4.0839043659
        3.9303270493        5.8003009368       -4.3979474471
        3.1915748222        8.6921776320       -1.9560968266
       -8.3622237507        0.3629571939       -1.1217752934
        9.3331053470        1.6599410314       -4.9745473761
       -5.7267857549       10.1810807056       -1.0843144596
       -8.0564872378        3.2860054995       -7.8018037505
       -5.1663693911       -7.7777647696        5.3010635485
        6.1628463175       -9.1488224510       -5.3618795370
      -11.1645813679        2.3746926371        0.5373574690
       -1.0711681871        2.4613455848      -11.0072184106
        3.7470096881        2.2890994835        1.5315176158
        3.0945617046        7.9698097626        8.3793125272
       -1.6521901521       -9.2774961964        5.6536648743
      -10.7101095552        6.1524674932        0.9984604791
       -2.7880687344       -4.7869460806       -2.7391376493
       -9.0174787434       -8.3805898655       -0.9749953947
        9.0660015429       -2.1741828261        7.4399226746
        7.3519806472       -2.7703122849       -1.7528282214
       -1.3724351156       -4.1244003132      -10.0206381782
       -5.1727712354      -10.1925834720       -7.2487789473
