       -11.4288017030        3.4115776881       -6.1582732086
         9.5061852821        9.2805960084       -2.8310127909
        -0.3235061338       -0.7787753445        5.3985965951
         0.3883272368       10.2896591136        6.6667751677
         8.4134056831       -5.7860724130       -6.2909964057
        -4.9930253049        2.2482592561       -5.8379168654
         1.7227434425        5.1803266179      -10.2844081405
         7.9544147227        4.2466713129        5.8475989537
        -5.3269625286      -10.2289846646       -0.7302198792
         6.8248824903        3.8011183446       -3.0122194714
         5.0900444376        3.2927431303       -9.5933755401
         0.7767775379        3.9125597657       -3.2261241218
         5.6415045150      -10.7111309439        4.4616394511
         6.7810478844        4.4806536854        0.7622695462
         7.0863458484        0.6742900416       -7.6524158467
         0.5225731279        1.9519396104        7.6630415370
         4.5026601469       -7.9881309377        7.0426328808
         8.9072735450       -1.9507812566       -5.5868391854
        -9.9741277526        0.0108484602       -6.7505171763
        -0.0095595501       11.0048894512       -5.4560661684
         4.3144713966       11.4874402487        0.5145895904
        -3.1220697322        7.9270895227       -2.6684621350
        -5.6109054110       -0.6469781586        4.4964189457
        -5.3129828087        1.9842787485       -2.1631740219
         7.4385648162        4.4810713053       -6.7587148243
         2.6664067581       -1.3195611937        7.2996503458
        -4.4861276562        2.8256777137       -9.4660766269
        -2.5468682556       -2.3187278974        2.8792131421
         2.2578804570       -6.2607300073        1.3086202957
        -2.3393918691        4.9282128445       -5.1242740304
        -5.5472318884       -4.3763108540        3.8236948024
        -6.2028185431       -1.1846446347        8.1511741136
        -8.3572888880        2.6418115567       -4.2018170280
        -8.0514601068       -2.2362905069        1.7648758725
        -6.1981048007       -4.9770933898        7.4326069552
         0.9387467972       -5.0392263704       -2.2448967832
        -1.5301179910        1.9550233898       -7.3609517236
         6.1452894069        7.6295357621        6.4522937871
        -5.7847120848        5.3612847846       -3.4469693037
         6.9536187687       -5.2697478786        8.0963756491
         0.9613971093        2.6495742532        4.0430485172
         2.0045638310       -4.3254489148       -5.7546484332
         0.7905745509       -0.9667328152      -11.2432917149
        -4.3163982821       -1.4230481810       -2.6439896339
        -2.7051906408        8.4873832228       -6.3646791830
        -6.4157868692       -0.3268114252       -8.3586602218
        -4.3610783759        6.6179246544        3.7738131956
         4.3277054865        6.5328416860       -7.8224675717
         4.6739360897       -6.3914325747       -7.4016859368
         0.1274284163       -1.5440973434       -7.6502552850
        -2.1961944766       -8.2052277999       -1.5833222434
         4.9093618280        5.0066321586        4.0610632845
        -8.5718554673        7.4644767485       -1.9112953232
       -10.9214354674       -0.4181149181        3.3775621933
         6.9397915061        7.9436616582       -5.3648917114
        -7.1224784374       -0.7724000858       -4.6971303923
        -3.6272414652       -7.5617302918       -5.1021007837
        -8.6684238193       -6.0777498592       -4.2200495233
        -6.0358876596        2.6421492064        8.7035884158
         2.1410699510       -1.9211873086       11.0120601048
        -3.3735381962        9.3919796059        6.1393376871
        -8.6142674183       -2.6932224253        5.4542961443
         0.6674404964        3.1770681033        0.2249973083
         6.1942269675       -1.2721137524        5.5503101737
         5.7450893932       -3.8393234449       -4.8089404532
        -3.7673843818      -10.7806228340        2.8137560546
        -8.3308223115        4.9402341942        6.6355426440
         4.6099532223       -0.7559317403        0.0212767834
         9.7381112581        5.6990618713       -3.9165632879
         2.9852569591        8.4263793618        4.7680022414
        -5.1440460988       -0.4510484323        0.8357523494
         6.0386017844       10.7814087608       -2.8579236044
         7.0593534859        1.3154447228        8.0239092139
         0.8543687757       -7.8758833471        8.3228749934
        10.3638317243       -4.4172904750       -3.2183393647
         3.5720588860        5.2293348552       -0.7493589261
         5.1871402050       -7.1798001514        3.4624612474
         8.0337548862        7.1157543259        3.2246536795
        -0.7494900947       -8.7193197361        1.9616758212
        -0.5276747936       -2.0829344340       -4.0585736462
         1.3761724634        0.9379480273       -5.1649834249
        -5.4787460726        3.1598620141        5.0685547106
        -3.4238967709       11.3722453312       -3.7547735898
        -1.8000558952        4.8117293403        2.1014156441
        -4.9853117158        3.3127888955        1.3597584119
         0.3906836760        7.4736184859       -4.3601149860
        -5.0080651281       10.2430705485        2.7561690328
         7.5370075587        1.1254383007       -0.4956548201
        -3.2969218304      -11.0047367118       -3.8854255678
        -1.0621489208      -10.0311786527       -6.9543724423
         3.9914950258       -4.3880839801        5.8522145441
         2.0647690105      -10.6541782024        5.8900858540
       -10.6364025060       -5.2380985258       -1.0890900675
         6.7814954682        1.6439579718        3.2868145545
         2.5351101075       12.2681656427       -2.8488160965
         2.7500059785       -9.8064456669        2.3266485700
        -7.5078810179       -3.3287930320       -1.8189825770
        -0.7149266317        7.5968626595        4.3653655053
        -4.7169792562       -3.7929579207       -8.6481032513
         7.8001327635        9.8725052014        0.5105620312
         2.7531216939       -3.6997575820       -9.3756111171
         1.3043851680        9.3588830826        1.5008295402
        -2.6949124271       -6.4780748096        7.9380757022
         3.3127875635       -5.0948722137        9.3501552090
         4.1943256159      -10.7406166628       -2.8167667475
         6.5273132879       -3.1493676674       -8.3965365939
        -4.6436633080       -3.9572842987        0.2716796493
        10.3224209819       -7.2542498603       -0.6424852867
        -7.0577412812        8.3659582851        5.4179896982
       -10.8971774452       -4.2525340876        2.6447277887
        -5.7091725201       -6.7013627317       -1.9887896475
        -2.3137685791        1.3169953708       -0.1562419699
        -7.6964387566        5.2920521983        2.9605837459
         4.9455914146        4.6334091509        8.3035997096
        10.4756495358       -6.3079390164        3.0520048710
         6.5612873510        7.2223249106       -1.8094263668
         0.1606911404        6.6752650447       -0.8042606248
         4.0516013656        1.9824955393        5.9524838363
        -2.6772064680        4.5797158312       -1.4742922893
        -6.5485456296       -6.8900462266       -7.2901970398
         2.6567639320        2.1533055128      -12.3358891176
        -4.2615619262       -7.3550698356        1.5446090001
        -1.1820991851       -5.3600999100        0.7648258462
       -11.1005819690        4.6606006065       -2.6189274330
        -2.9623225854       -7.2288547976       -8.7783769558
        -3.1899500462        0.8905753730        7.0882939325
        -2.3748986950        8.4581502918        1.0175811892
         3.4685010894        9.5027295019       -5.4622848478
         7.6031735890       -4.4842687624        4.5898589945
         3.2260570746       -1.8901166953       -3.2063339153
        -0.3744073455       10.2180154092       -1.8313845016
        -1.8456747749        5.5331961871       -8.7778589338
         8.0820325526       -9.0912885730        1.9146417620
         7.5192538811       -5.4614832549        0.9191644011
         1.9511821444        1.5935801917       -8.7394615919
        -2.9390164244       12.0494196617        0.0524264172
         5.0644067313       -8.1558876453       -0.2320950666
         4.4216825254        2.6817809602       -5.9092125412
        -1.9019603682        4.2878300351        5.8023371917
         3.8677947404        2.0296634995       -2.2097822523
         4.8155843791        7.8447115929        1.5017761006
        -1.7336531965       -4.6367301960       -6.4281785943
        -3.2244777259       -2.9444998019        6.4687123263
         4.5865320425       -0.4822801157      -10.3787985107
        -1.3247323907       11.2516585985        3.4061054082
        -3.4488929111       -1.1874567329       -6.2258112988
        -2.8318979299       -0.6485507827       -9.8769070520
        10.6687261278        0.2723516927        1.4790003338
        -5.4401895551       -4.1813967773       -4.9494115717
        -1.3463367170       -1.9441223984       12.6195883430
        -2.3431337836        3.7249557311        9.4852801087
        -6.1637412561        8.7983532920       -4.6978176942
        -3.8116864819       -3.4797344919       10.0971499825
        -3.7013986000        0.3406856463       10.7109464922
        10.4474550670       -0.6568742870       -2.2333811045
         2.7363613447       -9.5756477572       -6.2290487988
        -2.0033741523        1.3729798331       -3.7338764028
         0.0122652878       -7.5396694777       -4.5831852393
         0.9508200838       -3.6248051416        3.6091274543
        -0.1380257852      -12.1115848109        3.1042347966
        -7.3091306593       -9.2893515565        2.3958417567
        -8.5111706789       -6.4375432925        4.7141517491
        -5.3706939109        5.8355908960       -7.1670782779
         4.5200924608       -4.6070800970       -1.1893146016
         2.4482657575       11.9794709384        3.8565231317
        10.6245120757       -3.4700229422        0.4249672781
         0.0487154774        1.3430542897       11.3027483643
        -5.4469129904        6.6765279143        0.1482211970
         9.7790250289        6.5964613127       -0.1170366138
         0.3106926880       -0.0621496803        1.9309150585
         0.8346421352        8.1516849195       -7.9537040180
        -0.8681294001       -1.4293708185        8.9780565842
        -8.0511607670        3.9679211400       -0.6217281819
        -8.2513518006        8.6935787304        1.7009091095
         5.6027920732       -1.9668764896        9.2992093561
         0.7577405232       12.8801652518        0.5365722384
         3.9048284864       -1.1306729348       -6.7799964004
         3.7147572302       -7.0588250925       -3.7517393539
         1.8276913828        5.2750758895        6.3012927135
         6.3101961343        0.0119135302       -3.9318337084
        -0.3059672201       -4.9565762868       10.6014731090
       -11.4281632511        0.8834957224       -3.2193263981
         7.3380993802       -6.4387350153       -2.7345865856
        10.4263526664        3.0801429466       -1.2423387515
        -0.9665048648        7.0654189742        8.1485023060
         0.4336567734      -11.2135275075       -3.6122679469
         5.5497758655      -11.6899286188        0.7168873734
        -1.5975808277       -2.1008758354       -0.5773777290
         1.4504923476        4.6685793775        9.9707665654
       -10.3644780671       -2.6278002669       -3.9452654615
         1.8979354172      -12.3133780044       -0.2184070779
        -1.7516175745      -11.5915336501       -0.3685025817
       -10.5075271745        7.2063991274        4.4657004815
         0.3365388297       -4.3523964210        7.0730090891
         7.6743555237       -1.6889663229        2.0582448250
        -2.6505792338        1.4117636620        3.4701051108
         1.5175606712       -7.1490866609        4.7736776476
        -7.7527771325       -5.8325744876        1.1318978936
         0.8542533053       -6.8832116103       -8.2175308148
        -2.0283234208       -5.8388331714        4.3194502073
         1.7681659238       -2.7665113000        0.2826962202
         9.8518163586        3.7581043440        2.5591874855
         4.6690435829       -3.6721513521        2.3893427023
         1.4023876344       -8.7118052510       -1.1763101923
         5.9951978120       10.4285672140        3.8317782744
         3.2865809874       -0.6700092164        3.6236589258
        -4.7193314488        6.0593350698        7.5017256499
         3.5974307589        1.3804958513        9.7452326448
         7.8592033304       -9.9947437056       -1.8283500028
         0.9334173954        0.2486150518       -1.6617044900
        10.7165405375       -2.5817289866        4.1198846622
         9.6798674517        0.8538983973        5.2057093196
         8.1028571085       -8.0477660347        5.6220823920
        -8.8253954506        6.1084850213       -5.4822913136
         1.2171694817        4.6062737927       -6.7255633888
         1.8033920548        5.7990842587        2.4528049504
        -8.3052561683       -3.4478788146       -7.0996620656
        10.5398950654       -5.3774117454        6.7284362232
        -8.5319333401        1.1208522937        6.1047310972
        -7.9630832564        1.5078930123        2.3816421893
        -6.7879071665       -9.4186759463       -4.2737824535
       -11.2511940851       -1.6632798773       -0.2476421028
       -10.7485847867        3.4208068894        3.9719523997
         3.9023331562        5.8986643303       -4.2694696052
         3.0901402794        8.7543866382       -1.8237546140
        -8.2953609414        0.1910273676       -1.2262961273
         9.4041854838        1.8793648510       -4.7955233415
        -5.8785078534       10.0611259135       -1.0695293020
        -8.0048168006        3.1340501731       -7.8709630778
        -5.0320468120       -7.9355578777        5.1957116698
         6.4818629042       -8.9857177920       -5.3026298010
       -11.1644627130        2.1207803885        0.3965632860
        -0.9284947534        2.4972605618      -10.9833635052
         3.7538986688        2.3445957744        1.6377639349
         2.8596915446        7.9558458799        8.5072391749
        -1.4922956746       -9.3658349937        5.5931669989
       -10.7982983115        5.9127748728        0.9385776124
        -2.6079819109       -4.8326172306       -2.7897240970
        -8.7774637339       -8.5781337541       -1.1423699491
         9.0454984723       -2.0492789328        7.5910050120
         7.4687161343       -2.6148071600       -1.6427214693
        -1.0885277594       -4.1042061404      -10.0470935605
        -4.7928400679      -10.2751440607       -7.3638289349
