       -11.3317607973        4.0077319785       -5.9109482388
        9.9144132066        8.8767908786       -2.9582623844
       -0.2118491924       -0.7762529981        5.3901303189
        1.0429934681       10.2428156898        6.7221534287
        8.0646194893       -6.0864985817       -6.5060726861
       -4.9500449932        2.5453315338       -5.7196489048
        1.8077736062        5.2069534175      -10.2893713140
        8.2880875006        3.8477535507        5.6994600733
       -5.7489383358       -9.9452607701       -0.7169310525
        6.9896985182        3.5295077313       -3.1220493664
        5.0955332589        3.1589933025       -9.6725324928
        0.9446453603        3.9304344544       -3.2235549573
        5.2678199177      -10.9626899780        4.2678720575
        7.0118789407        4.1817388159        0.6482847361
        7.0091004298        0.4351407997       -7.7920046555
        0.7985920706        1.8956456425        7.6586730803
        3.2868422116       -5.2768859623        9.2275120471
        8.7502011352       -2.2877723301       -5.7835458355
      -10.0494772589        0.5437636809       -6.5411914545
        0.4426450327       11.0647118093       -5.3868921345
        4.8976848927       11.2968947807        0.4994208447
       -2.7531521641        8.1041059425       -2.5603709991
       -5.5097156625       -0.3822324476        4.5941170153
       -5.2226282680        2.2597355657       -2.0434519477
        7.5502667828        4.2134985899       -6.8770765621
        2.7830125379       -1.4752841989        7.2334434129
       -4.4871974058        3.1270515462       -9.3538966049
       -2.5548033991       -2.1855853855        2.8979951665
        2.0508096643       -6.3319950205        1.2075208446
       -2.1577122646        5.0982440334       -5.0489627168
       -5.6323125080       -4.1008071428        3.8887128005
       -6.0522830908       -0.9179447012        8.2577178069
       -8.2658874405        3.0790887822       -4.0170915056
       -8.0934483659       -1.8602206455        1.9078594539
       -6.2472096562       -4.7041717914        7.4968840778
        0.7229648279       -5.0274827195       -2.3055300345
       -1.5336788513        2.1086798536       -7.3161054237
        6.6572041033        7.3088076610        6.3697230108
       -5.5510096464        5.6687723394       -3.2997355346
        6.8924775362       -5.6133394840        7.9057213836
        1.1929422888        2.6038233887        4.0348621866
        1.7464573442       -4.3363442631       -5.8321961201
        0.5741126943       -0.8831667752      -11.2729686402
       -4.3756067744       -1.1817121967       -2.5717495532
       -2.3834201843        8.6795192899       -6.2591119724
       -6.5396926484        0.0573458867       -8.2249686534
       -3.9372954489        6.8309950021        3.9017867169
        4.5226639818        6.4205309591       -7.8727262108
        4.2827940662       -6.5107701179       -7.5467405112
       -0.0417538509       -1.4588344912       -7.6723465129
       -2.5452532681       -8.0591774394       -1.6140981885
        5.2423323245        4.7665920048        3.9896100355
       -8.2006810477        7.8957289056       -1.6954402946
      -10.8261113698        0.1343738832        3.5950443130
        7.2466088735        7.6874974662       -5.4572456176
       -7.1968729416       -0.3861646010       -4.5530348029
       -4.0059259910       -7.3213542666       -5.1042429844
       -8.9778131044       -5.6077684944       -4.0822516773
       -5.6915966269        2.8944198899        8.8344067477
        2.2995822994       -2.0731544614       10.9501217401
       -2.7672195271        9.5339774296        6.2673362855
       -8.5845715539       -2.2796780622        5.6085582173
        0.8341691746        3.1770990171        0.2245494877
        6.2695920091       -1.5789317222        5.4144340237
        5.5194264987       -4.0290947131       -4.9547640413
       -4.1571279613      -10.5931867236        2.7982080581
       -7.9139214478        5.3188583545        6.8273809474
        4.6386439677       -0.9318543890       -0.0838285255
        9.9635416158        5.3001644158       -4.0804679304
        3.5049554877        8.2693362057        4.7564723530
       -5.1194516724       -0.2115541993        0.9284920217
        6.5217391278       10.5403860570       -2.9102882569
        7.3034269125        0.9515146980        7.8796537367
        0.6830478628       -7.9352223268        8.2314927000
       10.1420614104       -4.8399735366       -3.4639743397
        3.8195142069        5.0980176155       -0.7969445239
        4.9652136534       -7.4050360680        3.2985168665
        8.4517296278        6.7279887154        3.1010485172
       -1.0616201942       -8.6641354468        1.9004646632
       -0.6448180627       -1.9937743069       -4.0715034533
        1.3630637741        0.9457438013       -5.1914916682
       -5.1809694855        3.4123634013        5.1933442877
       -2.9188893033       11.5719314841       -3.6159222513
       -1.5067905502        4.9119165922        2.1678572569
       -4.7597978883        3.5494952616        1.4772948145
        0.7038859704        7.5117418623       -4.3239338647
       -7.7469620989        9.0863653548        1.9162016098
        7.6436634926        0.8113150165       -0.6375394952
       -3.8196535043      -10.7853765568       -3.9169912712
       -1.5990296263       -9.8837017092       -7.0163187354
        3.9323253048       -4.5848651125        5.7197661285
        1.7202104931      -10.7474938938        5.7606836584
      -10.8588124646       -4.7346924440       -0.8617044026
        6.9245409836        1.3267664486        3.1525812795
        3.0926481580       12.1899235009       -2.8225057191
        2.3882242941       -9.9076483789        2.1914883016
       -7.6424822569       -2.9422096138       -1.6944746515
       -0.2377413116        7.6251946660        4.4250425576
       -5.0068096959       -3.4756257515       -8.5809357333
        8.3001574358        9.5167392884        0.4170519982
        2.4469660367       -3.7181439355       -9.4643518568
        1.8065917868        9.3081127861        1.5307003161
       -2.8079478674       -6.3715704215        7.9247662141
        4.3001561721       -8.2082725273        6.8835179868
        3.6931664268      -10.8706449792       -2.9844856489
        6.2600750656       -3.3494166709       -8.5538673697
       -4.7540731404       -3.7238446465        0.3174469420
       10.0147604994       -7.6912405456       -0.9031200906
       -6.5094850544        8.6918471904        5.6127086546
      -11.0611638903       -3.6456248005        2.8899418851
       -5.9854416919       -6.3975775569       -1.9501774279
       -2.2263346723        1.4332799269       -0.0983830246
       -7.3359144183        5.6552686704        3.1419242121
        5.3542852206        4.3606945684        8.2256586760
       10.2806449819       -6.7844859992        2.7964660041
        6.8886917941        6.9526425655       -1.9007697390
        0.4827140337        6.7021002241       -0.7688271270
        4.2820918848        1.7716849507        5.8816517981
       -2.4525611675        4.7236715590       -1.3964742777
       -6.9490903205       -6.4947058236       -7.2101087566
        2.5607094903        2.1561259216      -12.3769973827
       -4.5091755628       -7.1462912041        1.5597217727
       -1.3550084881       -5.2818286191        0.7370129396
      -10.8767296605        5.2196122215       -2.3724440570
       -3.4099171084       -6.9830107159       -8.7868829783
       -2.9655235928        1.0176412809        7.1510141806
       -1.9230010119        8.5943001587        1.1186586017
        3.8481062715        9.4043394219       -5.4734376919
        7.5274515371       -4.8351160395        4.3969049753
        3.1251385763       -1.9725469309       -3.2887753743
        0.1076428051       10.2732009648       -1.7600762781
       -1.7096326192        5.7079562254       -8.7065929170
        7.7378843738       -9.4404603527        1.6855296045
        7.3305205241       -5.7797758707        0.7239382703
        1.8995394785        1.6001612378       -8.7715563547
       -0.6867093059       11.3133160180        3.5035130562
        4.7320660678       -8.3471515878       -0.3995717794
        4.4742276597        2.5449682033       -5.9797296166
       -1.5492112468        4.3645520411        5.8637603277
        3.9656169024        1.8979182516       -2.2777146738
        5.2390960280        7.6269552168        1.4510320579
       -2.0152364645       -4.4695838257       -6.4395188490
       -3.1970658411       -2.8043119610        6.4967758855
        4.4048037464       -0.5806850331      -10.4776312327
       -2.3272790809       12.2144165051        0.1866570057
       -3.5695607196       -0.9519837757       -6.1654321893
       -3.0034694442       -0.4125212607       -9.8248463814
       10.7751159838       -0.2159030221        1.2522488444
       -5.6715274067       -3.8639024865       -4.8717894094
       -1.1559361574       -1.9492105844       12.6195368192
       -1.9410793513        3.7926009958        9.5499577450
       -5.7902216542        9.1317737036       -4.5186846288
       -3.7396578502       -3.3441295764       10.1310651555
       -3.4336103633        0.4637093168       10.7776322460
       10.4239831623       -1.0975503131       -2.4591363830
        2.2276652584       -9.6121876008       -6.3614402532
       -1.9640072526        1.5211248324       -3.6811691691
       -0.3620371538       -7.4630563467       -4.6471021095
        0.8915438925       -3.6612562580        3.5438762451
       -0.5887498192      -12.0875013543        3.0087422655
       -7.6442305399       -8.9606179941        2.4611761988
       -8.7021272894       -6.0297469078        4.8066279117
       -5.1850624340        6.1563642761       -7.0222471377
        4.3377043519       -4.7676347981       -1.3231708684
        3.1243019416       11.8518515594        3.8812105139
       10.5189542414       -3.9381297561        0.1816434302
        0.3678332636        1.2820999666       11.3022916490
       -5.0776580519        6.9403265478        0.2947425580
       10.0987507028        6.1505342912       -0.2786491090
        0.3870860262       -0.0606440509        1.9156802156
        1.1047048217        8.1969029148       -7.9215030487
       -0.7219885217       -1.4266052565        8.9746284596
       -7.8268817411        4.3684091305       -0.4386128884
       -4.4259431888       10.4938923941        2.9255966916
        5.7266331388       -2.2647536858        9.1724980808
        1.4144806321       12.8595820898        0.6023890606
        3.7649214508       -1.2251844874       -6.8704280041
        3.3696641492       -7.1637878993       -3.8838345100
        2.2287587277        5.1666614297        6.2934864615
        6.2838190157       -0.2188689097       -4.0566311904
       -0.2967880898       -4.9857919413       10.5522707074
      -11.4004472127        1.4627967636       -2.9874548251
        7.0349118157       -6.7190234082       -2.9336683593
       10.6048922718        2.6257205038       -1.4471284160
       -0.4350688668        7.0763788206        8.2100717721
       -0.0987235677      -11.1594073790       -3.7097390709
        5.0669745117      -11.9073910740        0.5175759511
       -1.6440945996       -1.9995359377       -0.5725130446
        1.8999085270        4.5490545995        9.9647571798
      -10.5133635634       -2.0974680727       -3.7364263525
        1.3748364772      -12.3547048133       -0.3526443161
       -2.2399584972      -11.4704067492       -0.4293200401
      -10.0224715341        7.6995510200        4.7115258831
        0.3030107775       -4.3855158466        7.0140863426
        7.6960065487       -2.0236662839        1.8932933797
       -2.4737981541        1.5359915066        3.5302065382
        1.3140240281       -7.2153579827        4.6742020414
       -7.9173380425       -5.4568087541        1.2184287432
        0.4297874476       -6.8181177759       -8.2935932158
       -2.1796268529       -5.7361065279        4.2984212910
        1.7073020459       -2.8071126354        0.2164040734
       10.0818685337        3.2861298519        2.3627608799
        4.6003944436       -3.8640166535        2.2571001868
        1.0329401480       -8.7256346696       -1.2742105758
        6.5894643049       10.1324815134        3.7752598833
        3.3620869829       -0.8212268872        3.5448795584
       -4.2414246175        6.2575432543        7.6318982903
        3.8842137558        1.1652835155        9.6766757305
        7.4051139751      -10.3031564381       -2.0609222161
        0.9600011584        0.2568312911       -1.6834553237
       10.7275149355       -3.0862872259        3.8827394281
        9.8301363577        0.3799312558        4.9902327266
        7.8711583390       -8.4265844894        5.3991871139
       -8.5908531033        6.5750299121       -5.2681770998
        1.3501596985        4.6282923738       -6.7258113803
        2.1481485873        5.7205799674        2.4466209276
       -8.5492067992       -2.9816770667       -6.9464538978
       10.4506460644       -5.8843827771        6.4792444862
       -8.3060194754        1.5193028321        6.2775027346
       -7.7947358283        1.8856006107        2.5421914274
       -7.2331366840       -9.0372789876       -4.2403702308
      -11.2949644844       -1.1082398810       -0.0359743389
      -10.4519197703        3.9374315374        4.2005504439
        4.1426546866        5.7722958022       -4.3178324975
        3.4964730510        8.6469243180       -1.8340150099
       -8.2705083848        0.6043775660       -1.0582865341
        9.4403853415        1.5079423390       -4.9783000844
       -5.3672534497       10.3537677483       -0.8871095616
       -7.9565819750        3.5819408719       -7.6874678816
       -5.2641978840       -7.6918343866        5.2148571646
        6.0122823932       -9.2040466907       -5.5025047026
      -11.0058846044        2.6705272068        0.6263155425
       -0.9785704752        2.6512276227      -10.9476849256
        3.9059929931        2.1851975133        1.5619277841
        3.4352264386        7.7775784294        8.4949043199
       -1.7816598178       -9.2918925512        5.5384740904
      -10.4436152367        6.4396301923        1.1838289238
       -2.8188895132       -4.6616203286       -2.7891433669
       -9.1337571332       -8.1605969336       -1.0870745684
        9.1276707740       -2.4961634620        7.3859716966
        7.3692427951       -2.9138187257       -1.8124561660
       -1.4227448238       -3.9394318292      -10.0659651059
       -5.3417328353       -9.9573985591       -7.3685718214
      -11.0454499755       -7.2957022251        2.0427318929
