        -3.7323916636        0.1898202499       12.3591273429
        3.3829598806        6.2080854848        8.3050675256
       -2.1199248467       -3.8357445953       -6.2687676847
      -11.3023773930        0.2422424295       -4.9807032204
        6.6657951895        0.7005568233       -3.6851998210
        7.8726489952        9.9516828401        0.4720356003
        2.0575139193       -0.1181535773        4.3653976106
       -9.0000737574       -8.3683773117       -1.1365344706
       -5.4833494331       -6.8130580656        1.8747498260
       -3.8783083684        5.3832071004       -8.7429572473
       -2.9034690492       11.7180300551       -2.6205347765
       -5.3172865963       10.5375491889        0.0283333266
        4.3730980294       10.9545922245       -0.7542931485
        1.3905513159        8.7437945371        0.1642269018
        6.0481409915        4.4667581085       -3.8511810168
       -8.5154070503       -8.5846230030        2.6798457232
       -6.0147040595      -10.1871245468        0.1559416048
      -11.5789531230       -1.5590564948       -1.6768574472
        5.9301012621       -2.6277948382        0.1123281185
       -2.3209869787        8.4273456026        6.5444329034
        5.9817603755       -9.7010809863       -3.3762869144
       -7.7018710828        9.2297026448        2.6568573430
       -6.7556098377        1.9092510176       -5.6059362771
       -7.5046759608        4.0118146400       -2.4494057105
       -5.6557831219        2.2069374403        9.7486564162
       -4.0162360001        5.3471697775        8.2091165552
       -3.3066651260      -10.3273896214       -6.0705136680
       -6.4985865150       -6.8240221822        5.5170687740
        1.8258086600        2.7919461069      -11.0683621307
        0.7488656163       11.6736062273       -1.8799290672
       -5.8174066512       -1.6749171506        9.7594698726
        7.0701509285       -8.5629162351        4.0825340578
        2.5559727671      -11.2995589841       -4.2899439422
       -8.7087844961        9.1533286974       -1.1288538618
        1.4847400507       -9.2264849314        3.9146282491
       -9.8390961034       -5.3745242346        4.3274933617
        1.5878382470       -3.3503742532       -7.1934185180
       10.3257723135       -4.7050347981       -4.1366256337
        8.1962265624       -3.2167820222       -6.9752832850
       -2.9718956131        2.4126576856       -6.6220267365
       -5.9822568558       -6.2667064500       -1.8317702058
       11.6520023412        1.4676370976       -1.8354507852
        6.8730837284        9.7174266666       -3.3090126071
       -8.3824923360       -3.3562616895       -2.5351456137
       -9.8513379950       -1.5201663239        4.4270718706
        3.8538581049       -7.8872104176        1.1635714712
        9.6899359413        4.9302372099        4.6664575757
       12.0173446853       -2.3952206004       -1.5694424331
        1.0462473219       -0.0238504404        7.9321266997
        7.4091490478       -0.2686607392        9.4579465135
       -5.5996746564        7.2902569920       -1.8582843408
       -8.4357511684       -4.6901110283       -7.7109083676
        2.3596392745        9.0495079411        3.8981468807
       -5.0116583258        5.2543521936       -5.1127507047
       -5.6370046612       -3.1575547079       -0.0454794348
        3.5679756404        5.2009746380       -8.6164550689
      -11.7248771246       -3.3790044732        1.6355998473
        0.5330497372       -9.3579278458        7.5210006505
       -4.5765157279        2.1495535844        6.2006892684
       -5.4166134146       -1.2733369180       -3.3351172181
       -4.1763548950       10.4084751472        3.7999469487
        2.7537737896        3.0491879471        6.3634100783
        6.5706273344        2.8325576744        5.3668542975
        3.8364982395       -4.8938778625       -4.4537047020
        9.4960653152        2.9694741147       -4.6629146845
        3.8789717797       -6.5483985122        4.6980761686
        4.4046488977        2.1849997362       -6.4277720065
       -7.2975657733       -1.4867712683       -9.5082043885
       -0.3916655351        6.3240220145        9.1749517637
        3.7123900010       -0.1202814126       10.5133339053
       -2.6636376906        0.1354658052        8.8201557554
       10.1058659605        6.9694902349        1.3811539791
      -11.4818018727        2.3022633588       -1.6869336898
       11.3834477056       -2.2718068791        5.1143722496
       -7.8111962456        0.3454537022        7.1398782584
       -8.5779657253        2.4043310455        0.7986465515
        3.2583455333       10.5044611105       -4.5090902092
        0.4609216469       -6.5049551933       -5.3699640933
        5.5626590435        1.1430880911       -0.1437950116
      -11.7109936700        0.5099033471        1.6765655689
       -0.1261889415        5.7868367090       -9.6268972199
       -5.7307574186       -4.3784878862       -5.1819626789
        1.6071030081        2.5390366414        0.3907606513
       -1.1281491650        8.3656232737        2.9568748257
        7.5420612428        6.6978059552       -1.2607294140
        2.8131310838       -0.7864216279        0.8060748306
        7.7958503961        0.6344441357       -7.2695221860
        0.5917831428       -0.0300995819       -1.9595714537
       -4.6318434385       -1.0079817072       -6.9923950133
       -9.7075349728        2.3621859586        4.4068885104
        3.1068186271       -4.6887219830       -0.7958337872
       -5.7676224484        8.2991004629       -7.1046558766
       -3.6419136027       -1.7084822172        2.6686217575
       -8.4642843007        0.4802260705       -2.5524677547
       -3.6253371974       -1.0656500190      -10.5783653413
        0.0811960245       -0.6306074388      -11.5426530161
        0.6669586454        6.1965990834        5.6048356479
        5.0053169743        9.1829350056        6.4951018035
        9.1795995065        2.7397747588        7.8497005247
        4.5325192097        5.9719435084        4.6853729169
      -11.0868241158       -3.5861464048       -5.0456940437
        4.5549156955        4.6005935288       -0.4139834097
        0.1031507649      -12.6052493334       -1.5278542461
       11.8207429857       -4.2384014526        1.8822709335
       11.2524131910        1.5503632432        4.8272517976
       -8.7533635716       -6.5787416403       -4.4491113307
       -8.1612672617       -1.4769500858       -5.8774940343
       -0.5603538215        0.0285033378        1.8555236871
       -1.0749373542       -3.9090110806       -9.8786652448
       -4.2405858955        2.1345137804       -3.1195289442
       -1.7757875192       11.6452873274        1.1007314147
        5.4530917120        2.9896186401        8.9756916092
       -3.1274639080        8.5556165712       -4.5114106656
        9.1023981857       -4.4829544597       -0.6177924863
        3.3318499203       -3.6332789919        2.7584296836
        9.7471887438       -7.4410540112        1.4941535457
       -5.9007509901        7.3530342164        5.4838360573
        9.2948300908       -7.9212948408       -2.3018987764
        9.3312683555       -5.4924993017        4.6983227645
       -3.4838328707      -11.5987485430       -2.4376657087
      -11.3535429090       -5.3938760902       -1.7041093764
       -1.9144721682        2.3929606388      -10.2289978396
       -9.3733169826        6.1766249701        4.2907267092
       -2.0534134683       -8.0908325894        2.9124351825
       -0.3259602081        2.8298803088       -3.9939469844
        7.6059312521        8.1065532206        3.9684279627
       -2.1448420674        8.5556630559       -0.7680688202
        3.9788181260        7.5574430763       -2.4330534003
        2.4579758748        5.2162455524       -5.0252958755
        7.1799360924        4.4573563711       -7.4000591067
        6.5499513906       -5.5841300829        2.0748897451
       -6.7297972927       -3.5456221354        3.5206805465
       -0.2326580349       -6.2580873180       -1.6930196437
        8.8161285609       -0.6520246996       -0.8461170868
       -1.5040204861      -11.2183884296        4.8426512826
      -11.4626706371        4.4122181653        1.5901514647
       -6.6807556389        0.3057091795        3.5563594786
        2.7019737393       -0.1374194111       -8.9471130266
       -2.0746885098        8.7266251035       -8.0877990223
        3.5863292284      -11.2432228359       -0.6509533543
        4.9263778346       -4.9958328575       -8.0496097558
        6.1200118888       -3.5356775682        5.3108067778
        8.3581818467        3.1187329778       -1.0602163444
        0.7589748268        2.8427408304       -7.5388547890
       -5.6126799620        0.6392935264       -0.0083972514
        4.9169227099       -1.6425553339       -6.2142864306
        9.9905037508       -0.8781984202       -4.4584819945
       -1.7986619989        2.3545031510       -0.6349271381
        0.4050193632        8.2467666997       -3.5408198462
        7.0615194870       -3.1213835725       -3.4286030873
        3.8185050105       -1.5254672276       -2.6754496665
       -4.9232771846        4.1840340710        0.0572887075
        4.9428228283        7.8608257736        1.3167399236
      -10.6611922000        5.9338112510       -1.8578673923
       -3.3596312253       -4.9553816084        4.6401287784
       -1.2653790162       -3.0664578375        7.2807526277
       -1.9962732416       -0.5577326930       -4.4463381835
       -8.2671113320        7.1402620193       -4.5129898715
       -2.9518822510       -4.0759962592       -2.6349732023
        5.2562156916        7.5249153643       -6.0172766849
        7.1334200491        6.0244283994        7.2827867667
       -0.2482825697       -3.0733098829        3.7144548217
        7.1339617958       -6.5179528284       -5.2305418540
        1.8555473714       12.0639302204        1.8279775527
        6.5886193250       -6.5836408817        7.3118975860
        0.4401389384       -9.3656212844        0.2215348428
       -2.5256330083      -11.4661886319        1.2093675925
        3.2677598267        2.2317862077       -2.8994618295
        0.1460689491       -6.2007346689        5.6379345237
       -6.4078694231        4.1163504875        3.5002065199
        1.6377200529       -0.0832969316       -5.4230289561
       -2.6409155702       -4.8977781587        0.9741420265
       -6.2254989264       -9.3912910880       -3.6625930463
        3.7819338013       -8.2133084115       -6.2207706468
       -1.4766390622        5.3258595329        1.1686968969
        0.1528030150       -3.0261049466        0.0370461235
        5.9840890443       -1.7000693684       -9.7435900137
        6.9427181279       -9.5950845259        0.3172476102
       -2.9024620791        5.2527994555        4.6214011653
        1.6948137469        3.1441045727        9.9676679359
        5.3434477239       11.0828739806        3.0852289635
       -3.2279365408       -7.1355250715       -4.4016717505
        5.1700275295       -3.3727322952        8.9918961519
        8.6756272873       -2.4330764832        2.6021298165
        4.2422250012       -9.6182346743        6.5484405747
       -8.6923696207       -1.3984423460        0.8047264421
        0.0889354949        3.0730688159        3.7218850392
       -0.9819169493       -0.5783074184       -8.0120467702
        1.5970904376        8.2076349901       -7.1288250451
       -4.7404398871       -1.7232207227        6.2106720489
       -0.6027867595       -9.5352399616       -3.4710994618
       -9.3383953651        1.4369103427       -8.0727628273
       -1.6050753752        0.0816313347        5.3149214220
        5.5315045538       -0.5837793724        3.2878111623
       -3.0092128826       -8.1490575254        6.5951684978
       -1.0001457052        3.1998218977        7.2646066067
       -0.9046574672       -6.2157495823        9.2126241834
       -7.5994722209        4.9207813923       -7.7023267135
       11.0512596285        5.3300325470       -1.9749924036
       -2.3333674937       -3.0186363936       10.8322686212
       -2.6975239889       -1.0849035985       -0.8535293625
        1.2866811107        9.3322211092        7.4615369695
        1.4294809958       -3.2191827424        9.9852685722
        2.8152887479       -8.0288309906       -2.5450319465
        0.3663474236       -9.7879908355       -7.0662384953
       -0.0184860129        0.0327522092       11.4844930010
        5.4739954545        2.1309817621       -9.9564716432
       11.2531053261        3.4237276457        1.4190082008
       -0.5265530277       11.4110712583        4.7853107914
        1.5181940155       -6.6301929672       -8.9395746845
      -10.0535243566        3.7534832032       -5.0205490388
       -2.0718519557        3.2623333410       10.8147757789
        0.8244042950       -6.1042417386        1.9510907278
       -5.9163113342       -7.5669301673       -7.0022120401
       -0.4647114086       11.1137234763       -5.5415879227
       -6.2850016931       10.3548007961       -3.8097009480
       -5.6468592049        1.9575532896       -9.2204562103
        2.6511559112       -3.4068262888      -10.7238995975
       -8.6308586095       -5.2466537993        0.7986553011
       -7.5451580486        4.2113581851        7.0470732263
       -4.4455554876       -4.9488428031        8.2375993355
       -7.8622048637       -3.5386525542        7.0703666163
       -2.2248851048       -7.1433622221       -8.0472526871
       -4.6220236160        7.2928213440        1.9004448474
       -4.7894709878       -4.3435503284       -8.8687267223
       -8.0901413529        6.0485264246        0.7884473488
        2.4712272723       -3.2598122363        6.3749761055
        4.5432758347      -11.0774905011        2.9950814487
        4.0513906886        2.6852552204        2.8787040791
        7.1344509122        4.8076855840        2.0918058660
        8.8358013763       -3.4546832173        7.8459669222
       -3.0906055741       -8.2586727799       -0.7954230399
       -3.4335137236        2.0901906225        2.6732139379
       -5.0578598565       -9.9918163030        3.8470800873
        2.8711980520       -6.4362441889        8.3407365958
        8.8171231649        6.7376212404       -4.7679739625
       -2.4577260989        5.4376927616       -2.5446299542
       -1.1787423287        5.7729111317       -6.0537258910
        4.7175125027       -0.1797160793        6.9260052931
        6.1129324718       -6.3880346308       -1.5922786713
        1.0641454028      -12.4550013094        2.1544172946
        1.9792478725        5.7747226631        2.1173937983
        0.5651440067       -3.2494866027       -3.6314458762
       11.6989169886       -0.4070354759        1.6325610176
        8.4104975693        1.3897872881        2.3971670647
        8.2772293312       -0.3909754462        5.8302197968
        1.0216860406        5.3600626503       -1.5798831212
