        -0.7076731427        9.9304866537       -8.3049447121
        -3.3274469318      -10.5337392266        1.8023612137
       -10.9145363276        4.2606879357       -1.8590189030
        -5.5651810516        1.0662511565       -9.3596881967
        11.5344826019       -3.0042219794        3.1653494694
       -11.0824983763       -4.0551459452        3.8288126417
        -1.5079243667        4.5742635018        2.9806069235
         5.1088875520        5.6168972447        9.0477640910
        -5.4506070358       -7.7147731183       -3.7096862292
         7.6120874360        7.2024335151       -3.1453079001
        -4.0743763512        8.2638572886        7.4332163973
       -11.3316023542        1.6750132532       -4.7637000648
         2.0849911687       -4.3905318219        0.2467219542
         9.3627191820        2.1559702233       -3.2700413970
        -4.8047206720       -2.5634243366      -10.5394506080
        -4.6303961053       -8.3265380390        4.7221376791
         0.5058496705       -7.0983828505        5.9364334072
         9.3180456068        0.9888508931        0.3885342858
         0.2249725448        3.5737966177       -7.2090047720
        -5.7697622026       -0.0348293370        2.9359949827
       -11.7759532253        0.6332987873       -1.0346265050
        -0.5058739389        7.0987220433       -5.9367170854
        -2.7876203853        1.5332021737        4.6878038853
         3.6404379629       -4.0470464353        9.1344965481
        -5.3033751022        5.0596588028        9.2991770157
         2.5664564127      -10.0867666942        4.9726118881
        -8.1048973031       -3.2995158001        1.9472322180
         8.6668672687       -5.4737772798        3.8246713490
        -2.8639830949       -0.6644878594       10.5517400254
         0.4567611073        0.7787691604       -4.7826437182
         5.8821817386        6.4557641133        2.0159132183
        -3.0133628879        9.8125199509       -5.2631687427
        -6.8047512286       -5.0511411335       -8.2260449326
         9.3040272101       -0.1747983461        4.0488442554
        11.6585020694       -1.8450663401       -0.4328430227
         2.4693397971        7.9787106340        1.0307403002
         1.2153817169       -1.7293119253       -2.1712637123
        -8.1567580137        7.0002800239       -2.0433505176
         0.1087052534       -1.5254064510        1.2757376280
         1.4515761350       -2.6185840165       -5.7405785474
         3.5238062241       -4.8230708111        5.3949500400
        -2.9191649696        3.0755155161       11.6595671610
        -9.1359345574       -0.1985167370        8.2815686462
         3.0135850691        2.6911750261       -2.7137897767
       -11.2392705137        3.0954647629        1.8929815301
         9.5774924643       -2.4319193902       -6.5193565849
        -1.3127993387      -10.2714699566        5.0823115292
        10.4942184857       -5.5211946538        0.3889605361
       -10.4069650364        5.4220257953        4.8342633564
        -5.3886117510       -1.1487740413       -3.4002200461
         5.8400826952       -7.2243771516       -4.0853951860
        -5.6196332655        4.3215594557       -2.7729254512
         0.3241743528       -7.5753396826       -0.6679136856
        -0.1087172195        1.5256085591       -1.2758513456
         8.2853365713        4.3288321687        7.2673958380
         8.8733434208       -6.2103760548       -5.9281482305
        -2.2596554230       -1.3875634073       -1.4665030767
         4.2269742144      -10.4153465650       -5.0736884232
        -3.5565174724      -10.8254086231       -4.9079022076
         7.6689355292        3.1913376402        3.0634948714
        -2.0601154734        0.1419159328      -10.7576079391
        12.4769811103        1.9377915368       -1.2819104760
        -8.2602919671       -1.6485770417       -9.0074053210
       -10.1020060817       -4.0558899194       -6.5247681072
         9.3627649862        4.9526339900       -5.7415516731
         6.7394347705       -5.3165234652        7.1829426774
        -5.9908823915        1.8081364848       -5.6267094598
        -6.2631923337        4.6398366198       -8.0330120304
         1.4654621362       -0.7877804682      -11.9326104306
        -8.9646900638       -0.9682771446        4.6567518774
        -3.4919811895        7.3189815885       -8.2039884195
         4.4287927697        3.3743026359        1.0399189529
         6.8556452810        7.8811599351        6.5862825183
        -5.9999573875        0.6683911560        6.4859639468
         2.3046348582       10.8749149689       -1.3076041332
        -5.3100569355      -10.7116286508       -1.4898723840
        10.9355554169        4.2434095154        1.3760762921
         0.2349955719        0.1106493885        8.4111483764
        -1.5238665862       10.3787294537       -1.7449308319
         1.7861561089        6.8275022893       10.5479284054
         2.3979878898      -10.5390611289       -1.6978727686
         0.0215224067        6.4095162004       -9.5908544263
         4.3925789093        6.0035636921       -1.6148519771
       -11.2300385977        1.7905388845        5.6341932161
         0.3946576774        2.8138887623        5.8170235337
        -4.7980623055       -5.4269651469        2.3374378060
       -10.1464972380       -5.3666449272       -2.7856803924
        -0.3059859201        4.2937802348       -3.5909212315
        -2.7387157034       -5.1182493233        5.5756309768
        -1.5128858209       -7.4256350366        2.7121615993
        -5.1471461330       -2.3550769190        0.2395047983
        -1.7136896537       -4.5379202417        0.3941744687
        -3.0055093693        1.6380806661       -3.4601144104
         3.4514760205        4.8004624366       -8.8389949078
        -1.2387308022       -3.5171188130      -11.8321189573
         3.5163550860       -4.4449908064       -3.1286654444
        -6.8610510653       -5.5401127902       -0.8643660760
         0.7959425445       10.4441460321       -4.8325080978
         3.4029537899        2.4439010891        7.8077657081
        -4.9020393958        3.5941143942        2.2295334656
        -2.0288406797        6.5549330005       10.2647252441
         3.7325993980       -7.6606686155        7.7742063507
         7.5196304298       -7.8998263192        1.0154175987
        -1.6242509086       -8.8713732311       -7.6721033120
        -2.5527788168        0.9101541848       -7.1133826883
         2.0096774293       -7.6016689053       -4.0853182595
         6.9000454057       -4.3416723171       -8.5455101124
         6.4677638385       -2.4859013236        4.7752702522
         9.0986539267        7.6004520929        0.4290995520
        -3.7095004467        7.2375488563        3.7680435903
         2.3575659174       -7.2432047878        2.6004944742
        -7.9161323595        3.9717948256        0.2481548292
        -8.5544990378       -0.8918550872       -5.3876791084
       -12.0434007148       -0.5074376488        2.6733744356
        -1.8084432794        5.5327925221        6.6708249943
         4.0410497595       -6.2092651163      -10.3047713980
         7.2516834279       -5.0619670091       -1.4687472475
         3.5476167710        9.1263252229        8.0745282071
         7.1643599212        9.6216263199        3.1622607718
         0.2141628836       -0.7073305024        4.8102588014
        11.6633265281       -0.6353492059       -4.0068462549
         6.8452339088        3.1114478321       -7.9656768320
         3.7649018880       -5.3510606391       -6.7191110347
        10.8984179339        3.0303233254        4.9486921998
        -2.8699186653       -2.2615738515        3.2145983427
         4.2357963262        8.8880345729       -4.0181878940
        -5.4872239571        1.2275393751       -0.6820964772
        -3.8254327231       10.1705430112        1.3843641205
         4.1185672488       -0.7140212880       -3.8221737524
        -3.4936922364       -7.6369230789       -0.5351455269
        -5.1717401347       -1.8535259984       -6.9512207372
         6.1742178299        3.8283895975       -4.2476270181
         1.9939742297        5.9621116475        6.9593122093
         0.3059691551       -4.2935418609        3.5907241237
         3.2764635873       -2.0230942926        2.9760162979
         2.8668468782        5.5020164026       -5.1284876619
        -3.6297232658       -5.2831817757       -6.1069883279
         9.1227782515        6.3694486098        4.0434675169
         4.4697361563       -1.6079684715       -7.4791603675
         8.3949350091       -1.4870736764       -2.3944159223
        -9.8949750698       -6.4707882397        0.9908842207
       -11.6215263689       -2.0060058041       -3.6616584897
         3.5507833650        1.5281820061        4.1417127659
        -1.7872244154       -7.8219876075       -3.9987694479
         6.5136842380        1.9936946950        9.7139388700
        -1.3271659674        7.4694599349        0.6253538531
        -7.8985487360       -6.2619094948        4.2877242180
        -2.5441677275       -7.9595246894        7.9517040747
        -2.6118616895        0.8716739516        1.2649502634
         1.7025770376       -3.4953245375       -9.3747465960
        -1.7495179494       -2.7554383166       -8.3479106145
         6.6649753669       -1.6767762286        8.5293431074
        -2.7929230656        3.7648989152       -9.5451601923
         0.4300193318       -2.6951723236       10.8550077930
         0.6453890711        1.9261893808        2.2483081737
        -5.3054806377       -8.3968323347       -7.3343716785
         9.6520361074        0.7122432803        7.7625236880
         0.5740600272       -6.3459608987        9.6153864215
         7.5641117285       -0.4993362105       -9.1253152712
        -8.9820985470        1.9281499924       -7.7948381650
        -1.4811222347      -10.7335946737       -1.6060471325
        -0.0127578918       10.7926491105        1.7973475247
         2.2301558993       -8.6332684532       -7.7463135368
        -8.3673434234        3.4404418272        7.5936303741
         4.1805016278        1.1911891337      -10.0407351414
         3.8398737577        8.2521314642        4.4899407408
         6.5433247242       -3.4933032004       -4.8336296241
        10.8691488400        5.3825511147       -2.2301017221
        -2.7185608457       -4.3496443008        9.3145269280
         5.1085737641       -2.3632051344       -0.6440909127
         4.8263648407       -2.4500865278      -11.0809233968
        -0.0536375907       -5.7317962456       -6.7500535485
         7.6841013181        4.3691157804       -0.6060681128
        -8.7913975303        0.2952528648        1.0031564639
        -0.2670398287       -4.7631783456       -3.0557723670
         5.4051656396       -4.9626304101        2.0232280733
         6.1337947173        0.0882537131        2.0688510998
         9.6871235553       -2.9301531754        6.5367615489
        12.4564971366        0.7093445535        2.3230220075
         0.1541736258        3.6916830252        9.4517869614
         6.5203626570        1.1662803336        6.0408805373
         0.2793137891        0.9729276256       12.0054490624
        -8.4261493958        1.5447209766       -2.6371423648
         3.0107615463        0.3187365849        0.1246640834
        -3.3386348030       -5.9770550675       -9.6577910305
         0.2438066719       -6.7459541572      -10.3404224568
        -2.0098480815       -2.0407892073       -4.8864354501
       -11.4278371821       -3.0985167196        0.0660591511
         3.4231537938       -1.1995118811        6.6917975791
        -7.5351844867        7.0340476516        6.7996202710
         5.2467780995        4.7455593468        5.3263990451
         3.7960058008       11.2163351534        2.2225044021
         6.2327028456      -10.1516063740       -1.8038061078
         6.0438461152        6.6739403046       -6.6494649553
        -8.6549492904        4.5046767434       -4.9789646284
        -6.9912032581       -4.2960790584       -4.5410971868
        -8.4233005673       -2.1225437072       -1.7211681481
         2.6716049149        8.3409742886       -7.5071646266
        -5.1474610753        4.3528179467        5.7424896467
         6.0349359484       -8.1088482703       -7.6739847907
        10.5591605152       -4.2810191676       -3.2214326281
         8.3531807214       -2.6672763777        1.2743548408
         0.9929320215        7.5993519957       -2.4609587799
         4.1633071921       -7.2741639104       -0.7538427808
        -5.8678539327        7.2124573734       -5.1607876868
         4.4171930077      -10.1610244433        1.5880990603
        -8.0856946656        2.6958465134        3.9126336005
         3.4951915275       -0.3760696131       10.3608466133
        -5.0491069964        6.7301252477        0.1784201874
        -8.6041482722       -7.4406333458       -5.6275683252
        -5.3015333177        9.6177698634       -2.1626832183
        -5.9699585355       -2.2907969293        8.8778807825
         0.3741309006       -3.5097763690        7.2336851653
         1.1315211961        4.7324117711       -0.1126459973
         0.0292137340        7.8175979160        4.1696738453
        -6.1382070690        9.7952070120        4.5033393783
        -2.8070858191        6.9673569778       -2.8928523064
        -3.8404397901       -4.5210611345       -2.5927421112
         1.5171369374       11.0248972629        5.3135256218
        -8.9894531767       -3.8362883744        7.0447166009
         9.2581292715       -7.8790011998       -2.4767366167
         0.5470226306      -10.4817955190        1.7038547385
       -10.3055081505        6.6794206632        1.1249210591
         3.2757513321        3.3101261955       11.4193522561
        10.1923987021        1.3941568516       -6.9336069935
         6.1656288682        1.2159069109       -1.5572526501
        -7.2335760054        6.3684726752        3.1811694879
        -2.5884781738        4.0815660871       -0.5738976772
         2.2388812047        5.0555712809        3.3685543151
         0.9455132301        0.0147661386       -8.3621562587
        -5.7916552840       -5.9195887971        7.5296256259
         5.7542072876        9.3094808347       -0.4615247338
        -6.6480678299       -8.5718708871        1.4251827464
         5.6586793351       -7.8369246702        4.4308419659
        -6.0875304101        1.4068132839       10.0859476785
        -2.3217777440       10.5423088116        4.9199174331
         7.0935299743        0.2797555338       -5.4721633133
        -2.9705152098        2.2555373559        8.1520731859
        -2.8827885343       -1.4864868202        6.8859893506
        -5.9215234902       -3.0728578611        5.1291298243
        -0.2751580330        8.8398127942        7.8274185599
         3.6351081390        1.9496900807       -6.3976540413
        -8.5480464861       -8.6813258609       -1.9116915378
         0.7486378471        2.8204500078      -10.8059956782
        -7.5417427770        9.3471012542        0.9535035096
         0.3531091382      -10.7525327872       -5.0021834985
        -3.2817108884        4.4794267115       -5.8273063591
         0.7076520858       -9.9301907891        8.3046964968
