        -9.6498326813        8.9389287569        4.1048353449
        0.7470264046       -9.9651761859        8.2906756121
       -3.2440119949        4.4449248998       -5.8373272633
        0.3926340084      -10.7881630213       -5.0194343103
       -7.5009844276        9.3273045113        0.9660582805
        0.7856865201        2.7863220583      -10.8202113708
       -8.5078224586       -8.7239825413       -1.9308291706
        3.6736323424        1.9136502550       -6.4133868200
       -0.2309796459        8.8075015926        7.8107738141
       -5.8795232967       -3.1173715067        5.1159195252
       -2.8443498266       -1.5193606771        6.8660952488
       -2.9377684378        2.2332840874        8.1289121506
        7.1336295256        0.2430657138       -5.4895203146
       -2.2475124022       10.5182975104        4.9086442580
       -6.0504368937        1.3844680074       10.0618710985
        5.6974319540       -7.8740485501        4.4161082069
       -6.6077670463       -8.6118515563        1.4088916185
        5.8023535022        9.2715963299       -0.4804663968
       -5.7524211089       -5.9592069798        7.5177616211
        0.9833704122       -0.0199605392       -8.3772864318
        2.2743077667        5.0207318806        3.3498337940
       -2.5503400167        4.0446128060       -0.5849690070
       -7.2049409557        6.2969346669        3.1593773229
        6.2028115030        1.1818836073       -1.5706885065
       10.2319718092        1.3570643190       -6.9512444633
        3.3107612526        3.2760985236       11.3987687477
      -10.2956920757        6.6514781820        1.1118340505
        0.5866783875      -10.5187203180        1.6881605724
        9.2943414598       -7.9138196240       -2.4931253378
       -8.9509487068       -3.8791597439        7.0336623352
        1.5776553863       10.9876580687        5.2973472298
       -3.7993579667       -4.5610876204       -2.6117069366
       -2.7658883060        6.9328548005       -2.9026668247
       -6.0332539127        9.8562193394        4.5089346319
        0.0703001629        7.7815744596        4.1495820591
        1.1694572402        4.6995450559       -0.1307270836
        0.4119288501       -3.5425997796        7.2158210990
       -5.9299467559       -2.3244698813        8.8600754508
       -5.2600970606        9.5822541068       -2.1672931307
       -8.5638750261       -7.4800974832       -5.6473425070
       -5.0051309677        6.6973463797        0.1687428554
        3.5294128775       -0.4099652248       10.3427359223
       -8.0581968633        2.6312218801        3.8979229083
        4.4558297860      -10.1979154264        1.5724275357
       -5.8292462229        7.1778716355       -5.1660670580
        4.2012379646       -7.3115231131       -0.7702020707
        1.0363952426        7.5656586413       -2.4778400023
        8.3897813251       -2.7029807769        1.2595494428
       10.5934405611       -4.3169591852       -3.2385307258
        6.0730392827       -8.1446159442       -7.6914990324
       -5.1160659716        4.3228763291        5.7238619895
        2.7106589473        8.3048777066       -7.5235220899
       -8.3828483692       -2.1647126626       -1.7418526646
       -6.9506987653       -4.3357616532       -4.5606116776
       -8.6153313690        4.4700556740       -4.9870161232
        6.0836136989        6.6364850240       -6.6668375808
        6.2707230452      -10.1884343454       -1.8204311925
        3.8495677088       11.1791208786        2.2031683544
        5.2831783745        4.7067495865        5.3065572538
       -7.5309408095        7.0467517335        6.7454387584
        3.4603404735       -1.2360736215        6.6751007574
      -11.3866657052       -3.1452915619        0.0450881958
       -1.9693279213       -2.0783503453       -4.9047908626
        0.2825097935       -6.7792315847      -10.3564227886
       -3.3003558136       -6.0118581925       -9.6775060527
        3.0462626701        0.2885001024        0.1144003713
       -8.3896661529        1.5043714099       -2.6556112998
        0.3112496928        0.9442718037       11.9851699560
        6.5537595817        1.1278611068        6.0207446972
        0.1885201456        3.6616385092        9.4313047799
       12.4963283928        0.6703062777        2.3055416227
        9.7255946229       -2.9674347823        6.5208039191
        6.1718481951        0.0551003681        2.0550519309
        5.4435053173       -5.0006416912        2.0072528709
       -0.2251869289       -4.7985732054       -3.0718084386
       -8.7516252716        0.2486989208        0.9834768760
        7.7265810335        4.3331557745       -0.6228942565
       -0.0134921704       -5.7656728025       -6.7656320708
        4.8646162440       -2.4847324886      -11.0983647720
        5.1440590320       -2.3952525401       -0.6567506594
       -2.6806761102       -4.3819060150        9.2968354505
       10.9122538971        5.3436741006       -2.2486664580
        6.5834295131       -3.5293625247       -4.8511438425
        3.8863798493        8.2118168791        4.4703852728
        4.2184396418        1.1560098160      -10.0568790228
       -8.3288234489        3.4140524532        7.5713683092
        2.2688889331       -8.6679917251       -7.7628461905
        0.0436652040       10.7596564091        1.7787717314
       -1.4410190973      -10.7710327305       -1.6229053834
       -8.9420490701        1.8937086185       -7.8071505428
        7.6031284544       -0.5349436659       -9.1435203541
        0.6114570348       -6.3786916396        9.5988836232
        9.6868100542        0.6752554763        7.7440469601
       -5.2657948136       -8.4333059166       -7.3539996147
        0.6716925098        1.9017343708        2.2317351503
        0.4645512337       -2.7254541424       10.8360135297
       -2.7556905486        3.7310428000       -9.5564252883
        6.7016738910       -1.7135396822        8.5129520944
       -1.7106633614       -2.7911886601       -8.3658050942
        1.7417486006       -3.5291474873       -9.3906792934
       -2.5762106435        0.8292244165        1.2454148878
       -2.5048198989       -7.9961649726        7.9382330418
       -7.8583132936       -6.3028441636        4.2734613522
       -1.2846381322        7.4367479298        0.6110861425
        6.5480334253        1.9575065557        9.6931480210
       -1.7468723413       -7.8577616059       -4.0147963435
        3.5805680023        1.4917579756        4.1225671592
      -11.5811737893       -2.0473536747       -3.6812945169
       -9.8547380069       -6.5166420082        0.9728748141
        8.4304964528       -1.5223712664       -2.4093133115
        4.5094746352       -1.6429705230       -7.4959611762
        9.1709328251        6.3329464016        4.0254184269
       -3.5900433412       -5.3205399262       -6.1262478608
        2.9060292641        5.4660174746       -5.1446046233
        3.3169918211       -2.0614113264        2.9604331016
        0.3462287253       -4.3292958093        3.5748710563
        2.0319189527        5.9283646237        6.9403431940
        6.2133647064        3.7911278064       -4.2646137525
       -5.1322221703       -1.8901841320       -6.9697754991
       -3.4536396486       -7.6745217216       -0.5518341520
        4.1596355950       -0.7487180078       -3.8378110379
       -3.7656316582       10.1476934917        1.3645085519
       -5.4514065394        1.1851526361       -0.7014041723
        4.2797830789        8.8512228645       -4.0364487889
       -2.8287114480       -2.3030971222        3.1982219781
       10.9418990848        2.9922343114        4.9317672745
        3.8042569127       -5.3861387831       -6.7353777590
        6.8838731690        3.0746254408       -7.9826178452
       11.6994065334       -0.6734306942       -4.0239859984
        0.2529808933       -0.7387941156        4.7917727966
        7.2138280590        9.5843296673        3.1451241099
        3.5946034020        9.0869219040        8.0577983119
        7.2865215342       -5.0967551897       -1.4835165699
        4.0792107958       -6.2438615846      -10.3215156192
       -1.7760200030        5.5084911471        6.6481238607
      -12.0005949879       -0.5579060583        2.6519870889
       -8.5145023764       -0.9307323537       -5.4058641607
       -7.8889116105        3.9254964082        0.2267707966
        2.3966538960       -7.2799703144        2.5851157835
       -3.6879723763        7.2198201826        3.7515976473
        9.1460063104        7.5633377343        0.4105482161
        6.5071761997       -2.5236259909        4.7592487983
        6.9384655181       -4.3772764398       -8.5634989158
        2.0497853286       -7.6375664941       -4.1013883115
       -2.5146879916        0.8749971134       -7.1266207630
       -1.5846917017       -8.9048640970       -7.6886287939
        7.5575295073       -7.9372504228        0.9994568147
        3.7715286228       -7.6966107854        7.7603593248
       -1.9949328128        6.5251343538       10.2423501104
       -4.8724181266        3.5436561282        2.2103614927
        3.4361439305        2.4084793975        7.7874552963
        0.8397011643       10.4101733495       -4.8497120399
       -6.8211783452       -5.5831398067       -0.8843812288
        3.5574165104       -4.4802833659       -3.1440635600
       -1.1995758124       -3.5508595149      -11.8498353455
        3.4893256410        4.7645363133       -8.8547550195
       -2.9673482153        1.6014758196       -3.4733584584
       -1.6731906531       -4.5743292893        0.3776138818
       -5.1070255459       -2.3981792776        0.2183446753
       -1.4728689772       -7.4619578582        2.6962983557
       -2.6986497548       -5.1572910099        5.5610764646
       -0.2675846171        4.2590825072       -3.6049733920
      -10.1059166511       -5.4092103948       -2.8056502689
       -4.7584441388       -5.4668068836        2.3205700556
        0.4252447353        2.7851404410        5.7988239995
      -11.1997703465        1.7107495842        5.6290456921
        4.4349238005        5.9669650745       -1.6322475871
        0.0583294131        6.3749085750       -9.6041412466
        2.4369580697      -10.5764314267       -1.7145361522
        1.8234018697        6.7937406350       10.5296492547
       -1.4758620239       10.3458674543       -1.7623236406
        0.2698921027        0.0800731550        8.3913578884
       10.9787462493        4.2049673294        1.3582364537
       -5.2686479605      -10.7499367566       -1.5066352387
        2.3545261682       10.8401512400       -1.3268976571
       -5.9616334461        0.6340249596        6.4648456684
        6.9002197656        7.8411125422        6.5668093914
        4.4686144067        3.3426949820        1.0253414696
       -3.4549037912        7.2847469223       -8.2131274284
       -8.9214795415       -1.0242993220        4.6389825256
        1.5033488603       -0.8213740050      -11.9482079513
       -6.2251786674        4.6062583818       -8.0420869316
       -5.9521201641        1.7726889773       -5.6382208504
        6.7780866276       -5.3533401022        7.1684080955
        9.4026723357        4.9144573498       -5.7591706174
      -10.0614544574       -4.0948837256       -6.5444441739
       -8.2214116882       -1.6833192656       -9.0254951093
       12.5163960258        1.8981003991       -1.2996675575
       -2.0221909977        0.1082297440      -10.7718186815
        7.7117996881        3.1565757725        3.0477889306
       -3.5160176552      -10.8616072591       -4.9258590367
        4.2659300343      -10.4516913413       -5.0909181633
       -2.2182695541       -1.4272231339       -1.4849957958
        8.9117723392       -6.2473098084       -5.9466740999
        8.3233417873        4.2894233725        7.2454297891
       -0.0708070297        1.4896736709       -1.2923001305
        0.3633748630       -7.6127234398       -0.6840627361
       -5.5810590858        4.2863740519       -2.7803063603
        5.8787545893       -7.2606365178       -4.1024293214
       -5.3475200156       -1.1889471042       -3.4193862646
      -10.4148550442        5.3319018794        4.8464278882
       10.5301365436       -5.5573541490        0.3723119295
       -1.2727169663      -10.3072414114        5.0674088254
        9.6166386327       -2.4690382504       -6.5390442443
      -11.2049220340        3.0460851181        1.8724665648
        3.0520743121        2.6559251439       -2.7290705756
       -9.0900253274       -0.2354054957        8.2652457780
       -2.8885822686        3.0510783421       11.6354610580
        3.5629971106       -4.8601690114        5.3803781204
        1.4926368609       -2.6528939457       -5.7558345348
        0.1495214289       -1.5590027228        1.2606646435
       -8.1155369558        6.9648926376       -2.0433374813
        1.2572587199       -1.7640519809       -2.1860377528
        2.5163376141        7.9427617494        1.0119931078
       11.6951879334       -1.8831092579       -0.4497499162
        9.3432431384       -0.2113163502        4.0324272019
       -6.7652399637       -5.0870806918       -8.2459319240
       -2.9737371848        9.7775110990       -5.2731459517
        5.9295912855        6.4201864670        1.9983454844
        0.4955753416        0.7432295566       -4.7978334500
       -2.8290314819       -0.6908221330       10.5285099145
        8.7050317068       -5.5114584167        3.8090836813
       -8.0650167035       -3.3464991587        1.9258895196
        2.6056506580      -10.1229591880        4.9579486162
       -5.2791216059        5.0462297600        9.2700479041
        3.6773993437       -4.0820949063        9.1192412613
       -2.7528699912        1.4976117250        4.6673186520
       -0.4666975910        7.0643903667       -5.9496243702
      -11.7364368387        0.5902610458       -1.0541986058
       -5.7302033728       -0.0849575872        2.9172186953
        0.2627250170        3.5390213483       -7.2227627713
        9.3569720503        0.9520912832        0.3724910912
        0.5453577838       -7.1340788750        5.9213280604
       -4.5903777061       -8.3644723079        4.7074499394
       -4.7659451438       -2.5972310137      -10.5580178578
        9.4009809478        2.1188651878       -3.2863896028
        2.1231181789       -4.4273369029        0.2307928174
      -11.2941348070        1.6361440272       -4.7812137774
       -4.0405849217        8.2378147018        7.4166063047
        7.6554147354        7.1641696662       -3.1633945313
       -5.4108204835       -7.7540900222       -3.7283801279
        5.1472877323        5.5794788133        9.0274224468
       -1.4866464133        4.5492054445        2.9677602416
      -11.0421363363       -4.1036374534        3.8115552960
       11.5721112094       -3.0419910538        3.1488660808
       -5.5267302181        1.0323788074       -9.3728205743
      -10.8816552584        4.2224178095       -1.8764804305
       -3.2866941520      -10.5705811639        1.7865778903
       -0.6702762674        9.8956802348       -8.3180493735
