         3.3895239471       -1.2694208303       -3.2443856078
       -1.8003077600       -4.3343685519       -1.2643107211
       -1.5293614799       -0.4860611719       -1.2954856762
       -3.0627207333        1.7250181973        1.6251580496
       -4.1099303202       -2.2563426962       -3.2706613225
        1.8630840967        4.5608715665       -1.7696845944
       -4.0635059490       -2.0052556081        0.6876394106
        2.7465923487       -2.7892433283        2.8814392864
        4.5872868467       -0.5580135730        0.4230807854
        0.3582792071        3.4891049794        1.6416051551
        1.4365757757       -2.7808488286       -0.5391561910
       -0.8529266838        1.8821418197        4.8098309165
        1.6441489834        1.0360702488       -0.6905197971
        0.3624773120       -1.6394990642        5.4644750843
        1.0805529503        1.5919773766       -4.1598066616
       -0.2003282137       -2.1532213038       -4.1057378568
       -1.5990912101        3.1164315309       -1.6516194763
       -0.1775529383       -0.4285110930        2.0095617701
       -3.1291463996       -1.1142565536        4.1868447952
       -2.5544906399        0.8880855619       -4.6096286042
       -4.8776728092        1.0435217625       -1.5886427804
        4.6590459496        2.1312276407       -2.5359405247
       -1.0060030149       -3.8334429973        2.4137625588
        4.1225140800        3.2481117674        1.0086833860
        2.7129566546        0.9359231483        3.5734986161
