        -0.5942549544        3.7808455027       13.2123751929
        -3.2314700146        1.2433611438        8.2026173437
         0.3565783652      -10.6594313342        4.3200351139
         5.5511480956        5.0120925674       -4.0125248522
         3.2193663014       -6.9192481158       -4.6232503914
        -5.3401531318        2.6516345197        2.3422807278
        -3.3018947535        3.8970386289       -9.3901242357
         0.2681718031      -10.7082469821       -2.3884489712
         3.3356642549        2.9059622444       -6.3036266661
         2.7844942821        3.0463905304       11.5866283200
        -5.5511764452        0.4091960948       -0.7202142347
         0.9539186911       -3.8638099210        6.9162933153
        -2.9351410174        0.7924966197        4.6970638431
        12.0749193875        3.9329213807       -1.1121408085
        -1.5914511451        8.1605157438        8.3011956355
        -6.2144983853       -0.2279614098       10.0110378501
         4.1554764005       -9.8599268167        4.2668190635
        -7.4680499753       -4.6541830572        1.5854086960
         5.6350237125       10.3978668687        3.7524381143
        -4.7616376085       -7.2298550291        6.9836440972
        -2.0105283716        0.5191206996      -10.8239724095
        -5.2441793049        7.0248853748        7.8512106020
       -11.5276853310        1.1690215843        1.9026834183
        -4.7290269932        6.3153960774        4.1213795255
         0.9815628915        0.7064021176       -8.4144237155
        -0.7950920378       10.7336451651       -4.2270557635
        -5.7041140328        3.1252188178        5.8967856085
        -5.9829996991        5.8422625395        0.4818782132
         2.2280999376      -10.3561966173        0.9552056739
        10.4244759914       -6.1675130865       -2.9593431290
       -11.7713478831       -2.5884976341        2.4870776704
        -0.1672386232       10.7629790707        5.9381935565
        -3.0449079567       -4.8824841278       -2.9822871268
        -4.4592104851        9.5447121813       -4.7299969229
       -11.0709924421        3.4567602079        4.9846164904
         0.0232241616        2.4724035626        5.9028258433
         6.9632098839        5.5408857507       -0.3372032315
        -1.9725516755       -5.3170081555        8.9003835303
        -2.5788086485       -2.3574010446        6.6637663627
        -6.6863349890        8.7980134852       -1.6695421647
       -11.1239861560       -3.5572330208       -3.9730592320
        -6.1534831555        1.2115004657       -5.6327036628
        -0.3432389391        3.0729211869        9.5673528112
        -1.9859771585       -1.6256954997       -1.6296116944
         6.8559798496       -7.1257698833        3.9019398637
        -9.0961979409        5.7626955795       -1.7450697783
         2.7906820621       -4.0179343748       -0.0920128477
        -1.5602502872        7.3029166145       -5.5537235192
         9.2680383593        1.0110288122        4.0399708231
         9.8963171397        3.4054419624       -6.8057227377
         1.3468592077       -5.9446676967      -10.8312172531
        -8.7516500775        1.6092221418        7.6419263307
         2.0211069344        6.2027090859       -4.8171390028
        -9.2030740342        3.4105138639       -4.8340546841
        -5.8798595157       -5.5015008062       -8.6729394343
       -11.4033690179        0.1890067195       -4.8195755994
        -0.3008877858        1.5659908849       -1.2554185620
         3.6028737669       -7.6632758969       -8.3404102143
         0.4308958343        4.8509842059        0.1162007984
         2.1521832413        9.0620700840        8.5698918831
         4.2365597326        5.7526226509        9.3551001099
         6.8849291630       -1.1622375696        8.3931704046
        -8.7082771783       -8.0124978376        0.3641682745
        -8.3516646370        1.1766556217        3.9254360194
         7.2756221275       -6.5547759445       -8.1919595040
        -2.3080810683       -5.7805837588      -10.1202579244
        -1.8659433230       -5.8346186809        5.1241755493
        -3.1767554311        1.3675185373       -3.4573436793
         4.5056792594        5.1548287039        5.5856065552
         1.5031835012       -1.3801228287       -2.3453104948
         0.7854894088        6.3979120162       10.8892514270
         3.5445757759       -0.4869588238       10.2702521969
         6.3169781084        1.7770895504        6.0889302223
        11.8568831682        0.0196449659       -0.5109898621
         8.0054248078       -3.7672457144       -1.7964975788
         1.8808881475       -1.9877951904       -5.9619476818
        -8.2657353106       -5.6549733437        6.5882750435
         5.1962380168       -0.9450905589      -11.2433660027
         2.2741434506       -2.5742475235       -9.6406553423
        -2.6151969149        0.9645752170       -7.1446440264
         5.4657022918       -1.4968636326       -0.8275831514
        -2.6979330405       -1.8010076920       10.3708195917
         7.8572796938        8.8809389106        0.9174631238
         5.0108246883       -4.8227875146      -10.7174176517
         8.9648771482        3.7927283628       -3.1146128312
         0.8888822001       -5.2273507639       -7.1871059501
       -11.1615284222        4.9054660359        1.3689389245
        -0.1629538257       -8.5088491865       -8.3261697018
         0.4021746897        1.8597607759        2.2898878956
        -4.1233316392       -8.2096725099       -4.3312800523
       -11.3889118155        2.6081068056       -1.7556811912
         9.7791511361       -4.3551709375       -6.2968910607
         4.9216656695       -7.4657709057        7.2295162742
        10.3444013848        4.3594536578        5.1567196856
        -1.7691468163      -10.9107101460       -5.7125325227
         3.3321730331        1.7961067910        4.1836397071
         0.2515520971       -0.3955028424        8.3209370612
        -0.2882168947        4.0271034501       -7.0432947290
         3.6088948005       -1.0741252638        6.5563993705
        -0.6281240339       -2.8910665010      -12.1134309740
         7.5949831475        1.2744393949       -9.1377445730
         3.9913873323        2.4777676064       -9.9825890441
        -1.2306674958       -8.7580643942        7.3153627610
        -2.6581399612        0.3815998653        1.2392308930
        -3.1420566982        3.6591133750       -0.4140498820
         6.1813447514        2.3525799691        9.8123310781
        -4.7733934249       -2.1764392717       -7.1731335223
         7.5683134967        5.0868799553        7.5322951223
        -9.1376744461       -6.6971406103       -3.3104484224
        -3.8474986676       -6.2516580091        1.8523830526
         8.5790607983       -0.0079378155       -2.4824012121
         7.0045461947        1.7333956832       -5.4483822477
         7.1310428567        4.1368615742        3.2499495755
        -2.7115169891       -5.3691684109       -6.5362520190
         4.9761723165        7.9503208285       -6.2299461929
         9.1021081004        2.3965264486        0.4596481214
         2.2908705640      -10.2106193232        7.5818138706
         2.5690921527        8.4518619743        4.9497855454
         6.4470053757        8.4914441852       -2.6859990533
        -7.8528754905       -2.3256819911       -9.2470754815
        -3.5135682435      -11.2931780257       -2.3145300742
        -8.6751610706       -1.1411852176        0.8633906928
        -8.8547131956        7.9850513174        1.4027981750
       -11.6768411291       -1.1618299276       -1.1659401474
        -0.1553761483        7.8075677506       -2.0421991649
        -5.3277056703       -4.2906472362        4.7714530903
         4.5988593333       -4.2542373441       -7.0874099916
         2.7067997510        5.8432084772       -8.5601645129
         8.0729284176        7.4330542026        4.4445839089
         0.3660259023       -0.9673305100        4.6768721835
         4.2841064519       10.1068021239        0.1080160033
        -1.1279287476        7.4442227511        4.5830240075
         6.9416545245       -5.9472751658       -4.5560535064
         5.8529973765       -9.2805382444       -5.7645716204
        -3.8786704870        9.7096066587        5.4925592897
        -8.3782864710        2.6686342825        0.3548403297
        -4.5467357164        7.2018674832       -7.8280231706
        -2.4226247166        7.1176613633        1.0114290473
         2.9756608413        0.7706063196        0.0859640437
        -2.5854614353        4.7451976097        6.9218972626
         4.8613738784        7.1485733929        2.3923793992
         4.2056213646       -3.6341762485       -3.4499467186
         7.0484638694       -2.1129251712       -5.0566516795
         2.0816745175      -10.2252862032       -5.7588188650
        -5.6181612327        0.7933599442       -9.4015480907
         7.7897308360       -8.9179674703       -2.4619691238
        11.9118078482       -1.3746631293        3.0060374517
        -2.4360774429       -2.8833213753        2.9559986800
        -1.6434469110       10.5234492749        2.4046271946
        -8.0742417619        4.9621717738        3.4364999227
         3.0501197877        2.4423503113        7.9024382303
         0.6302656515       11.1689571160       -0.6696797059
        -2.2042903340       -8.0392368462       -1.1411552802
         5.9971271635       -9.4276302308        0.9037997320
        -3.8722927032       -8.6231928343       -7.9879439359
         4.7077168440       -0.4049122828       -7.5997819604
        -6.1886114365       -5.0290042604       -4.9496359701
        -0.9372009232       -4.7664630213        0.0115370201
        -7.9526729492       -3.3030054162       -2.0044272609
         3.5048357450       -6.9379993163        2.0775274074
        -3.2231134604       -9.2413378515        4.0453573824
         1.3834405433        9.1235571210       -7.0117327040
        -4.6930712365       -3.1399397425       -0.0222573363
        -7.0278405111       -9.7723358546       -2.6474190630
        -7.5268796749        8.4139780073        4.9932708687
       -11.6715247836       -3.9863155032        6.0988536179
         9.9502405628        7.1414511229       -1.8582950925
        -2.2038673593       10.2162469586       -7.7377561894
         0.5198308445       -4.5447697262       -3.4371437797
         0.1425497872        0.2385106631       11.9765276215
        -3.0733893851       10.1072507350       -1.1693522652
         4.2626790712       -4.0047843050        8.8140535819
        11.6744278921        1.4456460115       -4.0007776860
       -10.7706925768       -4.8542531603       -0.3258563426
         2.8466781491        9.6830564115       -3.4813873801
        -5.5114352665       -3.7709540164        8.5534726825
        12.2449530708        2.4837800701        2.4063136027
         3.9059445093        3.9448449165        1.2064189386
        -3.8936332336        4.2812233567       -5.6376803310
        -5.1710908784       -9.5876468580        0.7137914240
         6.3245900377        4.6492289212       -7.7627475199
        -9.1290837473        1.0049650380       -7.8131351059
        -8.2665932608       -1.8655408332       -5.5883701888
         7.5265669646       -4.6513420616        6.8201654718
         8.5246493642        6.7108144549       -5.4019606583
        -5.1075276680       -1.7521319737       -3.5825057810
        -4.2959804163       -2.5895979267      -10.7964631744
         4.2161911269        0.1802683319       -3.8987185740
         1.6176201023        0.2261154618      -12.0221650219
        10.1928607397        5.7931098769        1.6681739977
        -0.4922194248       -7.7351457658       -4.5952264908
         4.0655335283       -9.9050822850       -2.4231473159
         0.3950040768       -1.5668956648        1.0998709981
        11.1543293940       -2.3714846622       -3.4582871755
         5.6057507764        8.4122866813        7.0556457125
         1.2458506026        8.1900800323        1.4759401443
         8.7076666202       -6.6799783887        0.5082064803
        -5.3100335171        9.3396415579        1.9228076717
         1.4897661071        5.1229277823        3.6151332467
        -6.1737219160        3.5646425251       -2.6216622335
       -11.3522018572       -0.2784396878        5.5474091995
         9.8829546750       -0.4856156968       -6.6359748868
         1.6491182063       -7.2992961678        5.3951723731
        10.0689553855       -1.8032087199        6.3559867998
        -8.6431950338       -2.6175352035        4.4163313910
        -0.9245126635        4.4164456113       -3.3915154339
        -8.9755998946       -2.1575048680        8.0901910865
        -8.4769150293        5.3307610174        7.0912324385
         1.5525634185       -7.3730186601       -1.2284863137
         5.9530482833        2.2548696428       -1.5033805657
        -2.1361319645        4.0885864186        3.1759460374
        -6.8735775272        6.5300477961       -4.8200775468
         7.5386546889       -2.6509129785       -8.8104814494
         2.0539988639       11.5132838374        2.8874148816
         8.7188654312       -1.4153426002        1.1041355294
         9.4603929873       -4.2931725044        3.4783090811
        -1.2500931055       -2.4396683130       -8.5894979635
        -3.8094651437        6.6193590688       -2.5459447483
         6.0972901238        0.9036776288        2.0437116215
         0.3803289197        1.1521449958       -4.7992145012
        -5.9755490758        3.5660000242        9.4884032856
         6.1598257321       -4.1780319460        1.6780100438
       -10.2873940853       -6.0889472988        3.3180547399
         5.2956912138       -6.4709408444       -1.2523402156
        -3.4072984562        1.7619191141       11.7668909520
         0.8778304580       -3.2838800133       10.5815672855
        -5.9775376203       -0.6811787619        6.3878910434
        -6.8661490419        4.1176812143       -7.8533447640
        -8.5084414935        0.3750922884       -2.6805725161
        -0.2867733518       -7.7323737120        2.1353394586
        -1.6272539897       -1.9991452849       -5.0869410557
         3.5991910571       -1.6725484488        2.7939467629
         4.2752294315       -4.5489641944        5.0327063406
         1.5931027064       -6.7816898678        9.1135787971
        -7.2818995364       -8.3075831674       -6.2644315114
         3.4538647639        6.7100784928       -1.2667341374
        -1.5863932731      -11.0227454724        1.0056340441
        -5.6362751749       -1.1033362292        2.8049193751
         1.1147938819        5.7611756665        7.2508371277
         2.6048596069        3.2988893886       -2.5854801803
        -5.8650051267       -6.4747366081       -1.3633332880
         9.4777788086        1.7013519812        7.8098522134
        -2.9417125848        5.4526763173       10.6188127030
        -6.7702036188       -7.7038659154        3.7023097233
        11.2790835075       -3.8382622012        0.0646220702
         0.3451821757        3.5987231680      -10.6754925413
        -9.2972157664       -5.1488965844       -6.9493560173
         1.0169853017       -4.4146880294        3.2341547159
        -0.9345992248        6.9434958724       -9.2399577154
         6.8206494333       -1.7489126916        4.5932005371
