        -8.4643039806       -4.5610407249       -9.8547593938
        -0.0377693575       -3.1373203748        3.8308764543
         4.6624746906        3.4441100815       -5.4880971376
         1.7724565790       -9.0698644120        7.8572759795
         0.6866584002        3.4983254729        6.8072261025
       -11.1999532826       -0.9001298307       -3.5452333132
        -4.2880479421        0.9796434040        2.1429645198
         1.7610951729        0.6143534743       11.1249443049
         4.6156532836       11.7150939747        1.7668789919
         7.4507944708        9.4051448678        2.9919152944
        -3.6626636622        5.7231650604        8.9713551577
        -0.2244449874       -8.4314697887        2.8466780482
        -2.0972093798       -1.8242672893       -1.1378868771
        -4.2526715416        7.6127817185       -1.1829123609
        -8.2129195387        8.3154901350       -4.8749997359
        -5.0384923419       10.6510808299        0.6329144908
         2.9660168014        3.0868233407       -2.2134157408
         3.4246184974        6.1759935889       -7.8431523975
        -3.3586565306       -5.6945310460       -5.8385729424
        -1.8596984107       12.0557503006        1.9832993535
        -9.7339179821        0.9864746242       -6.6255952425
         4.6447105144       -5.3586035754        5.5678829292
        -5.4770317549       -0.9724571545       -0.8312838154
         2.0156139549       -2.9039003112       -3.2680053203
        -5.9819690637        0.6369257120        5.4255271220
        -4.2635276170       -6.2052512726        7.6139236946
        -7.8239629432        1.8332443256       -3.6587552764
        -8.5915441575       -7.9937113007        2.8566307116
         3.6050706301       -2.6386493743       -6.6068602336
        -4.3345357847        0.6004976536       -9.9444952645
        -2.4512745121       -0.5149836144        5.0989576696
         6.1457273140       -0.1194099827       -5.1136058537
         5.0596603582        6.4851029200        3.2794940899
         0.5315212208       -2.9781595444       10.2940633098
        -1.7537748109       -8.8505681835        6.3106682344
         2.1736776535       -0.3008051764      -11.2285653704
        -5.4968352922       10.5232016485       -3.2569390548
         8.4336428196       -0.0515436943        4.2223826765
       -10.4634896376       -6.5129409289       -0.1610529262
        -4.5673608591        7.4342280936       -5.0127826220
         3.0857466178       -6.0182850278       -4.9334325283
         0.7078844926        2.8679867823        0.7041650208
         2.5711247660        3.5968801231        3.5760320079
        -6.5983627205       -5.5057634696       -3.6853145786
        12.3004165342        0.9593934106        0.6775519256
        -7.0201157217        5.4821765701       -2.7987688375
         0.0658104520       -4.1249885747       -6.3096170201
        10.9841982200       -4.5638380866        3.4163237636
         4.0309132560      -11.7703727299        2.7624017328
         6.6091412912        4.9209176538        9.3389877464
         3.3387292472        0.9165919530        7.7627484401
         5.4792448901        8.5025562668        0.0288762421
        -1.3015840186        8.1513625829       -3.4851981607
        -5.4455686944       -6.6484498195       -8.8096504121
        -7.7988031585        2.0951116968        2.4131166887
        -7.2611163397        2.8825931560       -8.8628857070
         5.5219071799       -8.2670433341        7.5234905491
         6.2969296523        3.7780622965       -8.8001523202
        -8.7159920558       -6.4159509246       -6.5913647437
        -6.0118172219       -5.3605844916        2.5504002566
         2.2688966633        8.8618232618        2.1012193926
         2.1306096314       -5.7058560890        2.3586381834
        -2.3724536951        1.6757482591       -6.9331575080
         2.8230502931        4.1164935025        9.8304945368
         5.4835106349        1.5075099967       10.7117724545
         5.6956026951       -3.5840226822       -3.4893233390
        -1.3903969534       -1.7407027932      -10.8733098708
         9.9304855491       -1.8397451031        1.1657717971
         5.1666370072        6.0080269915       -2.7203849014
        -0.5263711209       -8.7754075379       -0.9801975943
        -2.6050582285        9.1183379336        7.4993680447
        -3.6411431392       -8.1121853494        1.2074500137
        -5.6878333973       -1.1684100711       11.6791989951
         3.8765229620        7.5250435171        8.3585040759
        -9.6731667621       -4.2890607514        2.8647822921
         6.9601475448        1.7203479970        7.2880203735
        -5.2314517025       -8.5017013856        4.6216824721
         1.7978934876       -6.0509139151       -1.4039166444
         4.9826850341        2.6479474693        0.9124777748
        -2.9292994979      -11.4516376753       -0.5274747134
         9.8038678785       -0.7324861212       -5.2799042607
       -11.3063032042        3.2446021247        2.6396953303
         6.2371870652      -10.1163400798       -3.4118513650
        -4.4584497870       -4.6301659770       -0.7831967351
         1.8433378837        6.8346461213        5.3719883271
        -4.4386763406       10.6763953757        4.4915376987
         4.4321335792       11.3111691811       -2.1645713972
        10.4500973753        1.9377370517       -2.5456500806
         6.7389403489        2.5501727907       -2.3728818161
         2.7376345562        0.0205483120        1.4192488221
         6.8454174348        6.4016359871       -6.0187336276
        -4.1179869408        0.9135233094       -3.7312306186
        -1.3077820219       -5.4691932436        0.7736975669
        -2.9783313427        8.0624340957       -8.3507377231
       -10.5931306507       -0.5166100507        2.7781015792
        -5.8656865084       10.2361578054       -7.1010957703
         3.7981118596      -12.1093910459       -1.0025303026
        -0.7504295071        2.0462875168      -10.3048364838
        -6.6653331953        3.8158453756        7.4272673066
        -2.0207568939        5.9767098292        5.6393096003
        -0.1073322125        6.0287993651        2.4115814546
        -4.2072106311       -2.6793527168       -4.0264966683
        -6.0558204099      -10.5133344897       -2.3265379261
         2.9436804469       -8.9130273185        0.6739163854
        -0.3655372415       -7.6988244928       -4.6006230323
         8.1030269284       -1.0310751435       -1.9768484071
         4.5203755324        4.3502268202        6.4509062761
        -1.8965907917       -5.2536411873       -9.3166220994
         5.3034657959       -6.9182619165       -1.7005949620
         0.0942826867        6.6612368134        8.7538188995
         1.0119705671       11.1144992487       -3.9754890261
        -1.3971531597        2.8639431133        3.7527446774
         3.0505351651       -5.6382176209        8.9900740291
        -0.9504755438        3.2153739867       10.1765395439
        -4.9770877422        4.1163818743        4.0847309659
         0.5267068850      -11.7636370366        1.1451575729
         6.8153103751       -9.5218825362        4.1123124222
         8.8858601255       -7.6556362780       -1.9676960408
         7.1953165832        3.5709477340        3.8893775591
         3.5521019911      -12.4872360116       -4.7362720276
         9.4332898760        4.4152789059        6.7635863428
        12.0221286533       -0.9375070263        4.0877231154
        -0.4169651744        2.7152051930       -3.9110160537
         4.0795473621        0.8079002964       -8.1885727630
        -7.7045746994       -1.8227471769       -3.8194548150
         6.5751001137       -9.8510691677        0.3603216098
         4.7184760817       -5.7667990938       -8.2671982744
         1.2343136015        0.3152068727        4.7885136217
         7.2663800964        5.3150449263        0.4410630493
         1.7529505952        5.7995662475       -4.4958675457
        -2.1617747569       11.4975496206       -1.8564660161
         7.7532948031       11.4399994926       -0.2892947621
         7.7789751558        0.2033135709       -8.4274831697
        -2.6251171718       -5.8233872840        4.2547244855
        -1.6063606768       -3.5000751905        7.1708574524
         8.9837480752        5.5068832327       -2.9149922817
        -6.7128110000       -3.4678108370        8.8064717460
        -2.7309170969      -10.6854896344       -4.3436192042
        -7.9816976910       -3.7761903519       -0.5092793113
        -7.4407633857        8.7424264714        2.9246182718
         7.0418877543        7.2268683320        6.2224481704
         9.5243112887       -2.8775285082        6.4628274185
         0.3131670789      -12.0633521468       -2.6499125152
         3.2568656660       -8.5847624391        4.4710401012
         6.7845000111       -4.7314153494        8.5975552358
         9.3924225697       -4.2348647609       -3.6654577088
       -11.4286834220        2.8193842930       -3.6397970209
         0.8588843548       -6.0902453741        5.8654261823
         0.8868976130        0.1574744390       -1.6906420037
        -0.2834076279        5.4798369722       -1.3917833687
        -3.6695908695        4.3595981803       -9.2319327926
         7.3532276439       -3.6370487015        3.4080737740
        -1.0038724733       -0.9859341654       -4.5665100280
         6.3013194640       -0.9039762044        1.3085887250
       -10.5986366950        6.4176086920       -2.6264630278
        -0.7325582442       -6.4807799862        9.2079915432
        -1.9795646238       -0.2824174815       11.4486333472
        -3.0623530962        2.5984285099        7.0567817393
         2.8327965398        3.4665661856      -10.5309713210
         9.4742882195        8.1157749877       -0.0692532902
       -10.2559520450       -4.6348516452       -3.4510433732
       -12.3315651516        1.0358829842       -0.3458061695
         7.9743600597       -1.1284864074        9.4389343114
         2.6288017464       -9.2532730185       -3.1355534453
         4.3769848991       -3.6574789797       -0.0015860515
         5.2317554804       -2.3171159679       -9.9237507232
        10.9253376098        2.7247413783        3.7352857566
         0.8045084113      -11.3422932815        4.9060662222
         6.8371379896       -6.7496751587       -5.1688230184
         1.2688205681       11.7411116942       -0.1032705721
        -5.6161986124        7.2818924082        6.0000494332
        -8.9089724680       -0.0875245923       -0.5858476613
        -4.9531051764       -3.1638782630      -10.4403025565
        -6.8784214329       -7.4598718748       -0.4106875804
         0.5520053725       -0.6304895078       -7.9103962835
         2.4728740544        0.4813842113       -4.9187054509
        -1.6670984692        5.3804233416       -6.1384308001
         3.0758393390        5.6654751770        0.3820573563
        -5.3518150657        3.7773589893       -5.8761639370
        -1.2240827581       -4.7310293156       -2.8660579515
         2.1379875033       -2.6432953369        6.9151182628
        -8.7110455800       -2.0057641644        5.8421310851
         2.0840014094        8.4102951382       -1.7600103948
         0.6287479464      -10.7219617280       -6.2881559190
        10.5339411862        0.7625951464        7.1545601002
         9.5217872084        6.3051645546        3.3631027714
         4.1637168375       -9.1809377864       -6.5548798550
        -9.9092601036       -2.7531086403       -6.7495279998
        -7.9161527212        8.6553229884       -0.9772294293
         1.1590170560       -7.2765037102       -8.0257575344
         0.5045277939        8.5014932508       -6.7789706612
         4.4717864366       -0.3830989647       -1.8194443739
        -9.0122404381       -8.2885616850       -3.3118703010
        -6.3296863092       -3.5445417208       -6.9733611570
        -7.6196582553        0.3091954481        8.7360149945
         9.1445729045       -7.3893639541        1.8338568376
        -0.3548705865        0.0413525904        8.1301097069
        -7.0219988114       -1.6457541587        2.5060021659
        -2.7127240291      -11.1063035846        3.2799286039
        -6.5574711696        6.6019428388       -8.0353531983
         8.4321289560        2.8737605292       -5.7149440327
        -9.5016157026        1.7864102151        5.7097355474
        -8.5355541978        5.2962168319        4.3773435025
        -3.8651966642        7.6183523577        2.6586359547
         4.2851101680       -2.0792445067        9.9499040301
        -3.6441335092       -7.6673744525       -2.5479171548
         7.3573355775       -3.2982314987       -6.8482226095
        -3.2299610384       -3.8346390319       10.4866133928
        -0.0732512866        5.7814928517       -9.4773124591
        -3.4198842932        4.5628325660       -2.9188173316
        -0.9236216439        9.2274423683        4.1735965652
         1.2065990978        3.1292286289       -7.2155245294
        -6.7061624195        5.6594494888        1.0553839241
        -5.8478716887        2.6209619433       -0.7475157583
         1.1274680230        9.9991977109        7.1747823380
       -11.5101558919       -2.7743627163       -0.2202119042
        -7.9176776126       -0.8669812443       -9.5106095368
       -10.2693214526        6.6779915412        1.2467707990
         5.6159291311       -6.5916126507        2.1250534200
        -2.9550862608       -2.0534487595       -7.5114907839
        -9.0440501187        4.7087394338       -5.8725558472
        -2.2767775668        1.7237695577       -0.8758807924
        -0.8610922786       -0.1902009332        1.8633484972
        -7.6851964241       -5.7538583912        5.8529293026
        11.7477775947       -1.6547772754       -2.0907527667
        -6.1659284898      -10.6729002253        1.5212005133
        -2.3994878725       -8.7338176218       -7.6288287138
        -9.4695251480        3.5475867494       -0.5900563025
         4.8381697381        0.8769531948        4.3231886926
         4.3178047974        9.7324260504        5.1386830132
        -3.4413376130       -2.7288196616        2.1892496414
         3.9629898618        8.7983844172       -5.0396482437
         8.6672316046        1.7848453771        0.8105877518
        -5.7590086068       -8.6393604571       -5.5879258529
        -3.0795013068        4.6288208601        0.9028491539
        11.3528589346       -5.0645419609       -0.3836592582
        -4.6944393167        2.2783861083       10.3705092592
         0.9884082103       -2.8758956034        0.2875738559
        -5.0792604903       -3.1313935507        5.4942535101
         5.7018504663        1.1349204726      -11.4930957702
         1.4764967426       12.0207247120        3.8638898058
         3.6662008437       -2.6379109968        3.4989870360
        -4.0621917257       -0.8408922954        8.3739703867
        -1.1282665126        8.7873508050        0.3241209979
         1.6796484688       -3.8092517417       -9.6909171585
        10.9770378775        4.5741143998        0.2680517639
         5.8490664866       -1.8683678926        6.4829572383
         8.3148205813       -6.4233391818        5.5318894096
        -6.0192061898        0.1001380278       -6.6066322703
         7.8079256683       -4.4754088046       -0.2477467445
        -2.4472047989       10.7838007691       -5.6597616467
         7.3536151458        8.9765744302       -3.1853615073
