         4.4390115918       -5.0154493682        5.9304134405
        4.4155044630        1.2213343171        4.5867727509
       -8.9055385344        4.2616730608       -6.5757003981
        6.8533007098       -9.1381473133        4.7396753285
       -7.2981531129       -1.3087767070      -10.0273492636
        4.2985266429      -11.5212355610        3.1314168014
        3.6349494723       -1.6596601395       10.2130438047
       10.4438823394        3.3369566297        4.3705585887
        7.3665484371       -6.4747263473       -4.6245697688
       -0.6043253625        6.1090762457        2.2546470528
       -4.5355256749       -6.2251828920        7.3897390376
        4.7129479607        2.9344924090        1.1593689920
       -5.2690353829       10.5884160949        3.9542363215
        3.3036586821        3.4805640429      -10.4112575898
       -7.8539084777       -5.9573227318        5.4010670943
        1.7230265569       -2.3785053779        7.0534692394
       -8.0953592175        1.8274537322        1.8179174140
       10.8966905407       -3.9502317456        4.1406914096
       -2.3591629820        1.6586025805       -1.0866795200
       -3.2026823092       -7.8138509017       -2.6874475560
        6.7425628519        9.8434016524        3.2720332450
        5.0155178483        8.7964976090        0.2035724055
       -3.5223743845       -2.8003997076        1.9713420831
        1.9034899395        4.4552427335        9.8834610747
        8.6760886223        5.0113922265        7.2560691790
      -10.7446659320        5.9456348157       -3.4726011479
       -1.1205388498       -5.4184494546       -9.3648491432
        4.4743368604       -3.4129965397        0.3289287692
       11.8549460069       -1.1490380853       -1.2938743810
       -3.8070236592       -3.7634524650       10.2795377914
        0.6836133769       -5.8962418039        5.9811664610
        1.1056140409        7.0579020527        5.3202863084
        0.9182536435        0.2258988421       -1.6632354689
       -4.6334870091       -6.9629010560       -9.0690649334
        9.2279473201       -7.2672012863       -1.2798350077
       -2.7270774331        6.0191239483        5.3424797043
       -8.9060367081       -0.4468776801       -1.2063331393
       -9.0463546464       -2.2603003822        5.2551852541
        0.1274008729       10.2131792147        7.0115447433
       -8.0712617440        8.4954211443        2.2297315907
        1.7221273317        5.8528817856       -4.5062991600
       -3.3070462438        4.1034165190       -9.5638814488
        1.6596562881        9.0448454069        2.0486319746
       -7.1246743873        5.1716294940       -3.3898960246
       -0.3477524342        2.6859985696       -4.0101615225
       -4.6341836348       -0.8443906064        8.0657167302
        5.9886325673       -3.3363051237       -3.0693251294
       -5.0704331944       -8.9218651582       -5.8403696995
        6.3536291180       -4.2013036456        9.0749930996
       -5.6103627902       10.4793889967        0.0672718831
       -4.5725503482        5.7410634011        8.5635025171
       -9.9962219288        1.4911331603        5.0005336349
        8.9099782268        6.8396650710        3.8337074562
       -5.8935834954        9.9073679942       -7.6922108308
       -5.3517187835       -3.2250985928        5.1673583288
      -12.3836389794        0.5230266197       -1.2109613902
        6.6770923904        4.0112032926        4.2573449090
        6.8905903076       -9.5007653464        0.9439889120
       -6.4601834343       -1.1970974284       11.2605212101
       -7.4222222824       -2.1713289688       -4.3219095824
       -6.5681721208       -7.7192186987       -0.7668559910
        2.2807900398       -2.8061953419       -3.1157468051
        7.0781856934        9.2945417171       -2.8873393337
        0.1944967989       -7.7255962457       -4.5260016090
        3.8953661139       11.9966797611        1.8142852348
       -7.7093943921        1.4786595947       -4.2346859606
        4.9061496599       -9.0346268350       -6.1553618876
        6.6914543221        2.8543890291       -1.9952635381
        9.9013028968        1.4271806029        7.8142480108
        0.5879017185       -4.1603484089       -6.2558861048
        0.5126102878        8.4610888167       -6.9171165744
        1.6137080585       -8.8044842196        8.0946843617
       -7.3769145128        3.6743942441        6.8624027841
        1.9266064125       -7.2850279401       -7.8464407743
       -3.7600985626        0.3101333187      -10.2520056156
        2.0948014674        3.8256697379        3.6407659630
       -0.6617360268       -1.9103559454      -10.9411181612
        1.4740294793        3.1206224201       -7.2063604537
        2.8548634114       -0.3193586023      -11.0850857142
       -5.9870225555       -5.5396076842        2.2081665102
       -4.1824853692       -3.4834717799      -10.7199635718
       -9.3807255017        0.5013448612       -7.3036490898
       -7.0765637295        5.4210374899        0.4698644639
        0.7158113225       11.1368554016       -4.1367242922
        5.6254154284       -6.6512966769       -1.2534166992
        0.9247276508      -11.1922233594        5.1188816807
       12.1242060498        1.5803363084        1.4482407959
        5.9037160869       -2.1801504627       -9.5490638962
       -1.1770275531       -5.4568167691        0.7456081951
        2.0786815533       -5.9318387763       -1.2220488339
        8.0460957741        0.4647270505        4.7584244810
      -11.3487467486        2.2987980723       -4.4712324843
      -10.1991903654       -6.9296162456       -0.7662750263
        9.0181907608        8.5842157772        0.3748860474
        6.6293603349        3.9689660483       -8.4582711898
       -1.8407682117        2.9059241363        3.5610673370
        0.9164047815        0.9275093353       11.1730244513
       -1.8200978604       -8.7695043259        6.2996947117
       -5.4280277634       -1.1802758913       -1.2073845337
        9.1291674041       -2.2907283352        7.0841921186
        1.0300306001       -0.6718953643       -7.8763773140
        2.5611542399        0.2133230939        1.5719451892
       -3.4053839188        4.5541320143        0.5785740246
        1.7556380283        8.5197673038       -1.8044333043
       -3.9683599156        0.7259755499       -4.0427305604
       -0.0886442498       -2.7310213769       10.3255165279
       -8.2993732469        7.9166472650       -5.5923734661
       13.4781214369       -1.9328115744        2.0769156711
        2.6338682531       -5.2808602233        9.2463400552
        4.3314394694      -11.1908927658        6.8707588223
       -5.8397885794      -10.8650034935        1.2673890122
        9.7047789179       -3.8386834714       -3.0012555206
       -1.6790302281        9.2966970554        3.8956784637
       -4.4395239990        7.5324471045        2.2202793630
       -8.4722200250       -8.6831663674       -3.7856878178
       -6.1650051696       -5.7997168862       -4.0497630224
       -9.7058114332       -4.6284615853        2.2630539045
       10.0778925608       -0.3376789581       -4.6246766829
       -1.1069154600       -6.3087312127        9.2138748304
       -2.6980720095       -5.8212428373        4.1402460484
        7.8531989558       -3.0249133578       -6.3192147703
        6.8750658646        6.6548703659       -5.6967173650
       -1.5611753234        5.2582283877       -6.3631678962
        3.8311492117        8.9375355760       -4.9579944048
        6.9046096542        5.6957104285        0.7890013582
        6.2109430216        7.7074860322        6.5108466215
       -0.7277839923       -1.0463269957       -4.6373344600
        9.2573111289       -6.9243006053        2.5492998275
       -5.6386221673       -0.2146685633       -7.0231555162
        2.6980364984        0.5685480645       -4.7833349862
        0.2341753399        5.6781894839       -9.5955576392
       11.6830083202       -0.2516779197        4.9229845311
        6.2906961101        2.2184218377        7.6683324934
        4.3164899049      -12.3406946757       -4.3405945407
        2.8972922560        3.2340164265       -2.0979919629
        5.4280607635       -5.6243513585       -7.8771046685
        8.1573386497       -5.9089214121        6.1350115969
       -2.4544300276      -11.5298438691       -0.5574283478
       -6.3928593018        7.1648736559        5.4436398879
       -0.9671901437        0.2075113982        8.0548138490
        5.4105738704       -1.4398226368        6.8492105638
       -1.0430025016       -0.1547762917        1.7705049839
       -4.5680431026        7.4528387966       -1.6346709274
       -9.1042008832        5.0231025578        3.6695266004
        3.4712150309       -2.3721503161        3.7527740249
       -1.5867421115       -8.8930180793       -7.6602270764
        2.8979679597        7.8901510710        8.4247493863
        8.1743014925       -0.6645156509       -1.4440125166
       -2.0468272745      -10.8139951220       -4.3704535562
        0.9366421045      -12.0283703943       -2.4618074108
        4.0737610593       -2.5238271218       -6.3432894028
       -7.8229360534       -4.0889157603       -1.0029467695
        4.4707128996        6.8224120437        3.4560894092
       -3.5733511661        9.1592605275        7.1027698812
       -3.7066429243        2.6172386951        6.7520128370
       -2.0504775580        1.5156092900       -7.1369628914
        4.3079537969      -11.8949822297       -0.6135134975
       -2.8367343464        7.8443390850       -8.7062821680
      -10.7873691932       -0.9030446722        2.0478666356
       -2.6089265552       11.4104447042       -2.2410467525
       -4.2556911299       -4.7890947914       -1.0296031881
       -3.4874327654        4.4142557647       -3.2515178803
        8.8370068397        5.9005585111       -2.4437063123
        1.0402405867       -2.7757985308        0.3624378325
       10.4248646624        2.3956446609       -1.9040770355
       10.6498429165        5.1195676384        0.8779837216
        3.9955300920       11.5171593310       -2.1096887032
      -10.6868383789        6.2782170274        0.4080179437
       -1.4920696869        8.0803267402       -3.7442641670
       -0.1472296101       -8.7544822491       -0.9028798898
        3.1494180249       -9.1221051558       -2.8507203965
      -11.6570719870        2.8205820736        1.7934267628
        8.5891533657        3.2023887666       -5.2208711444
        0.8921096481      -11.6614275563        1.3360759363
        4.9972785747        6.2400049503       -2.5109365138
        1.4267872169      -10.7255289093       -6.0962462446
       -2.4923366894      -11.1162299569        3.2543143606
        5.6716464320        5.4306606559        9.6333782246
      -11.4034517156       -3.2433140636       -0.9620006392
        4.6133158284        1.9878299207       10.9914136237
       -8.2562407871        0.1459155939        8.1706697998
       -3.4162314741       -8.1978402283        1.0708884036
       -5.4866951522        4.0015091180        3.6337126256
       -0.1055756882       -8.3432325110        2.9304267541
       -5.7993264525       10.2710716821       -3.8395665817
        7.1940874635       -3.2008658533        3.9266548641
        4.5042966242        0.9149401664       -7.9445748928
        3.5965549690        6.2510770242       -7.7402082040
       -0.8568397069        6.8518665999        8.5777406444
        4.5195363015       -0.1659985053       -1.5371739818
       -6.8481805332        2.4743566965       -9.4055321944
       -0.2130643742       -3.0276807823        3.8345287301
        8.4315381047        2.2467207596        1.3242086454
       -5.4959230234      -10.7626974714       -2.5713901596
       -8.0467435817       -6.8454195836       -7.0720217822
        6.3301629078        1.2655571666      -11.1378708998
        5.3590490028       -7.7858406833        8.0661242121
       -5.9662717862        2.3954187982       -1.2135420068
       -6.4184361394        0.4982086529        4.9705336221
       -5.7696456855       -3.8744939708       -7.3463523731
       -4.6170119138        7.1995372044       -5.4704147629
        7.9520259816       -4.0860472633        0.3318142786
        0.4637119443        2.9587898585        0.6682014680
       -2.7917620167       -0.1398294632       11.2634449842
        3.8094207898        4.7223963529        6.6223932284
       11.5102049068       -4.6268722042        0.3639690158
        7.3006537255       -0.5496209672        9.9247096722
        6.7943318812       -9.8373216928       -2.8546443132
       -5.1819988083        3.4990934805       -6.3162122513
        9.8114963902       -1.2990660746        1.8439496120
       -9.8640699706       -5.0915914064       -4.0701164130
       -2.8262031751       -0.4975125921        4.8985638225
       -0.2243793775        1.9073436464      -10.3993105310
        6.3950996236        0.1214985879       -4.7186083656
       -6.3634674490        6.2324859783       -8.6022399973
       -7.1593949781       -1.8737563816        2.0313800692
        7.1750436860       11.8266922468       -0.0232369821
        0.6097979805       12.1925429398        3.6918618621
        3.5881933639       -5.8967868259       -4.6567202894
       -1.9819449128       -3.4049448712        7.0725361841
       -7.1838755075       -3.5854965736        8.3694760259
        4.7919628260        3.6130641911       -5.2578292197
        8.2327028941        0.4679677637       -7.9213163876
        0.8225015995        0.4995640852        4.8217558902
        2.4093252098       -3.8225714048       -9.5263843364
       -0.8968551035       -4.7744272251       -2.8968096902
       -8.4620178129       -8.2793798097        2.3936122924
       -2.4330629017       -2.2428072757       -7.6854333336
       -5.2015494684       -8.6078006300        4.3841309301
       -5.5395677015        2.2734691032        9.9563448736
        2.7205114789        5.8589277258        0.4518347624
       -3.8839446860       -2.8730382606       -4.2800859427
        2.1614825678       -5.5207745875        2.5475669680
       -9.3881147804       -3.2437196027       -7.3726106250
       -8.2807794235        8.3285685546       -1.6916098434
       -2.7915774536       -5.8732461600       -5.9850559898
        3.2640267557       -8.3098774512        4.7648388308
       -2.6057797626       10.6258115817       -6.0374686494
       -9.6279121187        3.1599770062       -1.3143590246
       -2.5909984708       12.0438447887        1.5958664435
       -1.6031259263        8.7850692932        0.0529636090
       -2.0005067981       -1.8855944967       -1.2737946618
        3.2103250033       -8.7145962622        0.9603556941
        0.0037096322        3.6900987634        6.7351307098
        3.4579051216       10.0622249242        5.1979389126
        0.6830908798       11.8389383785       -0.2720052154
       -1.8385540987        3.3826963945        9.9938904260
       -4.5286694650        0.8673312086        1.8025907041
      -10.9655462424       -1.4056264255       -4.2939900252
        2.6943318592        1.2507289109        7.9169989863
        5.6966524298       -6.2626823843        2.5799337181
       -0.4993682566        5.4900305327       -1.5378113499
        6.1575834571       -0.5420101517        1.7192040055
       -7.6626750476       -5.0270896466      -10.3441339216
