        -7.9720994778       -7.4153824218       -4.7139872006
         1.7243581555        8.5851801141       -2.0388607087
        -9.5607610644        7.8788921783        0.0370513918
         5.4560463735       -2.0829501534        2.7955003692
         1.3694187001        0.6166909433       -5.3923693327
         2.9087123234        8.2257510821        1.6139846987
         8.3452291504        3.3925286251        7.7389181962
         4.8733236953       -2.1816828205        6.5019557020
         3.1687940921        1.4269450564      -12.4771007544
        -0.3531476421        6.8896467089       -4.8150053059
        -1.5993368319       -7.5422090958        8.1043483538
         8.3543402981       -9.1327439660       -0.4873878792
        11.0184219694       -5.0499606158        3.8821885810
        -4.7297930220       -2.0246857191        6.1797181292
        11.2545913925        4.8332301465        1.8464331497
         7.1861648049       -3.2734493294       -7.9221438579
         7.3541679886        9.3158156255        4.5946748608
         9.1275433422       -5.6125353090       -5.5450898530
        -3.9086470296        1.7115265012        6.8155713192
        11.5317652285       -1.2661481205        4.3477969104
        -8.3664327226        2.3410266810       -1.7916336027
        -2.3960320183       -4.4952408164       10.3379840272
        -7.3635952772        0.3101063999        7.6513325849
        -7.7222998575       -8.9312396290       -1.1428783528
        -0.1979186618       -6.4136906161        0.8642657461
         3.4889470954        2.1251948968       -2.6382082560
        -3.0398231686       -2.2177457921       -6.6107819559
        -4.4777881453      -10.9242345737       -0.5652244710
       -12.7234943458       -5.3518693154        1.1199596690
        -5.5819061643      -10.2481527004       -4.1542805034
         2.7304581780       11.5448132427        0.1725395809
        -6.6374701565       -2.3535226590       -5.3864030570
        -5.8992875735        9.7638235970        4.7651997305
         1.4262195354       11.8849950038       -3.4696245776
        -9.7576909420       -7.5265807239        1.8510353454
        -6.8690761292        7.0574066105        2.4053563110
       -12.1058013504       -1.6563473740        1.8828435701
         0.7538492599        2.2942315291        4.2215812409
       -10.4660736090       -4.4228506519        4.0576235013
         0.0209635890        3.5157096404       -3.3598474823
        -4.6495314762       -5.5980790691       -5.2797695306
        -4.3074544013        8.3368345232       -0.1404028624
         6.1948519030       10.0277049002        0.8981884779
        11.1353428487       -3.6666357119        7.3719464280
        -9.9710964704       -4.1257537614       -4.8261144075
       -12.2304643337       -3.0307019672       -1.7911794971
         2.0473737116       -8.2011646012        6.9601576324
         2.8413061826      -11.2155763709        4.6287423989
        -3.3543609238      -11.3953521369       -7.1183851133
       -11.7480967093        0.7246332634       -1.0792773445
         5.2659607331        3.7643892359        0.1195479973
        -0.4854612190       -0.2185849320        1.9118602131
         5.1936101860       -0.9209058179      -10.2464405019
        -2.9248596921        2.1055307392        3.2657859570
        -0.0197193237       -9.8949397710        2.2059067774
         8.5346912802        5.4420954556       -0.5528531154
         5.3569892273       -3.5683018149       -0.6959625463
         6.5963868131        3.9771420143       -3.3831994895
        -1.0719869445        1.5660340528       11.3674452707
       -11.4040749331        2.0891636218        2.5743003885
        -5.4341642183        1.5559313905        0.5381367677
         8.1096882181       -5.7639770353       -1.9424376111
         9.8232651424       -0.1663473457        7.6656366649
         2.6043915355      -12.0827979686        0.8434784345
       -11.2945691367        3.0285026863       -4.0865895566
         5.6460364402       -8.7817737649        5.6609884715
         9.7195986188        5.8674309297       -4.0817058501
        -1.4184132611       -5.7277990835       -2.6636183300
        -0.4808321258        5.2068241146        2.2137858179
        -3.9395371194        3.3436742677       -2.3583453038
         1.5010764730      -11.3996442477       -2.7444349826
       -11.4143559089        1.5721001491       -7.6822406419
         2.6947381174       -4.5989713378       -5.4267094388
        -9.3848530400       -3.7979034890        0.5249250873
        -8.9542922723       -1.4028247462       -2.4345390372
         3.5994026515       -4.2308754936       -9.0550496991
         3.1565836551        5.5383844394       -4.1499132326
         4.0401146053       -2.5977826035       10.1021368242
         7.5642475962       -8.9271076307       -4.2909712360
         0.4283306539       -2.0194738496       11.3384612010
         4.0131755664       11.0708012887        3.8493830393
         5.3884800935        2.9299378770       -9.7564258246
         5.2195452996       10.4201933159        7.4807385019
         7.6299763720       -3.1511958827        8.7987747819
        -3.4445522886       -4.5003351650        0.3507891187
         5.5969228042       -6.5974765718       -6.7109264533
        -4.8235804037        1.3062169903       10.3849559731
         1.9572185350       -7.4829907824       -7.7288395046
         0.3007696878      -10.6407648546       -6.2875185584
        -8.9949266473        3.0580347136        5.4435305417
         2.7877592324        8.9580059430       -5.6452618339
         2.8535156080       -7.8659872305        3.2836603208
         0.4582057453        7.7877010548        4.4657416250
        -2.1922714430       10.1112883062        5.8313063460
         2.2647380985        1.0198031889       -8.9175886779
        -0.3953682182       -2.9778389420       -0.4411651634
         3.0331032695        4.8846711151        2.9771213949
        -3.9888944854       -5.1032785722        3.9892559882
        -8.0814028606       -3.4385066171        6.9275060918
         2.7385540602       -4.5923443478        1.9105875141
         5.5311829159       -6.9013817093        0.6807975584
        10.9662800733       -6.4468683805        0.3862505513
        -9.4515479157        6.2443258069       -3.5273923559
         7.9500048841        3.0886016844        2.4377184675
         1.5539530861       -1.8183036298      -11.2734461785
        10.9577831281       -7.8868435282       -3.0823344076
        -2.7343690186        4.3662673432        9.2909015527
        -6.5441190445       -6.0627195990        1.1032543809
        -0.6090257638        7.3783823042        8.0674344806
        -4.9061869641       -5.5660731282        7.6034021439
         5.6164454534      -10.2357531212        2.0954542710
        -8.5252537746        0.9923145198       -5.3944117017
         9.4706624689       -1.7770778138       -5.1681570652
        -1.5656055508        6.1366979204       -1.3440214489
        -5.6967113157        0.2702163830       -3.0641925523
        -0.0820456067       -5.0647246044       -9.9729027837
        -0.9530206860       -5.4076524020       -6.3739267612
         5.6021328855       -5.4101877808        4.2355057789
        -4.2130202037        6.8588613443       -3.7169679929
        -0.6390500046        8.8007529834        0.9096762926
         4.4731023606        2.5211671266       -6.1875144715
         2.0344685667        2.1218648197        0.7590424768
        -2.7544105075        4.0475265526       -5.8216918045
         3.1468078111        7.5343167206        8.8823804907
        -3.3406254544       -8.0415825027        1.6633800224
        11.4923455220       -2.6523158727        0.7933422564
         7.5760807666        4.4162440521       -6.9435291418
         1.3271402321       -1.6132900561        7.7650805357
        -4.4813077662       10.3306113890       -5.1035255637
         9.5253358283        8.2667167962        1.7030989315
        -1.4004333522        1.0647270076       -7.8458817135
        11.7390190382        1.1607561387        1.2727151248
         1.0434351314        4.5618025319       10.1598743788
        -3.3762383349       11.1050321228        2.2340908558
        -3.7886731729       -1.5455370489        2.6287920334
         1.8692666611        4.4125143852      -10.4806290833
         0.9602073238        3.9957662816       -6.9109970854
        -3.7502278585       -2.9971078499       -3.0354681060
        -3.2060653568        7.4994427360        3.4750567710
        -4.1841429249        1.5179754610      -10.2618591644
         8.6150113127       -0.4937039767        2.0658912235
         2.6523639950       -1.3849555045        0.5148877132
         2.5840739959        0.9968971801       10.2563193517
         4.2835217975       -1.3211604246       -6.6752097844
         5.6697193059        0.1990563320       -0.2775167652
         6.5244382988        0.1946105852       -3.9058163870
         1.5395028468       10.3516296577        6.7649301693
         0.0459123734      -13.4143599369        3.4407909843
        -7.0144627692       10.5638450934        1.0883454601
        -5.0189144917        1.0895316596       -6.6634678151
        -6.5556566616        4.0121072245       -4.6646808568
         0.4854563876        0.2187364017       -1.9117571105
        -6.5597467949       -9.5873598345        2.4690475766
         0.5488390154        7.3774932125       -8.3895164250
        -7.8426161642        1.5561708080       -9.0350465238
        -7.3532801872       -6.5706507182        4.7592527385
        -8.0244441119        3.6118267875        1.8338309883
         2.1636847346       -1.2403753216        4.1754161026
         8.3874355088       -7.7432210389        3.0658550050
        -6.8959209166        7.4812432272       -6.1281775951
        -2.2648314705       -1.0200325265        8.9179937596
       -10.5622069949        5.8026887922        3.1712292329
        -6.4480214945        4.0422109418        8.1978576794
         6.2963860922        7.4656048205       -4.9171673094
        -8.7844197100       -0.0629843645        1.1934225461
        -0.7094290547       -7.0562884411        4.5265573808
         2.1151385997       -4.7130162941        5.5841545096
        -1.7857542004        4.7410693638        5.6746818048
        -1.3694810286       -0.6167926423        5.3926037821
         1.2418648712       -5.1416097766        9.2133713797
        -4.5530979583       -7.3634545809       -1.9330971735
         8.4155206552       -6.2320819395        6.5710877673
        -3.2587284881      -11.5423185839        2.9988950623
        -0.1652590711        1.9657998930        7.7953332332
        -4.3528000141        7.1079244317        7.0780057582
         7.4820079207        0.5789238236       -7.5188931995
        -1.3946409012        2.6963357952       -0.0458993673
        -9.5260301426        9.3787008405        3.6168108941
         1.2283703426       -7.8100882691       -4.0127526162
        -6.7957515496        5.5872325086       -1.1523812061
        -3.8165481259       -5.0639619067       -8.9263265926
         3.3624162043       -1.6496073591       -3.1021815500
        -6.1151429808       -2.1224468626       -0.1476161405
         2.1884771420       -4.9406253047       -1.7494531116
        10.5940747006        2.3352443410        4.7973081805
         9.6787133174        2.0686099640       -4.6831648999
        -1.7265099567       -8.2770686462       -8.6063524836
        -6.3997437229        0.7396507234        4.0452201954
       -10.4313817856       -6.4307007241       -1.8206963012
        -4.1182380314        4.8602954195        1.1582259505
        -1.2267083724       -9.2037718409       -1.3641856759
         0.3318931652       11.4092860812        3.2289980378
         4.7083671173        3.9969625622        9.0234390562
         1.9254715002        4.8991678796        6.5631233991
        -2.2067515314      -12.0074381565       -3.5951569816
         3.4767066145        1.3710727565        6.6258035482
        -0.6438820774       -3.6134876845        3.1910126740
         4.8622082252       -5.7187381228        7.9512674123
        -2.0836654269       13.0949362107       -3.9947087523
         2.4368546660       -8.5213055359       -0.4212898021
         5.6852155722        4.1945760879        5.3551614462
        -0.1838833300       -2.5922633983       -4.1105542387
         4.8085697837       -6.9646766181       -3.0340037200
        -1.8499501578        4.5079881984       -9.4395340686
         5.1512915514        7.0959769887       -1.3116749505
         8.3832903440        8.8629200058       -2.0042889075
        -7.1076009384       -2.9881382841        3.3669694468
        -9.7991232448       -0.6852102006        4.8035121184
        -5.5527602351        4.5498732235       -8.2676861979
         0.6534735705       -2.2213537583       -7.7000675328
         4.5701259508        1.4068350162        3.0619874533
        11.3387575492       -4.0980919653       -2.7360039542
        -7.4908002549       -5.0481692353       -7.7123105500
        -8.0371095095        6.7484029263        5.9521404946
        -3.1688569573       -1.4271332167       12.4775322935
        -0.5005954818        1.4779537579      -11.4182415173
       -11.7889975532       -0.7303845988       -4.7389555419
        -0.8889952205       12.3494029049       -0.3779439437
         6.2921002585        6.5553458055        2.3477089501
         8.1962241562       -4.2852548675        1.5913713554
        -7.0702649128        9.1170271854       -2.5747593147
         4.1140578319        5.9797764123       -7.7564413806
        -1.7462816824        9.6176720671       -2.6862411865
        -2.1679938484       -1.8025787784      -10.2421056334
         4.9331746271       10.4394035888       -2.7857791125
         8.5143735114       -1.9699398570       -1.4944463248
        -2.8965668931       -0.4551334872       -0.7878417247
         3.9704745278       -9.8337444050       -5.3487668901
        -7.0874083873       -4.7628790059       -2.4102474294
        -9.2391174652        4.5527334906       -7.0167523120
        11.7430858188        7.2489686547       -1.1518193643
        -2.2490031522        0.6001980798       -4.2699468667
         7.1809874140        0.6939558570        5.3617515064
         6.2256287718       -3.6229616410       -4.3466824762
         6.7835474301        6.9357788583        7.6627171242
         8.2839623450       -2.8076915212        5.1253437651
        -1.4939176558       -4.0795070917        6.7665356504
        -4.1039460365       -8.6124766894        5.3432071582
        -4.5382482698       11.7997720964       -1.4644184904
        -5.6418941357       -2.4398597739        9.7487004653
        -5.4790975537        4.4007568640        4.6255907388
        -5.8605005053       -1.7666675175       -9.0605863378
         5.1241763548      -10.5573626166       -1.7473305412
        -9.4764871739       -1.7232926885       -7.7507839543
        -0.7685355474       10.2979242635       -6.2385769261
        11.6490705916       -0.2619009968       -2.3040381576
         9.0682183160        5.8714342657        4.7959092147
         1.8821824241        5.3190208393       -0.6538234937
        -0.7832349949      -10.5411250016        5.8169035089
        -5.4455495626       -8.3097529076       -7.5244506516
         4.0507850531        7.6693976257        5.2486298934
        11.8114484192        3.5539394660       -1.7849942894
         6.2154805526        0.4197511075        9.0047840760
       -10.9882934310        4.4461419922       -0.4422950801
        -2.4339669319       -8.5140890355       -4.9346688488
         8.7481036444        1.8011532075       -1.0309190191
        -3.1788186744        7.4720851810       -7.3228132448
        -1.0856158440      -12.6805794841       -0.0644731111
