        -0.9376590628       -1.5164908302        1.2572188382
        3.9400799860        2.0236326367        0.8591826765
        4.7067214892        0.3342611353       -2.6352750153
        2.3021230285       -0.7051893198        3.1679724754
        1.2365086718       -0.5818533287       -4.3000003573
       -1.8177815084        3.9904726116       -1.0626911564
       -2.6467843031       -1.3035882570       -4.5282251482
        1.4992432445        5.1359123020        0.7644013082
       -1.2365085966        0.5818534449        4.3000004014
       -3.9171136128       -2.0676422803        3.0968869604
       -3.9400799288       -2.0236327293       -0.8591826915
        3.3998627754       -3.3690750333       -2.5099597739
       -1.2622003445        0.3866387688       -1.7369251218
       -1.6883711241        4.2481006177        2.8831713976
       -1.3399258494        2.3997480773       -4.6535405733
        1.8177813879       -3.9904726302        1.0626910703
        1.9525785058       -0.7115042127       -0.6638879767
       -0.4510148135       -3.3584439280       -2.0857983127
        5.0646546153       -1.7646818081        0.6669369739
        1.8571765464        3.0369694639        4.0666134344
        1.7101934292        2.7659227336       -2.2930377905
        0.2472809496        1.8413562240        1.1435941968
       -3.5613015556        1.2977102571        1.2108634436
       -4.5275402092        1.5119362877       -2.5347705835
       -0.3715659856       -3.2787733732        4.2803289841
       -2.0363577352       -4.8831668299        1.1034323403
