        -6.4887736897       10.7688204825        1.6071073191
        5.2399910777        8.2440067302        3.4282136881
       11.4639222245        2.5796221056        2.0285455176
       -9.1866436299       -1.7898736745       -0.0092028141
       -4.8525454018        1.1309914077        1.5215658042
        1.6552560656       -5.0320696692       -5.1884865090
       -7.0454768659        3.6794524151        3.2071347685
        8.2998804368        5.3097523715       -2.8983567893
       -1.3944060903      -10.7131890344       -4.8348155500
       -2.3322881673        9.1864767436       -3.1229922428
        2.5206927725        5.1758780478       -8.9270002617
        8.6664334163        1.6596094292       -3.0670545632
        8.8027502649        5.2606698058       -6.6093178918
       11.4696741338        4.7251573130       -1.1850455690
       -7.8610956287       -5.4756344093        0.2431939538
        0.4144955490        0.1960438007      -12.7565150606
        5.2517062033        8.4371798444        7.1986477775
       -3.0023031638       -1.1385408692       11.1466960123
        5.6677919111       -6.6907138384        0.2770679275
        3.5367694430       -4.0716455018        5.6556295987
        4.6197817615      -10.7602079162       -1.6908385623
        6.6525864422       -4.8870671161        3.5538685707
       -2.6053889169       -7.7167138786        3.6212194207
       -7.5345529060       -1.8646229954       -6.2039894537
        5.8418892066        0.3237407317       -1.4477119145
       -2.9734946621       -1.1881324675        7.3898488265
        0.3760188482        0.0927209983       -5.3788116300
       11.4506482018        3.1530335162       -4.7275227437
      -10.1659035841       -6.6422229620       -4.2692421908
       10.8999651401       -6.5693544618       -1.2780169536
       -1.3334433256       -9.0012884825        0.2515224158
        2.8011150794      -11.8990107317        1.5645313459
       -8.1670474509        1.9157479022       -0.0666156754
      -11.3892864708        2.6782651603       -1.8119865749
      -11.2451222421       -2.9724414320       -4.6342662864
       -8.2107934455        7.1927812550       -5.0837285985
       -3.9187266041        4.8554208766        1.5375090168
        2.8783086695       -1.9051684193       -3.4330795978
        1.7715142889        8.4260520589       -6.9410594973
        1.3744207792        8.7063423790       -3.1979676613
        9.9890834706        4.0696406090        5.2872571496
       -5.9160008851       -2.5042412186        1.4670430281
       -8.9004256694       -6.9453748154        5.3778396602
       -6.9016395060        4.2762649631       -7.0200775857
        0.9069678650       11.7449812640       -4.9892481620
       -0.4030757277        8.5833275113        0.1234142930
       10.0282953267        6.1811150956        2.0449321659
       -4.8857479211        3.0780879824       -1.6975440231
        8.0267301434       -9.2016515083       -1.2974207088
        1.6988581607       -5.0749692816       -8.9650346488
        4.0726486630       -7.2756049934       -6.9281105341
      -10.9376738026        4.3750294136       -5.2256788919
       -4.3128188912       -2.6263720340       -8.1017799999
       -5.1500197126        6.5211319024       -3.2891620108
       -0.8003855656       -2.8613381195       -7.1488175487
       -2.8383093788        0.5639338891       -7.0886024661
       -0.0002820867        0.1111391734       13.1305731597
       -0.9967438348      -12.3903612942        1.6696646453
        6.3957722906       -1.5317003474        5.5765033554
       -9.2680299965        6.2437916632        4.7923672262
        8.4695415003        7.6388382959        5.2235638149
        0.3126595237       -3.2096516054        7.6368123694
        0.8137579431       -9.8123251059        7.1813478746
       -2.0334972706        5.7455276502       -1.6014024595
        0.2872334000       -0.0008247360       -1.7583824893
       -5.0843626482        1.2925201743        5.4104686331
       -5.1816905337        1.3894859266        9.2010976560
        5.0189214215       11.5590286529        1.7184054649
        0.0263164182        0.1137744382        5.7251840945
        5.0651159079        2.0482659714        5.6324414309
        3.5561934818       -4.0978510573        9.4020291856
        5.3545701995       -3.4609579127       -1.3241830063
       11.8138530124       -4.8097276107        1.9361962835
        0.4488207214       -7.9430424903       -3.1634937822
        0.7890275287      -11.4122373521       -1.6967327228
       -4.5450178838       10.2873218466        4.9237419963
       -9.0159746267       -3.5780458149        7.1454939062
       -6.0903318716       -0.6193229077       -1.8546193959
        3.2214920963       -0.7153497973       11.2510207225
       -2.9459440466       -1.2388132059        3.5702654217
       -9.3462312946        8.1797170192        1.4355519914
        6.8069830223        4.7519625758        3.5421312138
       -2.3280635220        7.7374811529        3.3282164230
        4.4608313000       10.1987544989       -4.8746950264
        3.1281475025       10.9018360316        5.0725372315
       12.7316056627       -3.0397108938        5.1369763472
       -2.9173902131       -4.4672483179        1.8791910082
        5.3136836405       -4.0825345099       -5.0878080384
        3.1740978951       -0.7463505039        3.8394940486
       -1.7481808707        2.3843865115       -0.0792634855
       -2.1353492132       -5.6743287556       -5.2084585327
      -12.2899542376       -2.8795553503        1.8621896137
       -8.0436740444       -3.6996325549       -3.0826768609
       -2.7444488484       12.6543945651       -4.6191575419
       -8.1832227816        0.1384031438        7.1268895288
        1.7648905644        2.8949206311       11.2354907114
       -2.0721493107        2.6150693939        7.4620448690
       11.3870828624        6.8849134815       -4.3647905996
        1.8096871296        2.8640632559        7.5275201877
        9.4789083220       -2.3079293717        3.5115446132
        9.8935274266       -5.6129234633        5.2258520946
       -0.6675408256       -2.8852158406      -10.9179137850
       -0.7994936950       -2.9242319207       -3.3475591826
       -2.2593123759      -11.0415120551        5.2196129971
       -6.8274756808       -7.3701070825       -2.8988086026
       -3.7655392215       -8.4350559283       -6.9308412284
      -10.9317956337       -6.5542059473        2.1262318938
       -5.7302577000       -5.2645956489       -5.6140630303
       -7.4838707883        9.0837981615       -1.7696818882
       -2.6264093181       11.2069247244        1.7424596302
       -0.9694225787        6.5058686668       -5.1526596166
        3.0417717977       11.7790804798       -1.6912349374
        2.5226094623        5.1587050884       -5.1666033803
        8.5726009343       -4.1267466651        0.2966100408
        8.6488784820        1.4339953602       -6.8240504819
        0.2840186698       -3.1118308212        4.0020138132
        2.6177137537      -10.2435466106       -4.9391561040
        5.4368864131       -4.1369771836       -8.8136286263
       -4.7192405951       -7.4494773146        0.3825545872
       -5.9670555126        1.1732356431       -5.1048782586
      -12.3990957071        0.6938969925       -5.0646704260
      -10.8257771256       -1.5893007687       -8.0267880980
       -9.2528751855        1.4981928094       -6.8679725348
        0.4194589694        0.1591182225       -9.0570450830
        8.3756406458        9.6929226904        1.9262406469
       -0.2821762362        3.3627412169       -7.1423210228
        6.4962021668       10.1217199957       -1.5003440056
        8.3033031412        3.2542030124        0.3279982947
        7.9641692403        8.5505301487       -4.6533946726
        9.8524507113        8.2587291957       -1.2308196434
        0.0078665509        0.1687269326        2.0791880249
       -6.5964700464      -10.4566737264       -0.9447981318
       -2.1861814850       -5.7364911613       -9.0540902850
       -5.3934054990      -10.7862315278       -4.4935903377
       -4.2883229395       -3.4156581485      -11.5798569519
       -3.5401868853        3.8950349978       -5.2316486067
       -1.5483152129       -5.6761602447       -1.2536170291
       12.0985961482        1.0389298927       -1.5021138456
        6.4771570768       -9.4745123981       -4.8491523499
       -3.3660016358       -8.2347268054       -2.9806643672
        3.0179564635       -1.9339632235      -10.8624600313
       -6.1509033834        0.7686750916       -8.8436039413
       -2.9324152023        0.1814790329      -10.7807760206
        5.7762077752       -0.2578002185       -5.1344707165
        5.8538053463       -0.2562256352       -8.8975962818
        3.0684693187       -1.0029306821        0.2078890148
        3.8152421201       -7.4132922234        7.3557790680
        6.7605660544        6.7960485916        0.2745980368
        1.4695947174        8.0219762088        3.4210449975
       -0.2901002555        5.3746985869        5.5266843098
       -8.9569573257       -3.6506273756        3.3747438485
        3.0849750902        1.7917964446       -3.4165275566
       -7.6017795495       -2.5527357430       -9.8818927792
       -8.3590715090        9.9048943143        4.7520346146
        6.2444740824       -1.6291709127        1.8625851360
       -5.9524354582       -2.4407045394        5.3580321643
       -9.2512990353        0.0555659156       -3.3927756404
        0.1865250595       -8.0022332840       -6.9906237863
        3.2333186285       -0.7361347592        7.5420129245
       -0.2134710317        3.2786894765       -3.4679744219
        2.9409503342       -1.9611484809       -7.1497322721
        5.9815055620       -9.9279444597        1.9022431249
        0.3899218541       -6.1888574091        1.9576319718
       -4.2287998909        5.1348317286        9.1171334412
      -11.2484319604       -4.7469495149       -1.2292781517
       -7.2838825133        3.8647272963        7.0781741884
       -6.3272779357        7.5777150659        6.9754036059
       -5.4487392119        9.9535361360       -4.8973923549
       -9.1252909895       -4.9381737834       -7.3604941426
        0.0401951268        0.0900727682        9.4196905669
       -6.1188923495        7.3722029109        3.1665048267
       -5.9291966014       -5.9676623543       -9.1754684183
       -6.0030092678       -2.3706004049        9.1281227563
       -3.0794038668      -11.6908922790       -1.5150296207
       -4.7714385018       -4.3600107939       -1.7166369032
        1.2386869530       11.4650583721        1.7785234786
       -2.4670666577        7.9554919053        7.1771811765
       -4.1478618361        5.0669771515        5.3773357716
       -9.8343861382       -8.4130201929       -0.9576916906
       10.0533855609       -8.3691541264       -4.4627612322
        3.2150151371        1.8651762978       -7.1027945720
       -4.6072091600       11.6667872077       -1.5238338667
       -7.7574107459       -8.7649601064        2.2354293104
       -4.1037848249       -2.2735322323       -4.5322117308
       -2.7769377401        0.7530558624       -3.3906100550
        5.0556403547        2.1016440827        9.3807086627
       -8.0083090995        0.0187107843        3.2655217012
        8.2387207406       -2.1552360343       -3.0387436399
       -2.7714792083       -4.5287139221        9.3768067378
        3.5664352004        5.5887132278        5.5304930169
        0.5668557852       -6.5449026679        9.3220162411
        3.4058841792       -4.1337150931        1.9193165483
       11.1060518039       -0.7115974114       -4.7582542564
        0.7010419548       -9.5297547748        3.4417476800
        2.4554181884       -8.4619567182        0.0843272573
        1.7224759551        5.6222388026       -1.5145899224
       -5.8278635930       -5.7692963070        7.3770783184
        1.0213499029      -12.9148102840        4.8529950584
        6.8977252048       11.1391492798        5.0730692987
        9.2047691566       -0.3268019216        0.2055187282
        0.2915296432       -3.2222728201       11.3105352749
       11.4245011667        0.4939944720        5.2647098948
        8.2470149717        1.2182449785        3.5865117414
        6.7682341098       -4.8995634496        7.3672909474
        3.9892021216      -10.6160464285        5.1233357209
        0.5465426504       -6.4503817582        5.6367856567
      -10.1884021886        2.5791473501        4.8735159613
       -0.6969474841       10.6123469741        5.0250012877
        9.6267234722       -2.3113358928        7.2519072360
       -2.5263458779       -7.8531142579        7.4085491570
      -12.0490497693       -4.7457272366        5.2145319745
       -7.5383200174       -8.3290782426       -6.4880605603
      -10.3703088458        4.5113007637        1.5006819089
      -12.4157863170       -1.0270647148       -1.5786319069
        0.0744941748       -2.9197133650        0.4340937126
       -2.0553848473        2.5766541663        3.7327945064
       -4.4131589293        7.0292507292       -6.9938708220
        3.5253455234        5.6754983208        9.2493083668
        8.2886976699        1.2968728012        7.3886871883
      -11.1310785922       -1.0821170147        5.0285869616
       -0.3533248345        5.4804225587        9.2930866822
       -1.8245775948        9.7455649299       -6.7820675141
        8.2971405065       -2.4520733644       -6.8381982718
        3.3570700265        8.6167309047        0.1024202968
        5.9197418903        3.5269269878       -5.0371215288
        1.4062711396        8.2405162353        7.2501532670
       -2.1102909285        2.6320838410       11.1781823002
        3.7161608651       -7.3425805677        3.5500017418
        6.4361609599       -1.5267690176        9.2807442616
       -5.8826550666       -5.7619901258        3.5925311292
        5.3299100108        6.9056650066       -6.8631594092
       -4.3719759106      -10.7181432244        2.0911819528
        1.8569645986        2.7934901347        3.8107627246
       -3.6626239382        3.6923717564       -8.9819219233
        5.0999867987        1.8693122450        1.8740528051
       -5.5933040924       -9.0444138932        5.3791465775
        2.0366246101        2.4847622753        0.0851508847
       -0.1475999941        5.1516017677        1.7030107603
        6.8233412579        4.8958062930        7.3668246065
        7.7869160221       -6.3102687175       -6.6898249550
        5.1509895632        3.9037995954       -1.3583968489
        7.6229913922       -5.9644770680       -2.9461405498
       12.5225270146       -1.0281592889        1.8299933286
       10.6104301067       -4.5774696534       -4.6490788096
        6.9614216303       -8.1563483899        5.2251845272
        4.8820467197        7.0726170097       -3.0686010337
       11.6300347211       -2.7815390244       -1.4432188475
       -4.2480055037        8.2669979059        0.0074298906
       -1.0749839995        6.5775226664       -8.8533242902
        6.0567042461        3.6011858024       -8.7490588587
        3.6121298507        5.3513116710        1.7648202305
        8.9821607938       -7.4697571480        1.9870383511
        4.2124355657       -7.2793071330       -3.1592496589
       -7.1056166337        5.6308241179       -0.1385039438
      -11.3702542074        0.8272832544        1.6429120690
       -2.7655359442       -4.5157972775        5.6296358362
        2.1202116619       -5.0033705687       -1.4701597637
       -0.7034313935       12.0137465688       -1.4773268458
      -10.2232648036        6.3357547082       -1.9309738773
       -7.9445044093        3.7228557272       -3.4114939924
       -0.3648006352        3.3443855698      -10.8329875923
       -2.9381441855       -1.3897433855       -0.4297552729
        3.2488705631        1.9052745640      -10.8078919073
