        -9.8592059400        4.6804787246        8.2865827160
        5.3862542985        2.3193044261      -10.7684398704
        4.7027036987        0.2953113051        1.5320387286
       -0.6841989841      -11.9939352782       -1.6776922673
       -5.3728953104        8.4594992469        5.1973240177
       -3.1660124179        4.3585915672        0.7919550964
        0.4830185964        5.5103447505        0.6889367051
       -3.1513954185      -10.6140308133        5.3662878502
        6.5579363718       -2.8998937731        1.9734401774
        2.5120261743        3.2997392469       -8.4316820052
        8.3615294666        5.1816582362       -4.6402011497
       -4.7508238948        3.7565698700       -9.8570068124
        5.7187973342       -4.8400191890       -5.6260930130
       -2.1552586543       -0.3384823288       -1.3252900337
        7.9219832726        6.6440584617        2.6151110537
       -4.2370296863       10.3567779547        2.0770324595
        0.7497923350       11.6639377019       -1.6774595790
       -2.9955655869        8.0481066053        8.2520116294
        3.2025116848       11.2196378582        1.3093143666
       -2.4782739410        7.2432445628        2.9763859497
        6.7130490585       -8.5366903912        5.1676607050
       -3.7234505321        9.0413901183       -3.2172489075
       -0.7945153142        3.3559979728       -4.8449992408
        4.3566988847      -10.2203821737       -5.1672340691
       -6.3941006981       -5.5079053531        1.6009553308
       -2.0847010936       -6.1998534955       10.1488754234
        3.7182312336       -9.5487978114        0.0197789468
        5.6229397484       -0.9142000665       12.1192979033
        3.1690985699       -0.3726737723       -9.3618846414
        8.4331303463        0.5505268871       -9.3260616498
       -0.6089857800       -0.4724308899       12.9957214873
        5.6823123757        6.4485309125        9.9357377744
       -4.8854091243        7.3672460197       -0.1219281970
        3.1166793423       -2.6043959209        3.9455818339
        9.9540016245       -1.6701360765        7.1129796896
       -5.4464006850       -4.5728010081        8.8302805418
        5.0922818916        9.0487582602        3.7098370475
       -0.1068510091        6.9632085192        5.9780768425
       -0.9546636766        3.9924552232        8.2203484575
       -6.2869761724       -3.7462539667       -4.8048355336
       -0.7318528820        4.1590261524        3.8442741525
        4.2086953821       -0.5657285882       -2.2133462519
       -7.1714116309       -1.7800783722        2.2384113085
       10.4193039774       -1.0600536309       -3.0693154249
        8.1869950890       -7.0281017726       -1.2275679000
        2.6941065254       -8.0200889087        3.1383822014
       -0.5268781818       11.5448124456        1.9897380154
       -5.8125873565       -9.0971874472       -3.9929616940
       -3.8285603612        2.6709302245       -2.4813275496
        6.8657679686        6.6911640932        6.2972425615
        2.2015296575       -6.7653145958      -10.0857818359
       -3.6074094501        5.2352926142        6.0582122443
       -0.8517269503       -8.9022246644       -6.0184746026
        7.9129125252        1.3307841484        6.4465336331
        4.3881677879      -11.1321920336        3.6006959565
        5.6824995920       11.1328024644       -5.9552710370
        6.2898271511        2.3055844264       -3.4102106237
       -8.4046015702        0.4512418906       -0.6775110012
       -3.0208395971       -2.5441368914       10.9659332282
       -5.0042636624       -7.5686556730        4.4103067407
       -0.5750620338       -5.6162528877       -7.7317508102
       -1.9746313208        5.8873614913       -2.2953533660
       -8.7820184804        6.6280362078        5.1794329150
        4.0331944306        8.9287577753        7.3694868042
       -4.2521371902       -2.8993804653        0.1171054955
        5.1239051413        3.6372374770        7.4942442045
       -8.6165889895       -2.8548646845        7.2430527976
      -11.2360795808        1.6374176302        1.4264314384
        7.7602611523        4.2046575946       -8.2922886341
        8.8028625094        6.1412062758       -0.9776474019
       -0.5790965151        3.1870008792       11.9442915037
       -1.1693416927       -7.8490534099        3.8188079558
       -0.9731629792       -5.0847978263      -11.4281695849
        6.7303691760        3.2685263130        0.2929947370
      -10.0443811904       -0.6303395174        4.3710713327
        5.5066624619       -6.4800313691        8.2532412086
        0.3873115765       -4.1312594955       12.2091047215
       -7.7971970043        1.9868485425        2.7641952202
        2.0314299672       -9.9206135109       -8.1172986017
        3.2863444428       -3.0691417498        0.3673134474
       -4.2151035325        9.6910190493       -6.8513169048
       -6.4822566797       -0.2041434939        5.7033054115
        2.7153689413        1.4185190323       13.1847906848
        2.2357372161        2.3112744246        9.6445257368
        4.8645863117        5.1147098549       -5.9865009307
        9.5834142050       -3.5744373494       -0.2459887300
        7.0095804310       -1.3243395223       -4.4825726025
        1.7683612231       -6.5609233059        9.4756818487
        9.1833795705        1.5818453574       -5.7089088552
        1.6683539585       -0.4863537946        7.1123007124
       -1.5592390992        1.4105539943        1.7846735471
       -0.2699330198       -2.1569977390       -9.2876457877
        3.2021641511      -12.4047766497       -2.2403683042
       -0.8521826793       -2.1808031029        1.5724618259
       -6.7857592091       -3.3005520981       -8.5737808471
       -7.8170223924       -6.5817009314        6.6249587083
        6.1483306698        3.7421131217        3.8696691908
       -3.3558642095        1.1096786951      -12.2483861721
        8.4599106569       -5.4270682236       -7.8316650676
       -7.0042040589        2.9415609198       10.0618286346
       -4.3270859931        3.2064055958       -6.1705299477
        2.7618876048        5.0832408331       12.1157901434
       -4.0410509375       -5.9696282186       -9.2484845993
       -9.3399188388       -4.4085516640        3.7960506367
        2.7907784045        0.3236494974      -12.9757557025
       -7.7930148512        2.9104792533       -7.5886298893
        9.1130005654       -4.5584296414       -4.0419241929
        0.0455482870        1.3699713170      -10.7046712282
       -7.0658549618        3.4622434380        6.1666093794
      -10.6667106140       -2.1701643462        0.8906280989
        0.6375651541      -10.8986352808        4.5852948370
        1.1793131299        0.2698029673        3.6149252410
        8.5027600969        0.4380188681        9.9967275545
       -9.3975310697       -0.5885623047       -7.7725601846
       -7.2724309765        2.3567494523       -3.8403847025
        5.3786452310        5.8152003047       -2.2505688470
       -2.3325394810       -8.6535609271       -2.4872358860
       -7.6983846308       -3.3174115626       -1.2427416991
       -3.5887212422       -6.3659223877       -5.4515033859
       -3.3396334540       -2.9431850288       -7.1356242330
       10.9214244472       -0.0839533326        0.6918385328
       -1.2764251943        8.7359684193       -0.1771406027
       -6.4111934372        0.2615079440      -10.0592586754
        3.0068752656       -3.9117957336       -3.6004012098
        2.2539602411        4.0043943719      -12.0918384870
        1.8884929306       10.9422513153        4.9947087886
       -9.6900400009       -4.0990126303       -6.1686577808
      -10.5865561291        3.1694027930        4.8873359895
        0.4206570078        0.6849750368       -7.0497052894
       -1.7588913711       11.7980874157       -4.7147332652
       -9.8611955177       -5.9214346541        0.2829864559
        5.3393349882       -7.8174543820       -7.9881468353
       -2.9901365897      -11.6100317784       -4.6471031780
       -3.7509174013       -2.4463440053      -10.8385245284
        2.8440732572        8.7027297142       10.9949879373
       -1.2089811592       -8.5788871340       -9.7563315300
       -0.6765086484       -8.6385232203        7.4676181897
       -0.2763122481        2.7699990595       -1.3519459136
        8.4474098088       -5.1546474623        6.2057727460
        2.6583341486        3.2235975967        2.4638450606
       -8.4980477330       -8.1013640851        3.1633987266
       -2.9536205269       11.9530129836       -1.0578165989
       -5.9915367896        5.4691713347        2.9973331012
       -3.7368790827       -8.2554460834        1.0192106391
        0.0251870363       -8.9690569624        0.5697361878
       -1.2416977794        3.9861137092       -8.3895594655
        0.7951110270       -0.0175410900       -3.4344336108
       -0.6482010654       -1.5266796247      -12.9264463531
        2.4943373095       -6.9449277711       -5.9112465249
        4.9988915398       -5.4944650132        4.5944766637
       11.1708391059        0.9252818332        4.4736474961
        5.6922327785        2.7886487971       11.1437646804
        1.2580376980        8.2507951141        2.7647644816
       -4.2084023782        1.9601160626        7.9544630546
       -3.7347108118        4.8687442289       10.3845790535
        3.3692662184        6.0737955338        4.9024191565
       10.0826906098        3.5089139877        1.6644892438
       -5.5331378605        5.7561789997       -3.5454684634
       -9.5941015509        5.1744203183        1.7314375984
        1.6270363526      -12.3119575633        1.2663076346
        7.6735402972       -8.0077852238       -4.9880497575
        6.2128428537       -3.8384739339       -1.7929098516
       -9.3150012330        0.9126994970        7.8022453769
        7.0742534747       -9.4246247566        1.5255853119
        0.8448435958      -12.1060936950       -5.2107315218
       -0.4572111904        6.8118139871       10.7484321672
        8.4990999500        4.1295030069        8.8658580753
        2.4912321657        8.3929464151       -0.8634821732
       -4.2986417525        2.3963446140        3.9567609825
       -3.8666822117        1.2142867829       11.6307307522
        6.5718198955       -2.1156190584        5.5516610381
        6.2546814454        8.9798785798        0.0608553195
       -5.9902139679       -0.2478701426       -6.4014185509
        2.8850682407       -3.9045212658       -7.9270245868
       -1.6943722322       -5.6411337577       -0.3217038719
       -1.0579128952        0.3439037150        9.4118632163
        0.2836591277       -3.0243575247       -1.6340667483
       -7.2002636218        8.8766209457       -4.5763551384
      -10.6785916033        2.0113743173       -5.2108570903
        0.0049426477        8.6730871453       -3.8183401951
        3.7606680888        8.2770008375       -4.4671610581
        5.6332475625        1.5162956832       -7.0414210148
        3.2778574839        8.9838919500       -8.0181702387
       -4.9960289551        0.8368103885        0.6532123332
        4.4979680877        0.7742602055        5.0386212837
        1.7056753170        5.5136125803       -2.9120711108
       -4.5404644949       -8.2073027565        8.0211411654
        7.5605008479       -0.3435990701       -0.7913361585
       -8.5327282368       -6.4365516134       -3.3146349441
        4.7962577783       -7.2293726983       -2.8627336846
        9.6052445087        4.3522223344        5.2344423104
        6.8978840351        7.8034324006       -7.1988176766
        1.5082475935        0.0636879065        0.1226411864
       -8.9855771637        5.4708915313       -4.9149667286
        5.0892438526       -0.0143676898        8.5834740048
        5.1631346809       -6.2424739087        0.9622664841
       -7.6896034392        8.5921002719        2.0432322266
        3.6355499094       -3.4441839875        7.6249379864
        2.2884178283        5.9260475406        8.5093045489
       -6.5120692381       10.4633104391       -1.1201288015
        9.8270521815       -2.0130825402       -6.7873863831
       -7.2349006086       -8.6834494464       -0.4030658500
       -5.5089671515       -0.7220880211       -2.7331475517
       -6.0535181457        6.3567228268       -7.2795584248
        7.9635980956        0.5940103988        2.8828816634
        8.4719593146       -6.0665155988        2.5693995988
       -5.0632667933       -6.0358284630       -1.9259406163
        9.9123417000       -2.6104575457        3.4863413989
        4.6474612609        5.9405481164       -9.7202143437
       -6.2690506959       -0.8378837686        9.4914617216
        0.9092918119       -5.0858298999        2.3455682359
        5.9312235267       -1.3655596128      -11.6264775533
       -8.9236032851       -1.0854187030       -4.1133947937
        2.4830260314       -3.2674315959      -11.6803350849
       -1.5888876640        4.5115433074      -11.9864134598
       -6.4545302228        6.4061374989        8.2701956631
        4.4745390079       11.2384643974       -2.3597718012
       -1.5029446295        1.0676934170        5.7747393747
       -2.8988820029       -3.3494760212       -3.3782577186
       -2.9551556070        7.1437811724       -9.4880308620
       -4.2409807685       -9.3702846245       -7.5073652231
        5.5896312126       -4.9373214969      -10.3231748727
       -6.7416359116        3.9495562116       -0.3929143331
       -5.8241000937      -10.7865119030        2.5607369270
        6.3065560274       -2.1609230942       -8.0190632970
       -0.5031802756       -2.7012702784        5.0983038944
       -2.5233476605       -5.4770790867        6.5478026096
       -2.9904995908        0.5740048030       -8.6141035109
      -10.2279947963        3.6207865177       -1.7498515877
       -0.2729713392       -5.9408039083       -3.8211838321
        4.1749497939       -4.3403281537       11.2312500825
       -1.8712168490       10.1248662820        5.2078315362
        0.0826301520       -2.7720089337       -5.6015546762
        4.3817815221        6.1250780011        1.3089391495
        0.8350367535        6.7680581782      -10.0144965066
       -3.6695477534       -1.1987466405        3.5695142606
       -8.4580765808        7.1004709819       -1.4326893687
        1.2725320368        6.1517374641       -6.4501622013
        7.3480342332        8.7137750564       -3.5276669251
        1.3590634506       -5.7752776043        5.9094978378
        1.9710177529       11.4580775990       -5.3303775555
       -3.3966971288       -1.8070101636        7.2992729607
        1.9699267486       -6.2770257036       -0.8519715167
        1.4463622236       -9.2081388520       -3.0153291543
       -0.1267742531       -3.4058260385        8.6559721403
       -0.4846156657        9.3779745006       -7.4822729459
        9.7309983663        2.5518318835       -2.0107913835
       -7.0022603179       -6.7681814788       -6.8637486613
        1.7891352274        3.0543986703        6.0738548077
      -11.7963723466        0.0877165935       -2.0482220351
        7.1191955968       -3.0846201590        9.2104577494
        3.4952404962       -1.0762498939       -5.7446486370
        6.5963710714      -10.4172238555       -2.1451833141
       -2.5769452633        0.0535230061       -4.9628742493
       -4.4851029335      -11.2926498444       -1.0725304497
       -2.1065894523      -11.5946029292        1.9099839431
        3.1641545639       -8.9396230558        6.6591712296
       -2.5000253061        6.5513846895       -5.8698401025
        2.2014434810       -1.2822560658       10.6690652072
       -2.9397555511       -4.8313708721        2.9635918615
        2.8221059148        2.5410973194       -4.6910938866
       -5.7804155359       -3.8948779895        5.1010562038
        3.3949192919        2.9264116943       -1.0353356808
        0.4347317935        9.6813945599        8.2924230464
      -11.1155401492       -3.6826590196       -2.6023174876
