       -12.6566377946       -1.9535883115       -4.3019214953
      -11.1910862850        1.5752116015       -4.1253308000
        0.8141637627        9.5547200018        8.4381842589
        3.4973630163       -2.8983403032        0.0086625135
       -0.5436848445       -2.2358255655        1.6186049954
        0.3186048499       -2.9722305689       -1.6970494009
       -2.3622907055       -5.0088776934        3.1437871990
        0.7063494421       -0.7111247709       12.9964112362
       -1.5998983200        9.4742747909       -7.1906547710
        7.6208760939       -8.2689425740        4.3463719327
       -1.3118435324      -11.7069729594        1.8730228749
       -3.9744925535      -11.4720607085       -0.8646640233
       -2.2055719534       -0.4180310948       -1.1042441044
        7.5829914273       -7.5244234696       -5.8403993929
        2.2824147338        2.7565687165       -4.8662674669
        5.4795796577       -4.3079545718       10.7111307752
       -8.4000666046        0.0570542835        0.1526896580
        3.0836763631        2.2663058793        9.4537152518
       -7.2415431665       -6.9902584839       -6.2992294013
        6.6072882139        3.5992822548       -0.2588632112
       -2.1796262760        4.0663179468       -8.1387218402
       -0.7614046722       -6.4536010671       10.1843611539
        2.8810928466       -3.6898739916       -3.9306805989
        1.6393170177       -9.0654155734       -3.3129232964
        3.6479171224       -2.5001780650        3.5962927968
       -2.7168218026       11.7786946620       -4.2616109173
        4.2543868147       -8.8730743024        6.1591318835
        6.5984500019        9.1329531031       -4.0039182821
        0.4018594136        6.3229652742       -6.4030905107
       -8.8388985968        6.7031691832       -0.4625155501
       -5.8441062262       -0.6095729140        6.3008632672
       -0.4058434086        6.9777272259       -9.8935299154
        0.9492384166       11.6362872118       -5.2339001000
        3.0257007959       -0.8032199363       -6.0561192488
       -5.1997251566        8.1009654053        5.8758797987
        6.6199146227       -6.3282224643        7.5753843761
       -0.3026132839       -5.8756119201       -3.8839358558
       -6.8827915582        3.6244922399        0.3438190741
       -4.5109123282        1.1507435507      -11.8365519991
       -1.5754783946       -5.6921103942        6.6574528291
       -0.9448722131        0.9079487770        5.9272819130
        5.6561210849       -1.7061066962       -8.6084888484
       -9.4519868831       -6.3999887781        1.1044488996
       -7.6689551379        2.0689739120       -3.0714027705
       -1.7660596486       -4.9318586567      -11.3768733729
       -4.4329760908       -9.4381525312       -7.2536038195
       -2.8940633096        4.6317342796      -11.6728257169
       -2.9960324188       -3.4258759286       -3.1432744757
       -2.5469981909       -2.0826021572        7.5628958592
        4.2455870272        6.3239432232        1.0378292272
       -5.8807930220        5.9469578073        8.9922616662
       -7.2986427872        0.1162075612       -9.3883646541
        1.5996119699       -6.4742568791      -10.3777627395
       -6.4809106963       -3.9732930026       -4.2556484410
        4.2624506473        2.7689541850      -11.1606048889
        5.7180708685       -5.3048173312        4.0031237339
       -2.7430563601        0.8354101347       11.9821248396
        3.4512023889        6.3303241895       -9.9682280356
       10.3627516359       -2.1665866080        2.4949982288
       -5.6761711690       -9.2976340895       -3.6003020673
        2.4118052966       -0.5111233353        6.9258297405
        6.3627418761        3.9878308631        3.3666950023
       -5.2634471684        9.5892086781       -6.2031030674
       -2.9920167487        0.0142312158       -4.6787076231
       -7.7152582818       -8.5551916783        3.7974103616
        7.5150114068        1.1307761365      -10.0507732019
       -3.5585879388       11.8069897135       -0.5048482122
        4.3433616610        9.0014639024        7.1658371790
        4.5558483056       -3.3778492369        7.1920162607
       -7.8128305614        8.1730338154        2.9565694065
        6.2378826550       -3.4858084609       -2.4340216677
        7.2139933098       -1.8700565948        4.8784517888
       -9.6225958787        5.1071582054       -3.9134898472
       -0.4939981866        2.7779271874       -1.2561992158
        5.8637613902        2.6794907245       -3.9224127783
        9.8991450231        4.7444429459        4.4144406890
        6.8989283181      -10.0308714075       -2.9597393092
       -8.4453012132       -6.7885983750       -2.6119636574
        7.6687150937        5.6744929540       -5.2809536812
       -3.3113875771       -8.5432120702        8.2560368606
        1.1979066607        5.6442688669       -2.9374191850
        4.9672683637        0.9247128578        4.6226853810
       -5.6521545995       -0.9424060957       -2.1962865354
        2.1082396222        9.2802521619       -8.0894618033
        1.5682580153        0.6835662283      -13.1566756409
        4.0661191670        5.4510609359       -6.2916667914
        3.7344550376       11.4883731867       -2.5183616485
       -9.1431074560       -1.4489632569       -3.2500215735
       -5.1732881898        7.1247048921        0.5088311246
        0.5093036684        0.0797767293       -3.4801795258
       -0.1203232779        0.1439813776        9.4889591320
       -3.1766341218       -8.4371721586        1.2113852628
        3.6116980386      -12.1834395719       -2.7755117589
       -6.5068928626       -0.4311171949       -5.8016462012
        5.8486056796        9.2879190982       -0.3212721030
        5.9313721988        0.1028274275        8.0785069602
       -9.4930036662       -1.1898073825        5.3030052613
       -6.0947530246        2.4323341836       10.7552474294
        2.0451673395        8.5199078286       -0.9075309309
        7.1651347956        6.9261296486        5.7820302568
        0.1866443603        6.8578406123        6.1202102989
       -0.9449389592       -8.8245061165       -6.0806987203
        5.2849485597      -10.9508412093        2.9527949298
       -9.1841254451        4.0599444156        9.2959505603
        5.4278400088       -4.4471460734       -6.2235506297
        4.3752968465       -9.8951117798       -5.7521358248
        2.3741436550      -12.2282200530        0.8652067427
      -10.1623799533        2.5711155211        5.9511957086
       -7.9752962968        8.5905721029       -3.6733861174
       10.9765943399        0.4545233079       -0.3287138604
        0.3333420068        5.5137162857        0.7622286754
       -0.3065880512        3.8150678062        8.3750975396
       -3.4691940473        1.6284102705        8.3719390517
        1.8804292293       10.9274601975        5.0403569603
        6.6409469672        2.8867234287       10.6304302538
       11.5391417825        1.4098740586        3.4325752630
        3.4093132671       -7.9181332440        2.7191638441
        2.2965693051       -6.7050284095       -6.2474414333
       -1.7570215967       -1.3370397455      -12.8228383297
       -0.2714800235       -2.6690556654       -5.6273466130
       -3.3135579750        6.5225287082       -5.4578489685
        2.2250000856       -6.1489316022       -1.1455839500
        0.1639068649       -2.7951144908        5.0831950471
       -5.8826983011        5.1240172218        3.6784072852
       -7.0344323211       10.1517063889       -0.2644175606
       -4.9849335320      -11.0931398008        2.8884228450
        3.5868965880        6.1602389078        4.7111332021
        9.2850080324       -4.8245438295        5.2867801420
        4.8989625335        6.1209584012       -2.6086043845
        3.0232466308       -6.6135090781        9.1438624519
       -1.6724613039       -8.4604650245       -9.7627387870
        6.3418239189        6.5611744304        9.5091613696
       -7.3561747420       -3.4856188398       -7.9485400955
       -0.2186237198      -11.9745910113       -1.8400583994
        1.7693669715       -9.6631970432       -8.4636903716
       -6.7701969365       -9.0138070998        0.1158851828
       -4.3958633663        8.9022368540       -2.6473563814
        2.3482670900       -3.6204586316       -8.2323497924
       -9.5729175538        4.6725631092        2.7555654170
      -11.1034231051       -4.1849351057       -1.6062864302
        1.1764954190        8.2496404228        2.8158340107
        0.9410278522        4.3174436211      -12.1461702111
        5.5718490493       -5.9852946333        0.3568446207
       -3.7751407628        0.5747026668       -8.2642953606
       -2.4200640019        5.8224201845       -1.9656676108
       10.0591575808        3.9831044317        0.7975809765
       -3.8123063902       -2.9796982975       -6.8329692544
       -3.7327351792       -6.4381981687       -5.2061572498
       -5.8964793972       -5.8358713347        2.0988056204
       -4.8826971013       -6.2371505021       -1.5494664515
        4.5957081859       11.5073625667       -6.2136009959
      -10.4633656121        3.1485794927       -0.6817793207
      -10.0263137771       -0.9210281728       -6.8646941774
        6.8414497782       -0.8301062127       11.5287629487
       -1.3990009463        1.3120323979        1.9670925943
       -2.0685261734      -10.8338728151        5.4316350971
      -11.9079320373       -0.4480482448       -0.8896358977
       -6.5521749793        3.0148540724        6.8939873984
       -0.9953744177        1.5531257361      -10.6151901768
        8.9406262484       -4.0245857582       -4.9625554785
       -8.5666801953        2.6513939333       -6.7394798041
        4.9006240746       -0.8689482533      -12.1461342129
       -7.6943949029       -3.3875335671        7.9791151131
       -4.5641409486       -6.0028561543       -8.9340973052
        3.7113179380        5.0167703342       11.9252567629
       -6.9731959861        6.1745926085       -6.5254004548
       -5.2399344029       -1.2946877268       10.0364090990
        4.8887037114       -6.9245818401       -3.4353164788
       -5.7981562542        3.6851319709       -9.2680317410
        8.2130343846        0.9451048335        2.1468136274
       -6.7804823574       -7.0593571955        7.2098767146
       -4.5974895424       -2.4432351876      -10.4698976518
       -4.8989615495        0.5864206204        1.1559955746
        8.4067811715       -6.5833807210       -2.1254163770
       -1.0031898061       -2.0094622112       -9.2503135657
        1.5543136811        0.2817615155        3.5072304105
       -1.3985381180       -5.7034379379       -0.2596961240
        7.5053454572        0.0526034118       -1.4928960502
        0.9107824061       -3.5414400896        8.5727300384
        8.5563300175        2.1384129042       -6.4990290955
        9.7247306680       -3.0819409328       -1.2086229114
        2.9632216746        8.5336184556       -4.6169842418
        0.4627693075        2.9615424802       12.0273375232
        3.9405975813        1.3368209287       12.9132659865
       -3.2055680056        4.9571292239        6.4922769413
       -4.9997433854        3.0956120596       -5.6509358134
        1.4194464405       -5.0626061460        2.1609615404
        4.8583598775       -4.4756003435      -10.8951305220
       -7.5356886433        1.5624169488        3.5481769628
        0.4985026708       -8.7744133372        7.3318672867
        4.9677428901       -7.3993999076       -8.6031465853
       -6.7868645554       -2.1606726754        2.8832757737
       10.1645160281       -0.4822946632       -4.0451211165
        1.5590561294       -2.9402830699      -11.9162030602
        1.6377933450      -10.9182039170        4.2905749668
        2.2612912761        3.0493452064        5.9591757452
        8.4088034334        6.5924651136       -1.6555142389
        6.7677285613        4.7286684775       -8.8798975168
      -11.0673639011        1.0667623668        2.5395789390
       -8.6684597833       -4.9192177213        4.5834016579
        5.6873320128        3.7699589344        7.0697718737
       -3.2042367865       -1.4281902807        3.8898269365
       -2.9044111794        4.5121797049       10.8131898359
       -8.5035880752        6.1071944933        6.1410489219
       -1.6529012244        8.6613274599        0.1389390741
       -0.9905157293       -5.5041804392       -7.7464382657
       -4.1474287027       -7.8687596278        4.7197659805
       -1.7880702730       -2.8633528318       11.1607305683
      -10.3715437759       -2.7033931524        1.8657395692
        9.4072232762        3.0726414054       -2.8490191209
        5.8400361401        8.2604660052       -7.6331751565
        4.2024688294       -9.3435998586       -0.5133859896
       10.7055672908       -1.2865898032        6.1205285314
        0.9714389344      -11.9526329508       -5.5036992898
       -2.5207875776        7.7532987553        8.6840563490
        4.9028181969        1.9151875817       -7.4921391948
        9.1514340071        4.4034106899        8.1279479478
       -5.0291941174       -4.2499684005        5.5572310480
       -2.0943600670       -8.7067431298       -2.4193792933
       -0.8357090346       11.4615326388        2.2906479341
        2.2382210968       -5.7882985046        5.6505842462
        9.0072064840       -5.6731993686        1.6461284940
        6.6515407159       -0.8925024638       -5.1355836199
       -4.0325575504       -3.1009696842        0.4752898815
        1.5553007702        0.1471974010       -0.0041501647
       -0.5064686548        4.0633256432        3.9943166465
       -9.9932494666       -4.4846521680       -5.3110218673
        0.2974526406        6.6081332746       10.9098164604
        2.8542120359        5.8986364407        8.3991944735
        5.0418514101        9.2368052258        3.4242667966
       -4.3080479747       -4.9721339391        9.2222328795
        8.4718240328        1.6225283650        5.7140964803
        4.0465339746       -0.3102092025       -2.5970094005
       -4.4613623910       10.1019981486        2.7030750813
        3.5142120144        8.6546777969       10.8813597879
        3.3186271124       -1.3417262128       10.3990088358
        9.2661005935       -1.4017390004       -7.7095271591
       -0.2411305599        0.8240580851       -7.0275841386
        9.4384667314        0.6979039873        9.1731270119
        7.6773304155       -9.0784255187        0.6693380250
        1.7961558124       -4.3013828771       12.0447127628
       -7.5713935974       -3.6719468809       -0.5588252985
        0.5554226360       -8.9571257899        0.3952163964
       -1.3668935448        3.3982620102       -4.6697944107
       -0.7284216334        8.7302913242       -3.6062538059
        8.1545340249       -2.8747270712        8.4472168731
       -2.4736339922        7.0695842109        3.3628481710
        2.8224274259       11.3390065835        1.2538772833
       -3.9615041876        2.1237079914        4.4090832967
        0.0769510162       11.7135089540       -1.4778745364
       -6.0713827921        5.5391384602       -2.8720331547
        7.8652237595        6.9973183408        2.0161418537
       -4.1285021062        2.5232545610       -2.0382661658
        7.9707560827       -4.8619493226       -8.6912421235
       -4.1415530045        7.1522731813       -9.0018717536
        3.1795598005        3.1197106367       -1.2729464415
        2.3221177195       -0.0547057764       -9.6104631407
        6.8960447420       -2.5958140837        1.3016236976
       -0.3764865186       -7.9486279876        3.7639981374
        2.7811357795        3.3229042015        2.2877190849
       -3.2315437505        4.1920249410        1.1915036109
       -1.7994371908        9.9361151843        5.5953157713
       -2.8114941367      -11.6562751206       -4.5695037558
        4.8554425873        0.5111269638        1.1024411629
        1.5801032590        3.5631061672       -8.5426871216
       -8.5130563200        0.3315682920        8.6816032292
