        -2.8771224504       -5.9210526261       -6.2268627904
         4.7798897763        5.7636266746       10.8582669886
         1.5637639776        0.1404705871        0.2500604313
        -2.9112216346       -5.0949987055        2.3262669718
         4.3222504250       11.5663050466       -1.0476975821
        -8.0110337771       -7.2962576446        5.4492670891
        -0.8753450734       -9.2267385638        6.6409654080
         2.0391729680       11.9728980876       -4.1726174000
         1.1758809585       -6.1806541838        5.4984663572
         0.3490807415       -8.9392786892       -0.1820992411
        -2.4547398600       -3.0799030003       -3.8539195824
        -2.2092953712        7.0079619053       -5.4670233886
         6.5839216479       -3.8220176935      -10.2356987557
        -1.7713614217       -8.4183780156       -3.3764996404
         1.7539359734        4.1382963558       12.6855759750
        -9.5753933926       -6.1605707015       -0.9696837597
         3.4318447535        3.1450009168       -0.5137320587
        -6.1589051309       -6.2971069351       -7.9310594460
         7.4370030621       -0.6898442073       -4.0172326477
         1.4139714338        7.6778757652       -9.3084293137
         1.3445942063       -7.2613689170        9.0041848779
         2.3035488753       -6.0813601699       -1.2123610355
         0.9729256697       -5.1955146499        1.9825457389
        -8.9605198012       -3.6533892734        6.2994791268
         2.3326373063        8.5475589381        0.0454163185
        -3.8103141428       -1.5516908512        3.1718649184
         7.2105263059        8.6298486850       -5.9549197733
         5.2190658327        6.9311741565       -8.7883743463
        -1.9275540179        6.0515946463       -1.9327296864
        -1.8902203820        0.5735505545        5.7191677213
         6.1600101285        3.4374328059      -10.0787581882
         5.9953817415        9.1583623428        1.3052742893
         8.3598973872       -7.2831027498       -5.0252999015
        -2.5260157064        9.6295725706        5.8903966268
         5.1554011441       -6.9728655696        8.0825042112
        -1.4098466819       -5.5988633554       -0.9112518359
       -10.1161738871        3.5193302565       -2.2088007830
        -5.9354270358       -2.6874163606       -9.3148618516
        -0.7149167010       -3.0931035664        4.8112877626
         1.5064028004        1.5782596798        9.9570756798
         9.2701177025       -4.4465749378       -7.5732740393
        -3.4594632461       -8.3792951490        0.0352845246
        -8.4951429739        7.0061105472       -1.4679883326
        -4.5858327885        3.8987077117       10.4467079108
         6.2561252397       -6.8967296463       -8.1735436479
        -4.6265926454       -5.9415609475       -2.8076028409
        -0.7763649791        5.5327070751      -11.6430395452
        -1.6606348053        1.2602285907        1.7801048958
        -1.6242422809        3.2888189883        8.4366952035
         5.4008011336        6.1824666229       -1.3250168707
        -7.7557290157        1.9179302556        9.7129620226
        -2.4158468455        7.8990223828       -9.0457115592
         3.9394238963        0.5722800627       -9.0801656442
        -8.4570390615       -0.9292961365       -4.8439504523
         3.5305022590       -2.1266955072      -11.6825851600
         6.6564942486       -8.7213326164        4.9414294919
        -6.8537834302       -1.7757917071        8.8843163880
         6.3528798926       -4.1264291558       -5.5437741616
         9.7771290292       -2.5847592686        4.0145387828
        -5.5653393438      -11.1353077504        1.1145081065
         8.5233312508       -5.9858089970        2.7030696460
        10.8408273550        0.8845304556        5.3903354706
        -4.0602527881        4.5068962337       -9.8327013049
         0.6649543782       -2.2313580846       -5.7861499086
        -8.3533429805       -8.5664496362        1.8197825054
         9.6100387868       -3.8915289670       -3.6861417050
        -4.6599503906       10.0642328505        2.6156867593
        -0.4387596626        8.9866620020        9.0960250921
         1.7522014100        0.3957069430       13.4374747169
        -8.0386727756        8.2159570995        2.1686162331
         3.4204005969       -2.9522959857        0.3649255522
         6.5841389897       -3.6304261818        9.4453262028
        -6.9754035335        2.5265586967       -4.1676844998
         4.4998857389        3.1598551796        8.1527271754
         3.6247165559        9.7800102241       -6.9513791495
         4.8068260568       -1.7603865337       12.4049970904
       -11.7506162883       -1.2602473279       -6.5014283619
         4.0926495476       -9.3644760687       -0.4881402664
       -10.2769694774        2.2047309659       -5.8285729580
         5.3499790116       -6.1130802958        0.8377648218
        -2.5429354773       -7.0538539714        9.4199841003
        -0.7131443214        6.4660532404        6.5260494039
        -2.7376977787       -6.0352674511        5.8705988319
        -7.9706070381        1.5712962580        2.3250784967
         3.0875391656        4.1289055246       -7.8959148670
         6.1572352557        2.3190414897       -6.4250268004
         8.7073075912        6.4904253173        0.2316188963
        -3.9542973230       10.1719606183       -6.3088326273
       -11.5627572914       -0.0140758520       -2.9127167720
        -7.0702404066        9.0806043579       -4.3462617713
         6.5565318399       -2.8322279075        2.2272884252
         1.2244202991       -1.0018873747        7.1621407145
        -0.8197733315       -2.2811627803        1.3244827449
         8.2762912196        5.1654995600       -7.2775026879
        -2.1308336685        0.4554505963       -5.1145559336
         2.8607969728        5.7657762575        5.6485564197
         5.7850755172        3.6071929007        4.6398432225
        -5.8580586879       -5.4125387737        7.9785759932
         0.9705589351        0.0389096177        3.7127247102
         0.5445834981       11.8267969550       -0.6205873120
         6.2201875006        6.3535602794        7.3558604322
         1.5214100842        5.2760775371        9.1363282041
         1.7234095377      -11.5341722514       -6.1281646678
         7.3190880832       -9.2784732373        1.2784755800
        -6.8051237037       -0.8221127654        5.1586348171
        10.4398826290       -1.0989885272       -6.1464028536
         7.1554500253       -9.9590350191       -2.4880633811
        -2.1539647254      -11.1933530739       -5.8325206549
        -4.9846555421        0.6846520189        0.3457604662
        -6.7537503865        3.8254848489       -0.5680103959
         9.7630327232       -3.2283167439        0.2020694933
         0.8396383865        8.0564296065        3.5422045270
        -4.1496393362        4.6427243408        6.1906857890
        -9.8227793789        0.0291465655        7.1191588327
        -3.7998662887        7.2701416914        8.6545075847
         4.8234883541        2.0140014944       11.7512771825
         6.6454718996        3.4624251337        1.0915130853
         2.0111537325      -12.2824541278        0.3547536757
         2.0513804072       -8.8240922169       -3.6529383650
        -0.6790580525        4.7072655419       -8.0880676489
         1.1184653922        0.3400016229       -3.3438944359
        -3.8940942615        3.6508626412       -6.1844323326
        -3.1578096862      -11.0936476152        4.2009008011
        -5.1090061728       -8.8274771928       -5.1872691045
         0.3143160399        5.4859410396        1.1888386463
        -3.2022808694       11.9582513599       -0.2662874172
        -8.9979555503       -3.7896101523       -7.2352391215
         4.1337412477        6.1559169074        2.1603298861
         7.7739161925        0.6070245176        3.5341068590
         3.6728491091       -3.0778876042       -7.9769519835
        -1.1150368031       -8.1381508589        3.0501612386
         3.0461690424       -9.0725945229       -8.7396468788
        -6.3092765231        5.0721539631        2.9848083390
         0.8666156845        2.3379919106      -10.5076652363
         0.2865035469       -5.5474684443       -4.3098439064
         3.4660968346       -3.4552617192       -3.6621424418
        -7.3994839814       -3.3759148099       -2.0967001507
        -5.3781054564        5.9307291464       -3.4557947518
        -0.4752123913        3.7838484057       -4.5870332093
        -9.7956281816        4.7841911234        1.4273942030
        -8.2737582342        0.3202653946       -1.2647124393
         2.4307297058        3.1191206506        2.9310250120
         3.0785876263        5.1436551011      -11.4927438801
         3.1438603620        3.0551322651       -4.2208238634
        -0.1059352699       -7.6850081510      -10.5083446834
        -1.4863138084        8.7241389848        0.4658497967
         7.5462394460        6.6550276257        3.7753062362
        -3.0571430174       -5.2081385078      -10.0005070296
        -2.6240113715       -2.3598239326       -7.5872674304
       -10.7114455969       -3.7156725731       -3.7529939430
        -3.9225156357      -11.2353110032       -2.3856320636
         5.1881794897        5.7885112565       -5.1323476781
        -9.3643928280       -4.9393419296        2.6843250282
        -2.7726861632       -1.5543876774      -11.2567649810
         7.7888407493       -0.1527524248       10.6304903678
         2.9719740776       -2.8005288892        3.9456771540
         4.8899322342       -5.6879917504        4.4930178262
       -10.5501087747       -2.4961546411       -0.1104491005
       -10.5287080022        3.7243086674        7.8773912087
        -2.3986487168        2.1192665968      -12.3259903452
         6.5274569007       -3.4484617634       -1.6160295363
        -7.2325281664        3.3821721023       -7.8836009305
        -0.1785468182       10.0193111318       -6.6744396055
        -5.9401108308       -4.4235894731        4.3077605026
        -8.7087778666       -0.1297035477       -8.5083391058
         6.2786226379       -2.3631572904        5.8494457972
        -2.2869299677        1.2802079325       -8.7316184114
        -4.7789341760        1.1998244173        7.7518851220
         4.0186106987       -0.4357919387       -5.5212977849
         0.4422126645       -0.3710145584      -13.0152998175
         9.1070282855        4.1890957918        6.3131355261
        -6.2358179973       -5.7631681447        0.6379836593
        -5.5769080381        0.9995534244      -10.4594831899
         0.5705751346       -2.8235462096       -1.8451989983
         5.3065285391       -6.7717910221       -3.0705544597
         0.5694862995       -1.3061204030       -9.4242531398
        -2.8658824461        6.9363803575        3.3836114545
         8.1971186504       -5.3967655892        6.3894489945
         9.5954697253        2.3704492874       -4.8228055387
         1.5178366429       -2.0876533864       10.6709463323
         4.4510965206       -0.2083825066       -1.9151675967
         7.6786974540       -0.0176379240       -0.2253548725
         6.5155695286        2.8124672581       -2.7015971231
        -4.6869037050        0.1485758509       11.3675664751
        -1.6926512935       -0.4491608763        9.3062213117
        -3.7942811063       -2.4725188690        6.8470466997
        -3.7106651878        9.2245979243       -2.7161040500
         3.8525025581      -12.0267441867       -3.0144578085
        -3.2671295190       -8.7509560114       -8.5775853277
       -10.9489719344        2.4887908222        4.3190178215
        -0.3060551387       -5.1068254462       11.8267877914
         4.5427051831      -11.2345375898        2.9885682132
        -7.1807767048       -2.1228638410        1.5286023131
         8.5733398048        5.8401870719       -3.5214633164
         0.1314027776       -4.0537470265      -11.8551563134
         3.2416246190       -3.9421030231        7.5697357298
        -1.4994252030        2.1751477718       12.0980566057
         4.6348722196        0.3377889305        1.9152648472
         9.8333100095        3.0309208497       -1.0255027183
        -8.7091398838        5.6683242533       -5.1048559178
        -7.5444870274        2.7727826211        5.8834294953
         7.7443840727        3.6217689164        9.8169622048
        -4.9703086677       -7.9894747116        3.3767353243
         3.2420291538        8.4130016622        8.3909257076
        -1.7356353187       12.1542417084       -3.8201389572
        -0.9957392730       11.3537925426        2.9136001391
         0.2704265151       -4.8932306917       -8.1969086653
        -4.0784541942       -2.9738952069       -0.4455810434
        -1.4843276619       -1.5594339597       12.8333855969
       -11.2887919530        1.2410399855        0.7071396297
         9.1508307372        1.6353920898       -8.5604277312
         0.0629571752        9.0133863745       -3.0567926868
         3.0198608760       -9.3521720410        6.1131668642
         9.8762471046        3.6733200609        2.7326921011
        -0.0734542742      -11.7739225638       -2.7280990855
        -5.9581817671        7.8764306046        5.4700044694
         3.2533078539       -5.7563136571      -10.4178575911
         1.7969357142        7.8415398932       11.8819383017
        -6.9916204541      -10.8601977225        4.5845126313
         0.9905582052        1.3462871351       -6.9051790873
        -5.7068251464       -3.4516557452       -5.5726345067
        -1.0814828337        3.8412810400        4.1214357009
         2.7833075757       -8.1432878160        2.6583304952
         8.5573410177       -6.6207917084       -1.1679843127
        10.7215387722       -0.4556730438       -2.3273873696
       -10.2394714086       -1.2399345493        3.5230341283
         7.0282181261       -1.2382539724       -7.6555358020
         1.2099627843       10.5602722674        6.0337750124
        -7.9664951342       -6.3154246632       -4.4916305064
        -7.1930510632        5.5386754170        8.2680116593
        -1.4113996013        5.8908811780       11.2234599857
         4.1557469640        0.5048769527        5.4240089488
        -3.6670414788       -3.5123288535       10.4570534869
         7.4346933066        1.0275720509        7.1330743177
        -1.9668759540       -0.2374379679       -1.4987001358
        -5.0410012045        7.2600893806        0.1296311899
         9.5186041849       -1.9643172169        7.6993803155
         3.5406553990       -5.1328981353       11.1175120139
         3.8082916896        1.5707843534      -12.6407567208
         6.8954958250       -0.1418429884      -11.2009458044
         4.5077846940       -0.5720783577        8.9259755292
        -0.0173491249       -8.3183784491       -6.7927129524
        -0.5786642213       -4.0902034634        8.3171749484
        -6.8160051194       -8.7694542989       -1.7011062967
         5.1477976474       -9.5626775709       -5.6495490486
         5.7960438818       11.8067156183       -4.5356839748
        -6.6942674992       10.3836776369       -0.7273603776
         0.7150553211      -11.1957927365        3.6943831572
        -3.2912241008        4.2342671429        0.9164946921
         1.8001334448        5.8356568233       -2.2933673432
         1.3018349604        2.6147843397        6.4366872538
         4.5645676593        8.8787970316        4.8466836104
        -9.2924485326        5.9606867230        5.0362688834
         2.7831412309       11.1937807136        2.4976788447
        -5.1871222733       -0.5927025629       -3.1866942437
         3.2359841189       -6.2882981717       -6.2566113170
        -5.6408049790        6.8361344526       -7.1545322805
         7.3594007953        9.2340919190       -2.1981211689
        -5.4118523863        0.1865556043       -6.8391195000
        10.9089069623        0.2026999030        1.5298006225
        -4.7661423711       -8.9483416471        6.9776257027
        -0.1974085140        2.9128116039       -1.1279572355
        -3.6527988045        2.8128807564       -2.5267712143
        -4.5852124197        1.9790413805        3.8102953105
        -1.7802800823      -11.7317747195        0.7628485942
         3.8687790408        8.7800687903       -3.4465151101
         1.6084163461        6.7663179773       -5.7867051879
