         1.1656855422       -7.8467963032       -7.2044942255
         0.3956004231        7.1919179446       12.4587450720
         4.5339952149        0.3382887350       -1.6190150274
        -3.8592343610       -3.2808335847        6.5217766082
         3.1071341829        9.3039297061       -2.6633826058
        -7.4882825578       -8.4014041925        4.6122479815
         1.6284945790       -7.6667603542        8.6772103713
         1.0010796054       12.3406205696       -3.2962516666
         3.4887884976       -5.4702336992       11.0297795258
         6.6898919514       -2.3227734491        2.4709144499
        -1.9345057193       -3.0710813481       -4.1076468354
        -2.6513825069        7.0729128709       -5.1056263863
         4.3829202083       -8.1718590393       -9.0188271745
        -3.7301409256       -3.3444546703       -0.7939266849
         0.6916199843        3.4586563485       13.0387554410
        -4.9392120072       -0.9136183370       -3.4510621660
        -4.9043042088        3.7865306768        6.2592556197
        -7.0501819331       -6.7862864021       -5.2378988549
         7.6566444548        0.2893214521       -3.5736098882
         1.0756158825        8.3390198854       -8.7083193037
        -0.5714784493       -4.6630999770        8.0704088099
         5.8965158038       -5.6125632483        0.8267006009
         3.4622721152       -7.9954884739        2.3809037345
        -8.8455407252       -4.9326234158        5.6204399999
         3.1021216779        3.4801168727       -0.0883241225
        -5.0432262919       -3.6496523079       -6.0231688524
         6.5634854663        9.6464002318       -4.9910564518
         2.9367142410       10.4948671135       -6.1118464625
        -3.7541826448        3.8051862999        1.0292442782
        -2.2255922518        0.0062730636        5.6822641126
         4.3004050187        2.7126370831      -12.2570581649
         4.9552208291        9.5909729231        2.2199458828
         6.3679757967       -8.6473574469       -5.8501252219
        -1.8035635482        8.2780545462        9.6210614411
        -2.2161654543      -11.6104668696        3.4140951281
        -0.7132670489      -10.9721473994       -6.5356208964
       -10.3081881434        2.6180621653       -2.5035389522
        -2.0402053276       -1.1071182860      -11.4143776084
        -0.6357938747       -3.4607600313        4.6275656594
         4.3397887565       -2.0778145594       12.5792309242
         9.2979195571       -6.1046867431       -4.9149657247
        -4.4519059212      -11.6942363788        0.2021614498
        -7.7486288017        8.5797500731       -4.1333491447
        -5.2583378189        0.2107253982        7.5855454553
         1.0628688016       -5.2231323127       -4.5509200122
        -3.8534339595       -6.1930260414       -3.3515159460
        -1.9936562727        2.6587601148      -12.2654650194
        -7.0792728543        3.1498856488       -0.6644181886
        -0.1605571874        7.8331941287        4.0944149162
         6.4665328354       10.0190815053       -1.1986826121
       -10.1186431039       -1.4139165877        6.6052631599
        -4.6692140373       10.1015559861       -5.8486067578
         1.1234357651        0.4827118036      -12.9436047216
        -5.0623704635        0.0742853347       -7.0575022019
         1.1898203470        1.8562535652       -6.6975047614
         5.2095813512       -5.4613274085        4.4681012756
        -7.0705558105       -3.0236100765        8.4232328603
         6.1129310067       -6.0241982975       -3.1081646349
         9.7764459242       -1.8702925532        4.4445667865
        -5.6678198693       -5.2711908521        3.7570507916
         3.6786661797       -2.6331249173        0.4342116277
         7.6380837055        0.7388510607        0.2540366410
        -4.0298813040        4.6894894832       -9.7068052908
         1.1721434106       -1.7982210332       -5.8090418762
        -4.1700972753       -9.8160559039        6.2178624004
         9.2343909383       -5.6711381353       -1.0231561593
        -5.7928630107        9.3487525484        2.9938746864
        -2.2952852751       10.9654621155        3.5667133382
         9.2715481077       -1.5128544670        8.1384397091
        -3.7895663036        8.9174671441        6.3503184282
         7.0055202361       -3.1387855403       -5.3596920787
         4.0037361254        1.7135410761       12.1510297863
        -0.6384505200        3.9863546002       -4.3348637790
         3.7411437050        3.0522992401        8.6139032167
         4.8986023750        7.9440253508       -8.0366698277
        -2.0992240344       -1.2201384575        9.2080812029
       -11.2277258303       -2.0150123931       -7.1569686090
         3.2307743379      -12.0398575399       -0.2005508656
       -10.1562884822        1.5286968350       -6.1990846416
        -0.6131506303      -11.8920674491        0.0267698943
        -2.2750169939       -7.8716493778        8.8872829490
        -1.6735426622        3.4282358047        4.3184847472
        -2.3978438657       -6.6511432449        5.3987002273
        -6.9366803835       -1.8355882455        4.7684778706
         4.8035367647        6.5744896453       -4.4504696419
         3.0306555985        4.8983248509       -7.4177251752
         4.7876691340        6.7405202226       -0.6135930798
        -2.7822773620        8.1800656989       -8.6201325763
       -11.3478196569       -0.9889567209       -3.4951992959
        -9.0918963302        6.1941084208       -1.4678002755
         8.9436345766       -5.2892359341        2.8688807472
        -4.9513257441        1.2506771582        3.7077480522
         1.5210810109        0.2631717355        0.3966971411
         4.3157386079        1.5115366951       -8.7437408131
        -1.9133912770        0.5536088606       -5.1422833903
         5.1700289890        6.4433449880        8.1035952997
         5.1548460051        3.8484035022        5.2097959142
        -5.6656906753       -6.4778842246        7.3626153041
        -0.3080657668        5.3815765437        1.5677288134
         3.3731308180        6.3719031841        2.7967641788
         3.3907906340        8.9461032425        5.6582871013
        -2.3733543701        2.5555986500        8.5682425346
         5.0439824534       -8.8824398483       -0.7528260887
         8.1544696445       -8.5893786108        1.1911478159
       -11.3823059077        0.0531416465        0.2027833814
        10.7889268632        0.3183893505       -5.5557120712
        10.0392792967       -3.0343586755       -7.2363465923
        -2.6364767625      -11.4081993331       -3.2010433152
        -3.7256513956        6.3733876951        3.6707924982
        -1.8730791699        0.9568686043        1.8021789719
        10.0170270856       -2.2684398909        0.6071343386
         1.9773018789        5.6354411194        6.1829112127
       -10.2974918487        3.6735547685        1.2133581341
        -6.9395918150        4.2055895455        2.9740620191
         0.5155152879        4.7953977996        9.5553172616
         1.0342235970       -0.3063164430       13.5660134488
         6.1844022821        4.0076310651        1.7076352769
        -0.4314151539       -8.3996226073        2.5546278554
         3.1168419400       -8.3453997208       -3.9893148114
        -0.7698630213        5.1114910639       -7.7803910748
         0.9447672843       -2.6470918033       -1.9189403734
        -3.9447980050        3.6206681117       -6.1163050214
        -6.0677630560      -11.7835803976        3.5979453172
        -3.9207232636       -8.9537573147       -5.9185627144
        -1.6913668021        5.9170521973        6.8908765722
        -2.3935724439        8.4665541944        0.9429917802
        -6.9066199220       -3.9649909164       -2.6472005352
         1.4956343766       11.2090120059        3.3478439444
        10.7379968327        1.1692264139        2.1942609449
         7.4357654735       -2.5141212246       -9.9988177664
         3.0375697485       -2.7471322113        3.9871124415
         1.1708421723       -4.3277118591       -8.3881149945
        -4.5033045972        8.9493684000       -2.3151660550
        -0.8234456823        6.2005485352      -11.2733456643
         3.9754904651       -2.8743484920       -3.6068820647
         4.1648831840       -5.5458468923       -6.3718117548
        -8.8397369717       -7.0177314991       -1.8076999210
        -3.7991397394        2.5755760982       -2.5082011051
        -0.4465876375        2.9262432693       -0.9224347138
        -8.1993833109        0.6057480185        2.0178691909
        -6.9909253882        2.0695335561       -4.3422020776
         3.8032369812        0.5596272968        5.7200758431
         3.0774029865        6.1208465310      -10.9865721337
         1.2955830696        6.1020155880       -1.8030349715
        -1.9927555465       -2.1298623510       -7.7974052835
        -0.6410919910       11.8179244351        0.1557925847
         6.6336098465        7.1057077942        4.6253814417
        -2.0130225766       -4.8480430039      -10.3910402954
         4.3551750840       -2.2035497475       -7.8707557189
       -10.0799657148       -4.5247532803       -4.5025196227
        -0.7361874486       -8.3357967002       -3.9029050187
         6.2585829681        4.6501669691       -9.4563340039
        -8.9369986952       -6.0187455452        1.9186038345
        -1.9794418074        1.5916168755       -8.7082865418
         7.2262216558       -0.0728092190       11.0710504130
         1.3961040492       -5.2031524458        1.7803376034
         5.5080842149      -10.9138773009        2.6270209925
       -10.2256238833       -3.5316302843       -0.7904058888
       -11.3504819476        1.0952869700        3.8956820692
         4.3043521868       -1.0417386799      -11.5174412078
         6.9142247703       -2.6942790428       -1.3966951158
        -7.1531608929        3.1316209576       -8.0085127512
        -0.8794902991       10.3428395086       -6.0253183951
        -0.6513621145       -2.4457499101        1.1928729197
        -8.2223028374       -0.4611482860       -8.9219613798
         6.1840806550       -2.1079000877        6.0923221594
        -5.1288155073        1.0979952623      -10.6281755180
        -2.5622832732        4.9778799137       11.5146722005
         4.3095678591        0.2977730343       -5.2490005558
         1.1483706432        3.0528851964      -10.2258426828
         8.3115640055        4.6479769161        7.0980319538
        -7.5189437689       -9.4642889502        0.9006088022
        -5.1635614134       -2.6727062017       -9.7220355143
        -2.4459027486        5.9232930381       -1.6285138968
         2.9668931647       -5.7524640973       -1.3814807088
         1.1654225458       -0.6628835694       -9.3892736813
        -3.7886816355       -2.1362838720        2.9112113898
         6.9264420641        1.2913533303        7.6350878660
         9.5200775965        3.5945082741       -4.0836731522
         5.4287297650       -6.9434697498        7.9854333874
         9.5003515030        4.0312628931       -0.2492709881
         6.3090864541        3.5921944881       -2.1171483220
         7.9638041734        7.2731143059        1.1402788023
        -2.3120439229        1.2238141185       12.1579149085
         3.2443970457       -4.0890922869        7.5463569608
        -2.4912819328       -5.5102453144        1.9113190913
        -7.6835868550        9.6806364054       -0.4305939041
         1.2596171103      -11.5431305946       -3.3594134654
        -1.9314060326       -8.4795238164       -9.1907366090
        -8.3853719233        0.4999798987        9.4169647854
        -0.3698580263       -5.8699481590       11.5240662411
         8.2470171930       -9.0424591049       -2.6108519436
       -10.2257469988       -2.4861887098        2.9229733953
        10.8126256470        0.7417727371       -1.6972550477
         1.1283475539       -3.2758838226      -11.9948779766
         6.4404936014       -3.5697584010        9.6184568071
        -5.2362818418       -1.0581729282       11.1323568129
         4.0932833340       -0.7029294938        9.1650712238
         9.2910656350        4.4347465654        3.5371659043
        -8.9914344845        5.0776757893       -5.1842836223
       -11.2334437183        2.1370198641        7.5387766830
         6.8372797016        3.7235746182       10.4800262339
        -2.5866356439       -8.6809854216       -0.5946087426
         3.6215846745        5.4895239590       11.4795338070
        -2.7845907081       12.1257263955       -3.1355466106
        -0.1764791137       10.1929695454        6.7485997857
         1.1967042000       -6.9898671422      -10.8757624440
        -8.0721149372       -1.4646398122       -5.3022490712
        -1.9517051335       -2.5296508685       12.6696647447
        -8.1955166392       -0.4365328774       -1.6512092726
         9.3419408079        3.0612590146       -7.8713605392
        -4.3948634532       11.5569439411        0.3141972869
         1.5231643993       -6.3859396304        5.2372807811
         7.4821843862        1.1291723690        4.0414985482
         1.2657111091       -8.8493067115       -0.6312026591
       -10.0944980307        4.6610534038        4.9072785728
         4.3325605651       -4.7503989210      -10.4835228637
         1.9493722778        8.1259978411        9.0929900660
        -5.6424936019       -6.3957810393        0.0039857804
         7.4417482022        1.2283590521      -10.7239771234
        -0.7863693268       -5.6576173950       -1.2605182576
         1.9527070031        3.1400055520        3.2938468473
         1.6663572791      -11.2968614474        3.1180660519
        10.1255711402       -2.6949048127       -3.3139713630
         4.4700127499        0.6555331689        2.2391158967
        -6.9975182285       -2.9322343618        1.0527479993
         7.4887064069       -0.0671679240       -7.2497624150
        -4.9438463116        6.2672132702        8.8930090821
        -8.1963587067       -4.2051409991       -7.8828159749
        -8.1208260978        4.2402516556        8.2182634406
        -6.9978981519        6.8639217412        5.6366987266
         3.6474588850       -9.3937770997        5.7663517984
        -3.8042772803       -4.5327876733       10.0656189120
        10.4100218381        1.5936725431        6.0769754422
        -5.0445356789        0.1472334183        0.1560230772
        -5.7643541679        6.6866470520        0.3296812571
         0.9608007489       -1.3413947939        7.2000121689
         1.1911942527       -2.6169167463       10.6486446603
         6.1889790118        3.3063724079       -5.8778465592
         8.0410778083        6.3982771222       -6.4482705015
         0.8401475805        1.0689676061       10.1534544757
        -1.9473709402       -5.7808365607       -6.6613870866
         8.3716362480       -4.9674692013        6.5579222149
        -5.7958296546       -9.2882875614       -2.5354849891
         5.2013428426      -11.3886093574       -3.4401258927
         4.7672506414       12.5696526795       -3.4635577411
        -8.9401992451        7.2090232190        2.2525569018
         7.2514849893       -8.3290144929        4.8348142835
        -1.8598866114       -0.3534990417       -1.5698824911
        -0.7155881598        9.1348607868       -2.4664769974
        -5.4751291534        2.7335662428       10.4460909755
         0.7001215897        2.3051828292        6.6950820218
        -8.0738100965        1.6137077517        5.6587592383
         1.4402588901        8.6951790979        0.7208234919
        -4.2937356340       -8.6552604266        2.6739507528
         7.3244642681       -5.7322390377       -8.1472297513
        -5.9633202611        6.6737681357       -6.9851922477
         3.0133946429        3.5976017699       -3.8070371663
        -5.0854973021       -6.3688765100       -8.5646904678
         8.0804031614        6.8545097683       -2.6481012187
        -0.2601666263       -9.6866833518        6.0827848407
         1.1778528464        4.2084970761      -13.7601517606
         1.2392156998        0.6433985502       -3.1996546001
        -5.7886560353        5.5611493272       -3.3408554739
         0.7690685676       -0.1103560019        3.8090368048
         3.1890433798      -10.9117854240       -6.6330309996
         3.1590170865       11.9605996021       -0.0806371489
         1.1803223075        7.2303679393       -5.2408508828
