        -3.3782655466       -1.1664826773       -2.3511854541
        3.5092446032       -2.0941933076       -2.2342437298
       -4.0339710554        1.1548209528        0.6404804024
       -3.4965836635       -0.2837169300        4.2074871833
       -0.7407996847        0.5938041046        1.9242712212
       -0.5510069304       -5.3282236295        1.5478911138
       -1.4533359422        4.1381387712        0.0087388094
        1.5312209713       -5.2027312473       -1.6170218635
        2.7819616611       -3.2243825097        1.5381713397
       -1.5701091722        0.7649977227       -5.1989862649
       -3.2917502665       -2.5824797379        1.2547470889
        0.0745456985       -2.3371507428       -3.8704232930
       -2.5997928019        3.3546205891        3.4907148835
       -0.1078224175       -2.2048330723       -0.3031545370
        4.7769724181        2.6550905241        1.7274601625
        5.2175586019        1.4092851002       -1.8827237255
       -2.2498380629       -4.7307057423       -1.8348107127
       -0.3242793141        4.0610952598       -3.7388127020
       -0.6497722763        1.0702227850       -1.6495470553
       -0.2625541507        1.1770721530        5.5321924272
        2.2368551781        3.7013214690       -1.0021683825
       -3.7503190131        2.7017913404       -2.7656140646
       -0.2304582241       -2.3689788314        3.8229105385
        1.2363287685        3.4420320085        2.7097058069
        2.4445905038        0.3103634657        0.2043708688
        2.7908573984       -0.0133375096        3.7618405069
        2.0905227190        1.0025596916       -3.9222905678
