        11.9368478246        1.9368504996        7.0598003906
         4.4281693034       -7.3330562551       -9.3726752748
         7.9316065331       -6.4800511590        3.3849510434
         1.1040644019       -4.7048567827        6.8834216074
         6.8443231113        3.6289849497        2.9504159089
        -2.0961662279       -3.9375588522       11.2575106672
         5.2109465043        5.7049000145        0.0637378921
         3.6768164549        3.4608677754       12.6582821110
         9.8092950545       -3.1266004895        3.5850760688
         5.3978448652       -0.4475002991       -7.3498075746
        -7.5973459360        8.4937246651        4.2624217892
        -2.7004682153       -9.9112062427       -7.9864612122
         6.5834784984       -2.9345147546       -4.3617653090
        -3.9637804326        7.8048786187       -1.2335293462
        -5.8148530847       -2.1456214459        6.0065552395
        -0.7960180745       -0.5332866327      -14.3932349001
        10.1947184035       -1.4972613392        6.9574429653
        -8.3874384751       -0.4078253265        8.0203014432
        -1.3562992481        5.6046088014       -3.2082122476
        -6.8107577254       -4.2894172036        2.8814652515
        -1.7603865714       -6.8045150625        5.3070827668
        -2.1935889852       -0.2802942168       -1.1007667211
        -5.6379565342       -9.9533888429       -5.4652060819
         1.4667334397        0.8212340711        3.5171797476
         0.5370056753        5.3621996710       11.2369822745
        -2.8373745357       11.0342162176        0.3410444551
         2.4162264230        8.4087554424        1.1980341027
         5.1124932039        3.3427001223       -6.9499698952
         0.9951338683        8.6791484211        9.3980317497
        -0.2844799381       -9.8625121846        6.5644104876
         0.2237763292        7.9098612717       -9.0028534502
         2.0166609027        1.4946301483      -12.6862282347
        -9.3163414539       -5.8065748871       -1.7068281567
        -6.0567563144        1.6430576009        5.9420948885
        -4.5669063425       -3.8043291948      -10.0101600889
         6.6570859482        4.0758791651       10.2962047719
         0.2860650867       -9.6798436255       -1.2393655124
         7.4562247329       -1.3818319402       -0.9357268387
         5.1228660929       -4.1258870115      -11.3219982096
        -0.9969486533       -3.6952782815       -8.6602050148
         2.0000369210       -5.5575486781       -7.1189373364
         0.5291850333       -4.6169285031        3.2738690207
         7.3037404705       -8.0627568117       -0.1567164974
        -8.0412174257       -6.9481182539       -5.1928088623
        -1.7425010939        2.5768371209      -12.4995193114
         6.2360973255        0.6367130216       11.9323683069
        -2.5403521023        4.8176644358        0.1430088334
        -0.9763760271        2.3068161597        5.5928167493
         4.7715623568        3.5155705547      -10.7712757699
         9.1676028601       -4.3671499267       -6.6087263680
        -2.0696322230      -11.8956513652        0.6586373051
         0.1451455961       -0.6102230283       -7.0065232993
         4.8556180583        0.0178938091        1.3507453910
         0.9648785813       11.7177664681       -0.1031382262
         2.5749763664       -7.8843612111        8.1396999814
        -1.6080092084       -6.7634898856       -6.4911359656
         8.4253472788        1.5392842859        5.8579612057
        -5.4753277170       -5.9371458404        5.9758589239
         7.7428801863        1.6926829071       -9.1516543367
         2.7211508189        0.4407150942       10.6962041307
         5.2740226698       -5.4703572660        9.1400575942
         3.4798522911        7.0832998277        7.2482616174
         4.3750946687       -2.6895822851       11.7157571654
        -3.3730268524       -8.5774570527       -0.6993472124
         0.0313444744        4.8647901594        3.0788383870
        -8.1185450003       -7.6420461752        1.5092216306
        -4.8844187082       -5.9818978330        9.6607656986
        -2.6633409884       -3.8207072756        7.6041817809
         3.2267192687        3.3036130932        1.7933408800
        -9.7968679598        5.2837323598        4.6783781993
        -9.1274596902       -0.6726551258       -3.4431596888
        10.4628662218        4.0019067303        4.0996462565
         4.3954880024        6.4284000397        3.6396089706
         0.1594983283        1.9781518411       12.9404666654
         8.3259026503       -6.2729302411       -3.4168796334
         5.9288287366        4.6359260772       -3.4176394480
        -2.7804505958       -0.4832185475       -4.7351098330
         2.0054075395       -7.5598703586        4.5327081290
         5.6519638270       10.0137253995       -4.4873548614
        -5.9690468013        5.5573864251        9.6676972306
        -1.3999781242        7.9373523947        1.7283900370
        -8.7032774544        7.2827411721        7.7082449896
        -4.9853907946        5.7018042006       -4.2683316308
         8.0245052981        6.8406172822        4.7632845085
        -2.4925746403        7.1064570443        9.5177645538
         0.7065011557       -1.8528275651       12.8033276903
        -2.1290241852       -9.6246133068       -4.1705264641
         2.0734171782        0.6476348893        7.0750997486
         8.6666386358        3.2239876084       -5.7607607740
         6.1017523953       -9.7745303123        3.0386118898
        -8.0226623892       -2.5008952850       -0.2623231833
         1.7248373248      -12.8741165237        0.0635488238
        -6.8078956251       -9.4009851190        4.7194240258
         1.6309899089       -4.8867866053       10.5114521134
         8.8701867182        6.0099703143        1.1327706088
         3.4692705761       11.3556585823        2.8739374550
        -2.0136195165        5.6959737584       -6.8224793759
         3.0496348371       10.0085484349       -7.3591517042
         9.4318155468        4.7637822322       -2.3480200966
        -3.5046561594       -0.0515255790        3.9231197707
         7.1238031938        2.4358473812       -0.4960934474
        -1.1528306426       -6.9800680831        9.0126839011
         2.4335236810        1.4390297659       -8.9360380129
        -1.5110849182       -3.6802889547      -12.3636044411
         2.6196614428       -2.4051551989       -9.1871884081
        -8.7725281550        6.5563932966        1.1755564696
         7.3633090951       -7.7232217457       -6.9499864323
       -10.8183827483        3.2496647531        1.5886085526
        -8.6198257537        3.4516118714        7.9035948541
         7.9326815611       -2.1388897415       -9.5157671521
        -9.4746276310       -2.4698092412        4.9445486401
         4.4890281831        6.8342431496       -5.9970117852
        -4.7660723955        1.5705320283        0.7290534598
         9.0018494364       -0.5816993043       -6.1825960841
         9.1307840041        1.2356774582        9.5137861895
         2.0382966426       11.0158724028       -3.7566788563
        -9.7160645764        1.4117932931        4.8441025404
         9.1380201433       -4.6924722448        0.1099352556
         2.9087591551      -11.4152953501       -3.2979054486
       -12.6388105261       -0.8502838116       -4.5990635584
         6.3599769869       -3.2563344316        2.2876306262
        -4.2291276185        2.6046771416       -6.4295755200
        -6.2810640644       -0.6088632028       -5.9722790229
         6.6459821229        9.1240525271       -8.0476613704
        -7.7841028745        2.4890918619       -7.6349044654
        -4.1242041029       11.8793602194       -6.0746839335
        -1.2145288340        2.5940029691       -8.8791539570
        -4.8120817302        2.5510634159      -10.1306892682
         3.4507790399        7.7450908287       -2.4285687473
        11.5856549531        0.2978586298        3.7350007357
         9.8742283795        0.9641276927       -2.7498744226
        -0.8996019519       -8.6236797858        2.2783522106
         8.2095142904        0.1404522361        2.5005490794
         0.8791678998       -8.6598695180       -8.6785677248
        -9.7953166271       -0.7727362987       -7.1417708891
        -0.0902343337       -3.2516657583       -0.9902207614
         1.2137517939        5.4605763118       -0.3091150873
        -5.6451968903        5.7044156015       -8.0216895017
         7.3702642794        5.5009440780       -8.7043368581
        -1.2284121197        1.9176835576        1.5993564791
        -3.3468803083       -0.5591197508       -8.4048270523
         5.5912515276       -4.2974474997       -7.6499037359
        -1.0964318271       -6.4205811456       -2.5838889800
         3.9821730582       -9.7177377946       -6.5543903628
        -3.8555369721       -0.6251439581      -12.0832192137
         2.1503787480       -2.3370985063      -12.8681607427
         4.5362249574       -6.5274604062        1.9683672337
        -0.6311491849        2.5407293485       -5.2992170679
         1.0793338095        4.7495974676      -11.0633945528
         0.6406733270       -0.7061071269       -3.3378910341
         3.0018211726       -3.3019723526        0.8670327338
        -6.2037713324        4.6381599317       -0.7997882353
         2.2135255971        4.6708642436       -3.8894240067
         0.3531405123      -11.9535873961        3.5296404515
        -1.5118744479        9.7155139326        6.7864602166
         4.0299090649       -1.4373043408       -2.1665802889
        -5.3373205580       -2.1802589494        9.7776881397
        -4.0021391147       -3.6956499844       -6.2934801759
         0.0366044302        5.5368039194        7.4433788762
        -6.4810222252        9.7186482219        0.7972159831
        -9.7796121709        4.5010999352       -1.9364637420
         1.2563972613       -6.4882481270        0.3183241673
        -6.9520625778       -8.8563726227       -1.9923870262
        -8.0673158202       -4.2505578412        8.0887803003
         9.4647187495        4.6839327285        7.7307778213
         6.3792679327        8.8981141074        1.8532825083
        10.9107180294       -1.2858636433        0.2975571526
        -7.1215569159       -0.4393901684        2.8528022690
         0.0671984690       -1.7158441006        9.1974069763
         4.4939704877       10.1733241127        9.1549500979
        -2.5770784260       -0.1159671329       11.4113090811
         5.6020937013        0.9520437663        8.3148719100
        -2.2778249869       -5.3291685379        0.8540096591
        10.0751983019       -2.8434049819       -3.1639536192
        -5.3267576835       10.8665780189       -2.6628639431
         7.3141436261        8.0343457994       -1.7568024704
         7.3223870727       -2.1775814350        9.3892607531
        -6.8729877843       -3.7222280298       -3.7485679594
         4.5946523913       10.8075527639       -0.8368154268
         4.0701081350        6.8471609468       10.9317908537
         1.6471903320        4.7264031871       -7.4655709871
         5.6728706666       -4.8082520301       -1.2284822435
        -5.1273529092        8.5435600965        7.2392784562
         5.9795410322        4.3221946535        6.5731240138
         3.7272374799       -2.3885848457        8.0353022064
       -10.3678684230       -4.5105753354        1.7923898533
        10.5554099411        2.5203345709        0.6794055622
        -6.3535452095        8.7906593653       -5.7866399227
        -0.2161105150        8.6847394738       -1.6815054190
        -0.5066084044       -3.6911435044       -4.9373709241
        -0.5443900067       10.9349004549       -6.7026489585
        -3.7028970003        3.5981103268        3.6580577187
         1.4677091379       -5.5560007281      -10.9049055263
        -6.8532105894       -0.7012290144       -9.6418418993
         4.6626132005       -5.1012278422        5.3893564825
         0.8530688749        7.8049746266       -5.2923685415
         3.0884560685       -2.1621025484        4.2920400910
         2.6706947987       -9.7352830661        1.7179587620
        -0.7325913409      -12.8633517398       -2.8134570735
        -0.3415422373       11.0738891510        3.3711905298
        -3.4278162050        3.8922895701        7.6733346475
         6.3523860361        0.8914262407       -3.9481058128
         0.4192534845      -11.4078470780       -6.1734456151
        -5.6386013414       -0.4921354522       -2.2882284052
         3.0590374552       -2.4840840855       -5.5161694243
        -9.0931879900       -6.3113825562        4.9881050087
        -7.2884400793        3.4101584105        2.7024455081
         3.7004233765        2.2861288934       -1.6167307498
       -10.3849600494       -3.9053790927       -4.9070502616
       -11.5526084464       -2.6827632014       -1.4143698035
        -7.6187414854        7.7374469773       -2.3234784885
       -10.6318273960        2.3787095327       -5.0350247778
        -8.5206131981        5.6027269623       -5.4304399221
        -4.5320210920       -6.7166472432       -4.0041640653
        -2.9621182164        3.7732126137       11.4111359953
        -0.3532784468       -0.5408967932      -10.6998309736
        -0.4380025513       -1.6184644037        5.5851744497
        -5.7187016576      -10.6509019936        1.2259781500
        -7.6683813372       -8.0336235750        8.1159555676
         1.5788430512       -0.0667959114        0.1197995843
         6.9832836129        7.4423197602        8.4292472767
        -0.9343448683       -1.7068343872        2.0387695042
        -5.0881248415        6.6318128235        2.2187250638
        -4.5274299981       -7.3968829852        2.7244229708
        -3.2296952434      -10.6891583132        4.1576395362
        -3.3853333259       -3.4924669699       -2.5364571422
         3.8791236990        6.9603199991       -9.5963847626
         8.2232283598       -4.8981286269        6.7759445806
        -5.1698078422       -6.9306500551       -7.7960964837
         6.0484685422       -8.1798659396        6.4515239802
         3.8199723344       -8.1328216230       -1.5985137964
         2.0725567367       10.9041583576        6.3953866341
         5.2904389035      -11.3310316639       -0.3706967464
         5.0291142315       -0.2919008443      -11.1520269095
        -3.5798300219        2.6627485285       -2.7284362108
        -0.4021756630        2.1954437210        9.2841108046
         4.8990102074        1.1654601184        4.7060835781
         5.5155885670        9.5719570683        5.5056753276
        -2.1475413292       -6.8289466948      -10.2165170281
        -3.0807993444       -0.0039001683        7.6879832284
        -2.5677383934        6.6582041099        5.1661495909
        -7.5414989850       -3.8764580111       -7.5153958647
        -4.0007202659        9.8706121837        3.8018093529
         2.3841475550       -4.8088755630       -2.8705476822
        -2.6179076829        5.7145840146      -10.4539613783
        -5.7505882801       -5.5914035615       -0.5399740862
        -2.7715316232        8.7333740764       -4.6183783069
        -6.1952466698        5.3711912264        5.7425597333
         3.3601664112      -10.7212675053        5.5003848186
        -8.2692535763        1.3754561029       -0.3691934924
         6.6668313984       -1.8250762995        5.6452447226
        -5.6959711768        1.6780233417        9.7693790662
        -7.1124539662        2.5444834366       -3.8739071424
         8.1471218018        6.9925488334       -5.2767056061
         1.3957531935       -8.1335916429       -4.5721141761
        -4.4842418199      -11.7964228276       -2.2714239066
        -3.2182238586       -3.7878759960        3.9743856074
       -11.7750252408        1.1983368608       -1.5146023224
        -4.4777530816       -2.2645420730        0.8687516156
         4.8342573773       -6.4231568609       -4.7970981849
        -3.9952592016       -8.9909115979        7.4188219196
        -3.1513213018      -12.8565751984       -5.6964138511
       -10.7099359061       -0.6401391870        1.7320094129
        -3.4173910221        8.8336372327       -8.2957139792
         3.0962273485        3.7624778410        9.0314560496
         2.5234340191        3.9044469143        5.4025420093
         6.4529255107       -9.6330299823       -3.6545086581
         0.0206264352        2.5163387751       -1.7779863266
         2.8695632529        1.3165268178       -5.1215477474
        -1.6025041418       11.8940172394       -3.1119605135
         1.0953598157        7.9058257268        4.6337217993
