        -1.7388011107       -0.9426559236       -5.5869875197
         0.8159528363       -2.3096532388        5.2864346186
        -2.2820673416        2.8099377736       -4.4973921175
        -2.4352343586       -2.3960915088       10.9733198719
         4.8957524137        9.8546497778       -5.7376592677
         1.7439920202       -0.8369955535      -12.1279881921
         1.9730635148        3.8046366308        4.5302945450
        -7.8277529241        1.6647241755        0.3374491742
         2.1028708664      -11.9697598634        2.4752695932
        -0.6514313608       -6.3143761042        0.7500745172
        -1.4758490604        2.3446601925        0.5760737330
         1.0060966757        9.9742605977        6.3883924703
        -1.4752583724       -1.9806827392       -8.9858400195
        -9.3594998011        6.8332952366        4.0473003167
        -5.7395880409        5.6251323797       -9.0236188067
        -0.1155431368       -9.0753720247       -3.2783659189
         3.1129090012        8.0992414436        9.0793500036
        -2.2016331199       -8.8379774786       -9.5771243729
         3.5438249413        6.4218082936       -6.5478856433
         6.0682459865       -5.5219442061       -1.7080786522
         5.2190449608        3.9022947453        6.5936483994
        -8.4578555679       -0.8481944037       -2.5018305219
         5.0505885960        3.6847979076       -0.5934273192
        -2.7844676568       11.3613478431        0.1176631603
        -3.8288734913       -5.4558446625      -10.6936281191
         7.4678095926        0.9098338979       -0.7971581100
       -10.1352582092        3.1632693110        4.9295814888
         1.6972954711       -8.1331223107       -9.5874092167
       -10.9967304321        1.9102840323       -1.6367119221
        -2.6404395526        5.4675619134       -6.9306752609
         0.5008812183       -0.5112573413       12.5238014417
        -0.2484412997       -9.0628893158        3.2192787079
        -5.4633714331       -7.6359823343       -0.6120517296
         3.8974407631       -1.4534961186       10.8684767075
         4.3025815858       -5.7547958808       -8.1545567193
         6.5248820189       -7.0470263217       -5.2441344356
         8.3782132757        3.8865004708        1.3771901574
        -6.5247159230        8.6549226061        5.9084733336
        -4.1352897858        5.9743826185        5.0183163488
         9.7918811431        2.5490305788       -6.5890587872
         0.8051978531        4.1450534235       -8.1061683473
         5.0482081098        9.4374685940        2.9145844709
        -6.1957020188        7.7569820647        2.3076988744
        -5.0981441842       -5.0157721020        5.4582093696
         6.5657373728       -2.0117865549       -3.1217872106
        -3.3370935725      -10.1625073784        5.1847436597
         4.2562418042       -0.7404058546       -5.9803879617
         0.2517216770        1.3462537676        6.5273284632
        -8.0880556147        1.3297291031        7.7165336164
       -10.1066743518        5.5601381869       -2.5140860260
         1.7471646046        4.7648471005        7.9834017231
         3.4057660292        7.1441627352        5.5267517686
         7.1829251515        0.2256602362       -8.0592996819
       -10.2659392408       -4.0954725960       -3.5430535346
         7.2447036414       -2.2493094128        8.9883556868
         2.1299488282        2.8616182884        1.1173555718
         3.5546796336        0.3796266977        4.7241248885
         1.1571465442       -0.3315817412       -0.4918461688
        -8.0484414222       -0.5798248101       -9.6385472633
        -3.6514544619      -12.7048828496       -1.0164191702
        -2.0214598605        8.0065537740       -4.1033984762
         6.6167340953        7.3330418213        7.5871303666
         3.1433480561        9.0692933534       -9.0834078230
         3.1597094790       11.9436553084       -2.9225798749
        10.0222303424        6.3886124728        5.9102902511
        -2.7854967399        9.3715087308        6.1853964345
        -6.7480001259       -8.3637354009        4.5777437800
         4.5601638575        1.4944322636      -10.7822709683
         6.5271964716        1.3216531374       10.1556600101
         7.0200238787       -2.9330074320        4.7546677964
        -2.4588855296        8.3886744647        2.5179342512
        -0.3675403962        8.6198751948       -0.7009759294
         6.9046475027       -2.6598186359        0.6981493681
        -5.6166540337       -1.3848609480        6.6720789843
        -8.0270462330        5.6894866530       -5.8289675328
         6.9297007575        1.5444648227       -4.4741769247
         3.3641900528        1.3123809706        8.3681135608
         9.6054710506        7.9808218499       -1.5914481477
         7.9800437465        4.5965829556       -2.2937515204
         6.0952123658      -10.6473733884       -3.6555189570
        -2.8754043345        8.1469751197       -9.4085186840
         2.1338637786        5.8995813792       -1.3387871112
        -4.5723397429        2.6365209975       -1.3508699974
         2.3397981357      -11.6358609071       -4.0721758159
         3.4722326031        9.1466394732       -0.4511569700
         6.6299862734        0.3506929093        6.4661758051
        -5.1567021027        0.2187365630       -4.0998527802
         3.9512387143       -4.3961755151       -4.6173626796
       -10.2258666954       -5.2990230902        0.1796273711
         0.1395987906        7.9548054577       -7.2177077643
         9.9532603066        7.2509604665        2.1673608833
        -1.7972344224      -12.3216435819        2.3824687839
        -2.2582455263       -3.2131514899        7.3083776177
         8.2775856632        8.3169340061       -5.0656052105
        -1.8702875609       -6.0071705060        9.7601917738
         3.1337763203       -5.9357414158        0.7505972830
        -4.7686520435       -7.8140153080        7.8860833371
        -7.0741603417       -4.2847641486       -1.5934571626
         1.4609483133        0.3459571774       -8.7986508624
        -2.0347011837        4.1551832060        7.6417660103
         4.0356673663      -12.0673596361       -0.7719767009
         1.6937911841       -3.0768014726       -7.3393299681
         5.9686832120      -11.3452932932        2.4718829754
         8.5768479274       -8.1904145999       -2.1983656774
        -7.7331877255        0.4750877410        4.0174452939
         0.8350800593        2.6811307557       -2.2234043568
         9.0904380073       -4.6636992640       -3.7265253821
        -8.7351256559       -7.5339374417       -2.5649494462
       -10.1450138602       -2.7932489291       -7.2272078952
        -4.8937714034        5.4736274993       -3.7657032964
         7.0272310101        4.9451000727       -5.7922018929
         6.6101346498        7.1012121720        0.2703335880
         0.4790754375        5.2782156789       -4.7003521471
        -8.3884105060       -3.1944812620        4.8123572980
       -10.8148043142       -0.5360645712        5.7658331006
         3.9826136938       -9.4642852484       -6.7439719915
        10.7291397307        5.4774724291       -4.3727704323
         6.8967334795       -3.3904532753       -6.6837330448
         5.2697409003        7.0707447648       -3.1602804144
        -1.3363389650       -9.5304329767        8.4328672013
        -7.3729851431        5.0358856755        6.8624717862
        -3.9998587482       -3.1298748481       -3.4255824062
        -6.5328681537       10.6150035425       -0.0832342891
         4.0171975607       -2.3343216654        7.1417558934
        -1.0071009126       -3.1812831655       -1.5222031051
         1.2004396562       -4.9641744214        7.7255309017
         9.5080113835       -1.0567834236       -5.1791502158
         5.3425149882        3.0040787055        3.0839862276
         2.7248194608       12.2186590658        3.7516046194
         1.4170045555       -1.7713105908       -3.8331470238
        -2.2450119131       -1.1549346543        1.2574171614
         9.7620150995        0.6819140952        8.1553618471
         6.5590647491        7.5253485721       -8.4080238993
        -9.3443301776        8.0217407032        0.3437641248
        -0.6226658101       -6.7820362705      -12.2882875331
       -10.2621602016        4.3999319766        1.2199799344
        -5.5115716905       -7.5876074025       -8.0153325201
        -4.9369875073       -0.7873626528       -7.5735387200
        -7.1048302185       -9.6750647091       -5.2639397076
         3.6059776693       -8.5831800793        3.2121123080
         8.1477720151       10.3952014018        1.1153002046
         4.4058201504        0.0258343299        1.1476924941
         1.6441993388       -7.6960942470       10.1111240215
        -5.3046773633       -2.1776134052        3.0192790579
       -11.5780478876       -0.6054758650       -4.4468202773
        -4.4476203089        6.8380691023        8.6152886771
        -0.6620016665       11.4516235733       -3.1492156614
        -7.0022591074        4.1399775941        3.1772942678
         8.2124785316        9.5643206188        4.8591757783
       -11.0108223136        0.7052031907        2.0879445238
        -1.7843229511        0.6675353069      -11.5519984022
        -1.3096797313       -3.0919521860      -12.3925113883
        -6.9491528434       -5.4365345073        2.1138612598
         1.6586295087       -8.4572119181        6.4611320086
         1.7136823979       -9.1773155182       -0.0877770114
        -8.7187539206       -6.2891736548       -6.2762302844
         9.4310088102       -5.3212940608        0.1228979028
         1.1510727276        3.0037474050      -11.5328653951
        -1.7442896285        5.2343867301       -1.6825597642
         8.7103365255       -8.7033180109        1.6573913360
         6.5908842112       10.3657403721       -2.2840204284
         8.4043921011        4.1898199836        8.6258336352
         6.9012344269       -8.5804904445        4.9837373966
        -0.8747891083       -4.3771530665       -5.0760727604
        -2.1342274609       -9.5201109179       -0.0712979373
         4.5140519285       -2.0519824057       -9.5060245358
        10.8680330778        1.1211614727        0.8961615045
        -3.8971968737       -4.2540344047       -7.0810555454
         0.5128663819        6.7988484207      -10.7192806749
         9.5063353098       -5.7790669954        4.0897406661
        -7.3461010705        8.2149510162       -2.9813822911
        -2.0354736466        1.7453519205       -8.0272215409
         1.4435633371        5.5471036459       11.5184910786
        11.3528015001        4.7542280996       -0.5643537183
         4.8708766236       12.3657752395        0.5456427796
         1.1184350362        1.4494155772       -5.4731791150
        -7.0078455733      -10.8577712789       -1.5887819155
        -8.5592018989        3.0717948772       -8.5544514833
        -2.3035426307       10.7232154006       -6.5729988335
         1.9445383331       -4.4117055071      -10.8745595363
        -2.5607040420       -0.4044385314        4.8577900491
        -7.0674325336       -3.0539645883       -5.3062909530
        -5.5659487266       -6.4219073781       -4.3627273287
        -8.1468462560       -6.0176252190        7.2561377890
        10.1185475100       -2.7104818796        6.4478614283
         1.3310646389       -5.6276217669       -2.3451726159
        -5.2399239099      -10.6111056850        1.8140960669
         4.0181499297      -11.2254801002        5.7429965003
        -2.9472831319        1.2524857592       12.0577253402
         3.8781601324        3.8215640764       -4.0034790988
        -1.9920605793        0.1156040982       -2.2274625103
        -1.0707657371       11.6818147737        3.5784117395
        -0.3714878007        6.6382943930        5.2809746222
        -1.4882921182      -12.4112252625       -4.2129045886
        -8.6832496403       -2.3957851678        8.4387778320
        -6.9807166850        5.3232450707       -0.5111331375
         3.6120667437       -2.9014014003       -1.0611495399
       -11.5790509076       -2.9993888144        2.9047097895
         4.2512677466        2.6671946246       -7.3676388085
        -1.7345039265        3.2549013317        4.0705274955
         1.0884012875       -4.1137156115       11.3620291968
         6.8166528429        6.2631878696        3.9962740773
        -3.9242781961       -9.7541367659       -3.3308593144
         3.9075810736        5.3019608656      -10.0940240824
        -0.6747475760        7.5343679661        8.9092304237
        -5.3070572458       -1.0151682694       -0.6140448549
         4.9386978304       -8.4113685320        8.1905499562
        -2.7835360075        0.4368344911        8.4651756410
        -2.3626341082        4.4262184454      -10.5469722650
        -5.3388407102       -4.2361053168        9.1968997845
       -10.0225428138       -6.4066236897        3.8920243380
         1.4688322236       11.3277857391       -6.3638768142
        -2.4558840243       -6.4463333880       -2.4261283533
        -0.1105388806        5.6620602859        1.6762836031
         4.4162677898       -5.7137348943        5.6728220725
        -5.2287241272        3.1613528976        9.5488807607
        -3.6543868850       -7.3306505547        2.7438647790
         1.4852540770       -6.9212847030       -5.9969536106
       -11.6383968487       -1.8071556619       -0.7752022679
         7.2873463868        3.8051907087       -9.2789132523
        -4.6261182849        1.4600823936        2.2737313624
        -2.3181767010        4.9604553269       11.2325124807
         5.5042698356       -8.7682293074       -0.1442082896
        10.2320247095       -2.4507933300        2.4735344966
        -3.8835109210       -4.3914577522        0.3432786886
         3.2400040050        2.1336523732       12.0132623072
         1.0337291830       11.9532537938        0.3182419096
         7.6133599638       -5.6241862382        7.3855901091
        -2.0730207148       -3.9987358647        3.6045837086
         0.1231334697      -10.3270490924       -6.9212184163
        -3.8130850924      -10.9121410314       -6.8595094990
        -7.0094713304       -4.1324973394       -8.9781474545
         4.7938302916       10.4593886662        6.4804854005
        -3.8127385388        5.0462801471        1.4476668257
        -8.4750818974       -2.0185554561        1.1430673832
         9.9769195474       -1.7903810391       -1.3857660711
        -5.8460498017       -0.5760051694       10.3001160137
         1.8169542012        8.6228918464       -3.8579490017
        -5.1809554979        8.2520538011       -6.2550789658
        -4.8528779431       11.0563558628        3.3746238900
         4.4704321193       -5.0037582074        9.6346935189
        -0.7660938570       -5.5378651566       -8.7030820274
         0.6512400011       -1.3788202435        8.9228421271
         6.3207701307       -5.8898380157        2.3605351929
         4.9337201167        4.8759984276       10.0924081340
        -4.4440261646       10.7273837691       -3.3448559475
         4.0087159437        0.5899078410       -2.4948685962
        -5.4533506185        2.9205671764       -6.5274185750
        11.6237408421        4.0378207848        3.2423880046
         0.2090377189      -12.4176945388       -0.8822426628
         0.0667801934        2.2846862994       10.1375852778
        -4.1499979558        7.9330216894       -0.9082890497
        -1.7294081135       -6.7859636136        6.0090700396
       -10.7722491240        3.0451630665       -5.3503242079
        -4.9394435632        2.3397707789        5.9088723591
         0.5060583548        0.3759578897        2.9898200328
         1.3022567412        8.9581093087        2.7235363820
        -2.3422176310       -7.6424139363       -6.0141599295
         3.6106721707       -8.1537683630       -3.1845090114
         8.5795836635        3.0902521604        5.1275646294
        -8.3275862055        0.3320532771       -6.0739074109
        -4.6759902927       -1.8034686124      -11.0546998814
         0.8187204512       -3.1403907487        1.5430809264
        10.4476785529        1.8406286810       -2.8763420566
        -8.5519083392       -8.6660656970        1.1583244157
        -7.6965870588        2.8470246998       -3.3251625427
         1.2349229267       -5.7589324769        3.9845808974
         0.1394419120      -11.7738561217        5.7048759646
        -5.2154195662        1.9366193976      -10.1688851645
        11.1036395687        0.4819718985        4.6403433537
         3.5905492741        6.1228210623        2.0144121360
         7.7368660611        0.2293161336        2.9055716923
         3.9042063382       -2.9598706527        3.1400217830
