        -9.0664632230       10.0799504605        2.9470422318
        8.1667276428        4.4097216295        0.8895000723
        7.7736985791        0.7968003953        2.6196846531
        0.8604506153        9.1441310384        2.2373284567
        8.5282775559        3.8137273139        4.6622643781
       -8.3038232202       -1.5049396189       -9.3441945683
       -2.5604758721      -10.0611094443        5.7669497491
       -7.5491422976       -6.1065737754        7.7976360023
        1.0776298235       -2.9578758091        1.7085192706
       -7.9661557077       -9.0735216262        1.8484110471
        4.7970551382        3.9350948290       -0.9581748121
        1.1552112869       -0.2731618580       -0.5181491682
       -4.9173781676       -2.5847773829      -10.8431992434
       -5.6410706667        1.1454769264      -10.0849165456
       11.4550273545        4.8258874348        2.6373370247
        6.6405752603      -10.5343456393       -3.5861388056
       -2.8858083148      -12.9139424433       -0.2963351465
        4.1593773697       12.6314074910       -0.2209710407
        0.5552374746        0.5807631950        2.9489896594
       -2.6516224572        1.6892342636       12.0686667170
       -5.1131674517       -1.4452281509       -7.3925373614
        4.9310336157       -5.1493847685        5.8152909828
        8.5301552039      -11.1297354779       -0.3904551976
       -2.1054423062        5.0448273063       -1.8870818166
       -2.0474120260        4.4192162031        7.4902450673
        0.9539391792      -12.3730973484       -0.3327955388
       11.1708138092        1.3154338500        4.2190087946
       -8.5239500943        4.9285809867       -5.8255813635
        6.5488273871       -1.7884228881       -3.2619838524
       -4.6381068667        7.6421963779       -1.1595965518
        0.9084296290        0.1556659502       12.5178681681
        6.0212498924       -8.3719314863        0.1938633897
        1.8741201742        4.1453918059        4.2599482600
       -3.8047816819       -6.1350597670      -10.2713226368
        4.3608536000       -1.7265145975        7.1146492714
       -6.5533711240        7.4813987960        2.1272880943
       -5.8508854957        7.6329247786       -6.4677205723
        4.1286685079        9.8223152100       -6.3720465966
       -5.4859008338       -0.3921505469       10.4970037397
        7.3586069901        1.2841491319       -1.1029640574
       -7.0076001372       -3.7055524381       -4.8965804949
       -6.8602049406        8.5782523908        5.7003091952
        4.3771348063       11.0250156526        5.7979301459
      -10.1577218947       -3.7232833400       -6.7376370976
       -3.3613545460      -11.4327047292       -6.2161280240
       -1.5286476021       -3.7389156499      -12.2540907121
       -6.5361630249       -5.7121191971        2.5919880098
        7.6430018263       -1.3863242838        8.8250630286
        0.3451026413       11.9971326764       -0.2973204604
        6.4074897888        8.0620054776        6.9887737924
       -3.5871216452       -4.5815712083        0.6649498628
        9.6856349303       -4.7918771628        0.0387253067
        6.2871408718       -5.2481963235       -1.6754743615
       -2.2658412848        5.3845094885       11.0461063280
      -10.4634176331        3.8593381970        1.3435382285
        6.7555036360        3.7600558157       -9.7111205879
      -11.5307250043       -2.5088770224       -0.3039995306
        4.0702344981       -8.1698388168       -2.8956663193
       -3.1208965962       -7.3715917942        3.2093182403
       -4.8876703359        2.3511336932        5.9425473970
        1.6993295432       -5.4411025531        4.2473066651
       -0.4002016599        5.7260640479        1.3929807002
       -6.8482920028       -4.7512793399       -1.1496648201
        0.6035550699       11.0704193124       -6.9506818012
       -9.4921126432       -6.7717718866        4.5169564661
       -4.7956092886       -4.0695158296        9.5594097732
       -0.2264277522        6.2967086930      -11.0594153462
        1.7257153779       -4.4760596539        7.9268297316
        5.6781383580       -7.6932479276        8.4292396813
       -8.3038297953       -2.4388891393        1.5145804716
        1.4670838855        6.1946127805       11.1766192448
        3.2693840500        5.0257875919      -10.4823934713
       -0.8645627177      -12.6821140559       -3.5929352257
        3.2814357713        6.4142558851        1.5822292121
       -1.7201383531       -3.9137596668        3.8624649835
        0.3605525177        1.7029553228        6.4444762417
        4.1197322788        1.2356312142      -11.0207814566
       -8.3331139929       -8.1374032793       -1.9102591383
        3.7205919250       -2.7360533600       -1.0561122859
       -7.8987182990        1.2352980424        0.5122953976
       -8.2625338471       -2.4665363278        8.8202019860
       -5.2771094760       -6.9346898729       -3.8482664516
        0.6187920946       10.3259780675        5.8590118266
       -1.6313911933       11.7709756872        3.0411443952
       -7.9449847761        2.2268309628       -3.2104481528
        0.8544035972        1.2429711275       -5.6043183643
       -5.1136676006        3.3364237867        9.5475050508
        2.3478210396       -7.9993769629        6.8233393582
       -4.5225564842      -10.7844576879        2.4843330888
       -0.2294732954       -6.2600085410        1.1021706758
       10.4992422461       -1.8267281365        6.2430361212
      -11.2860960257       -3.5137343213        3.4241187959
       -0.6214973981       -7.3740619656      -11.9395130321
       -5.2741220671       -0.3002930384       -3.9540477074
       -5.3185255552       -1.3688208275        6.9055213790
        4.3458184256       -5.8737273644       -8.0537006827
       -3.1340639273       10.2477875112       -7.0035367195
      -11.0906007342        2.1511075410       -5.1333545380
       -9.8783214259       -5.8623220097        0.7702119213
        3.5107832369        3.8333616694       -4.3330905053
        4.5788704299        9.8414735133        2.2775501507
        9.0691690707        8.4156021665       -2.3054331562
        2.9126511795        8.7077451365        8.5615266192
       -2.3897010332        1.2250558594       -8.0434035513
       -7.1638171308       10.2358710870       -0.3745812827
        9.9938161714       -5.0309457970        4.0599110397
       -2.9483925623        3.7705661216      -10.6675951949
       -1.6402948101       -2.5186856859       -8.8825965344
       10.4008188048       -1.7673186793        2.2290229259
        1.8215097515       -4.7854352286      -10.7330372053
       -1.5443240975       -9.5945017659        0.4554291584
        4.3119344732       -2.2373859649       -9.5763026977
        7.5563132276       -7.9131810932        5.1718231784
        8.3972230336        5.0716723082        8.1083778783
        6.1873126073        7.4652962318       -0.3053914986
        9.3060733300       -8.1140046973        1.8023333917
       -5.1714172177       10.2905679868       -3.7082515632
        0.6080866428        2.5139772575      -11.7265111296
        7.0408148789       -2.2381368506        0.5748951450
       -8.4915846696       -7.0687743487       -5.6678547758
        2.2604363868       -9.0062325498        0.3119416026
        4.8294263152      -10.6749199295        6.1717863077
       -5.0687056168       -2.3258624120        3.2814916171
        1.4024566399       -1.3065046226      -12.1741212137
       -2.1842856666        0.0149052683      -11.5272210588
       -7.6183709588        0.2289589938        4.2380884364
        9.8077934454        7.2198085743        5.2425980837
      -10.1487080679        2.8134315536        5.1039375360
       -2.5858102512        2.4318131537       -4.5545086038
       -4.5820417310        7.0049895239        8.4136442241
      -11.6521905767       -1.4882074346       -4.0297982889
       -2.1299011618       -1.2253279197        1.3608041763
        0.9980558465       -0.8733403317        8.9638094462
       -1.1434609531       -6.5566365766        6.3878456535
        7.5619248188       10.8757629221        0.3310418047
        4.1998656811       -8.1713399344        3.5468974712
       -6.6552372602      -10.3040342194       -4.5584301874
       -8.5104594164       -0.4471950051       -5.8134659484
       -2.0458182181       -8.0558319747       -5.5587419677
       -4.7542208445        2.2877666844       -1.3462780270
       -5.2759103286       -8.2522269195       -7.4519089540
       -9.8070562140        7.4873947430        0.2560781036
        5.8386812079        7.4684473415       -8.9865890976
        9.9466426384        1.6298930719        7.7650638242
       -5.2617697908       -1.3389523754       -0.3969993131
        1.4110235932       -1.8543171820       -3.8065530980
        2.1278359558       12.5263431169        3.0596794273
        4.4166633931        0.3332756949        0.9917294938
        6.8958241390        0.2440956850       -8.3268208584
        1.1062169318       -1.9594958380        5.3805878739
        1.6674261593       -5.7187351121       -2.1020775803
        5.0550822929       -4.2473592284        9.7136437826
       -5.8173440653        2.2753009700       -6.4818448320
       -0.7187142301       -4.6802202675       -4.8065421788
      -10.5799656197       -0.8712310556        6.1352034628
       -1.2135525244       -5.6060131970       10.0977837558
        9.4080661158        2.7707207487       -7.0449995268
        4.1025935393       -0.7768271158       -6.1021841995
        9.9910571837       -1.3066009390       -1.6477657004
        1.6338320789       -3.3079539962       -7.2528811026
       -4.6225648085       -5.0174622700        5.8566296123
       -7.1381657494        3.8818534840        3.2038017239
        2.9489149118        6.2864622591       -6.9791188117
        4.7408575117        7.1906796152       -3.6827171373
        6.6758304965        1.7139463049       -4.7913831450
       -2.6174925264        7.6773806973       -4.4206469638
       -6.9969441340       -4.9338991571       -8.5185731285
       -6.3717746319      -11.3035989337       -0.8409076984
        9.1916810890       -4.3255830776       -3.8288040156
        0.5965663986        2.6091314966       -2.4015505167
      -10.9639378264        0.1749083705        2.4118992283
        6.7291508806       -6.9087243969       -5.1824234173
        6.6898375130      -10.8690461548        2.8759288015
        1.7423425142       -7.1361967767       -5.6888470652
        4.7644727141      -11.7529492169       -0.4027182847
        0.2376667656        2.7985106177       10.0099347006
        1.1486711337        0.0033971446       -8.8885025576
       -4.9987087666       -7.9533329774       -0.0730248272
       -0.5129657550       -9.1579021641        8.9221860576
        3.5253729304       -5.6494406445        0.9895960873
       -1.9556800789       -1.9747942108       11.1525790912
       11.0263760090        5.3418768804       -1.1868677908
        1.6742920841       -3.4608532025       11.5138910036
        0.3973932438       -8.8673384008        3.6670531539
        9.5745194225        7.8894880564        1.4689948722
       -0.5561493356        7.5913854716       -7.6018109935
       -8.0302132875       -3.4280369577        5.2276564377
        4.0432205496       -4.3854081419       -4.5576255838
        6.7618063975       -5.3691516213        2.4774121954
        6.7789643260        1.0564496394        6.2115332814
        5.9006521586       10.5926087490       -3.0067832800
        0.3663548034       -9.2489379129       -2.8477696363
       -7.2961212022        4.8775506968       -0.5481375466
       -3.4398768190       11.1842772916       -0.3420659212
       -3.6453012748        7.5011230189       -9.6865062889
       -0.6860824011       -5.9986131949       -8.3745161808
        2.9138693622        9.2941515238       -1.0157047394
        7.6137371285        8.5084896118       -5.7433571811
        6.7457814316        2.1891027009        9.8519866928
        9.3690541169       -0.7744769315       -5.4582121795
       -7.9044797563        7.6297871450       -3.1288712792
       -2.3893411652       -0.3029850721        4.9427931399
        5.2404399804        3.4548639462        2.7369467243
       -4.0588780452        4.8812853170        1.3142511591
       -1.6017281668        2.2766711554        0.4841852457
        8.1784773603       -4.8171015533        7.4009334195
        3.5292376893        1.9286347578        8.1798221187
        3.8472970120        2.5455560652       -7.6542015963
       -4.0543696928       -7.6711057813        8.4041728571
       -3.1405158888        9.5006377523        5.8142883388
        7.7903731212       10.2379194999        4.1059271267
       -0.8965935149        8.5458469816       -1.1078132978
        2.3197445251        8.7842918012       -9.6177356067
        4.9431491881        5.6412228191        9.6621770795
       -5.3215736497        4.9958904731       -3.8648825318
       -3.4110030431      -10.1180313053       -2.7376476145
       -8.9898986077        2.1566823716       -8.4066492120
       -2.0505160977       -0.1525102341       -2.1894793641
        3.6535293411        0.8372516164        4.5783028371
        1.7324413828        5.9372463736       -1.7071164254
        7.3602876990       -2.2834868431        4.6835393890
       -8.4692860319       -1.4474414787       -2.1809629263
        6.5342309726        5.0439103533       -6.2730696504
        3.1489082455        7.5980734379        5.0489930300
       -0.6040678799        6.8707047130        4.9574651536
      -10.4871849783        4.8367638891       -2.4481483081
       -7.9112036603        1.2489326408        7.9014981588
       -2.5488508255        0.7041240147        8.5156572673
        6.8513743398       -3.3101305694       -6.7756836359
        1.0156250677      -11.4372754681        6.2417012369
        7.6161181836        4.9170256629       -2.7958818087
       -6.0882193350       -8.4972808454        5.1892048123
       -1.4295038188       11.2330321201       -3.6762975138
        6.5559656212        6.8281571418        3.4467056408
        1.1837996173        8.5130555636       -4.3356905779
       10.2463743953        5.8476538006       -5.0014867549
       -4.3288541672        5.9809497611        4.8580452643
       -9.6437529432        6.4784737959        4.0342396261
       10.7873635984        1.7588450159        0.4619736605
        8.9124440851       -7.8091408982       -2.1486764048
       -3.8654085334       -3.5282577900       -3.1091485213
        4.3067157049       -0.6803886520       10.7917543554
       -2.0924178597       -6.7055862150       -2.0255339548
       -0.9614350473      -12.2525946418        3.0070831898
        3.4744962995        2.9162288771       11.7811839427
       -3.1760845423        4.9588221088       -7.0931315404
      -11.1366506851        1.1938680080       -1.3637184222
        1.8615211649       -8.4726112074       -9.2771447488
       -7.4438010039        4.9467700761        6.8495351504
       10.2151204489        2.2737351897       -3.3243189291
        4.3136436878       -9.5499321188       -6.5000840918
       -2.8650156869        8.3580731586        2.1865164475
        3.8834162891        0.7020986260       -2.6626869595
      -10.1022241603       -4.8457426710       -2.9986288247
        5.1710544222        4.5190778089        6.2025452747
        4.2007408907       -2.5436067947        3.1831007400
        0.2999789806        3.7876047933       -8.3417395601
        0.5193660782      -10.6360789238       -6.4581648614
        1.7016373179        5.2564250838        7.6729950974
        2.9204525536      -11.7106669524       -3.6658522559
       -6.3419289334        4.8431922589       -9.0858225208
       -5.3745295743       10.9510681166        3.0016740275
       -1.8385731144       -1.3427792639       -5.5174665713
       -0.8443814107        7.9269755477        8.5492634591
       -1.8081254048        3.3613675182        3.9504212846
       -0.7775362648       -3.3379129423       -1.3248410668
        2.8974200583      -11.6675763125        2.9445558900
       -4.6307593787        1.3029938569        2.3435833809
        1.9815429983        3.0389877766        0.8893824678
       -1.9770046500       -9.3947735893       -9.0842788035
        2.3651445799       11.9451261867       -3.6031086291
       -1.8420393200       -2.9606120791        7.5282840094
        0.0113715582        5.0605053668       -4.9791719032
        2.4028294659       -7.0640374332       10.4233787493
       -3.8230630716       -4.8011191289       -6.7053129418
