       -11.2883317526        0.0718051352       -8.1878243412
       -8.3944533227       10.7472725851        2.3378031583
        8.4860683235        3.9055770619        1.0929171330
        7.7918005837        0.3783931369        2.8998337854
        1.4662971555        9.1430434860        2.0323914300
        8.6682526037        3.3965654207        4.8912870105
       -7.9803447182       -1.2213430244       -9.6183782431
       -3.3472011111       -9.6913479985        5.9330072974
       -8.1611649465       -5.3716828235        7.6782090973
        0.8916407527       -2.9595720289        1.8309848721
       -8.5200452174       -8.4779144485        1.7758201193
        5.1624387431        3.5981022517       -0.8691895038
        1.2351088686       -0.3520640532       -0.4595482059
       -4.6016968072       -2.5583421004      -10.9483924185
       -8.4425966632        2.5253006876       -8.8143209601
       11.7281923312        4.1570286791        2.9541099720
        6.1422411631      -11.0284075356       -3.0456486028
       -3.6295319540      -12.6950212180       -0.0624500657
        5.0764918206       12.3354333710       -0.3883490130
        0.5636399498        0.6397638236        2.9572783411
       -2.8904721861        2.2190423247       11.9150499300
       -4.8375656860       -1.3136635665       -7.5411741285
        4.4417877477       -5.2753538350        6.1364061525
        7.8683288247      -11.6527494768        0.2360805315
       -1.6112720787        5.1281730685       -2.0932290970
       -1.9413670281        4.7705837473        7.2927924675
       -1.7929409635      -12.0625306062        3.2954354160
       11.1543916843        0.7200690374        4.6147211156
       -7.8730889097        5.3201638184       -6.2672022827
        6.6138099325       -2.2905213019       -2.9540050515
       -3.9902620065        7.9066264738       -1.5314084537
        0.5396481442        0.4697349877       12.5397766906
        5.5262124191       -8.7219318139        0.6518830946
        2.0692236511        4.1481185426        4.2233107467
       -3.7398271655       -6.1546330508      -10.2400482376
        4.0533959640       -1.7876878141        7.3241268659
       -6.0292175557        7.9677682697        1.6837012962
       -5.0065085238        7.8224356689       -6.8787351574
        5.0849812700        9.3589262113       -6.4600364576
       -5.7955976844        0.2830303066       10.2923040754
       11.4753289492        4.5895102055       -0.8961430366
       -6.9784848478       -3.3760480550       -5.0607780145
       -6.3968358826        9.1832970722        5.2117902184
        4.9650513788       10.8915600628        5.6742927346
      -10.0704003161       -3.3025004744       -7.0171951596
       -3.7869375245      -11.3569667706       -6.0354748376
        1.8372723167       -1.7297545255      -12.0672670136
       -6.9065451515       -5.1944031756        2.4847649214
        7.2859962331       -1.6117507861        9.1505028633
        1.2344724461       11.9494321873       -0.5944114678
        5.0305005401        5.5971122004        9.6986572124
       -3.8226700403       -4.3056726442        0.6466934756
        9.4229019153       -5.3942086635        0.5415411102
        6.0654105754       -5.6781862436       -1.2884030806
       -2.2247129731        5.8502736063       10.8112251774
      -10.1418084263        4.5800471588        0.8439710840
        7.4228057660        3.0454547520       -9.5347192355
      -11.5781152297       -1.7522515235       -0.6822160264
        3.7087061122       -8.4847997466       -2.5155816083
       -3.6364229180       -7.0453679621        3.2843275537
       -4.8538702137        2.8468926121        5.6913518634
        1.2553618183       -5.4030219059        4.4572143218
       -1.6433628717        3.5973212490        3.7938059033
       -7.0205319498       -4.3173765576       -1.2852924294
        1.6737588870       10.8168348157       -7.2062808241
      -10.0076560958       -6.0288774086        4.3189859839
       -5.3211484748       -3.4607476477        9.4771222562
        0.6771674062        5.9897089808      -11.2154971130
        1.2136408403       -4.3358145083        8.1076395310
        4.9247165215       -7.7849669124        8.8436583736
       -8.4254261922       -1.8390224612        1.2538092772
        1.5458619046        6.4192517412       11.0626207143
        4.0582219154        4.5123233892      -10.4724014330
       -1.4776240626      -12.6912734107       -3.2850457496
        3.7231910438        6.2420049929        1.5423956109
       -2.0411422266       -3.6684488401        3.9004857607
        0.3172962537        1.8730321422        6.4108605596
        4.6734324904        0.6621779140      -10.8776942821
       -7.0560704153       -9.9749425913       -4.5322531733
        3.6494841808       -2.9892207327       -0.8326493240
       -7.7321986883        1.7708197059        0.1791336183
       -8.6533830267       -1.6513689130        8.5855778723
       -8.6898120853       -7.6255705482       -2.0087138549
        1.1693543852       10.4413528753        5.6092786341
       -0.8732874651       11.9502016355        2.6707951617
       -7.5749610289        2.6638176639       -3.5594183188
        1.2235514111        1.0363727810       -5.5918795185
       -5.1448725198        3.9496982604        9.2583605339
        1.6416905296       -7.9222566829        7.1218283258
       -6.7382807055       -7.9214537431        5.1786582349
       -0.6035193273       -6.1859413729        1.2612833846
       10.1979664482       -2.3111601774        6.6914981875
      -10.7724669101        0.0260079256        5.7556081934
       -0.5861069710       -7.6432913009      -11.7529959714
       -5.0468520985       -0.0553247265       -4.1405619216
       -5.5647946159       -0.8049836746        6.7389395635
        4.3222532917       -6.3575826971       -7.7185904181
       -2.1054797114       10.2384943705       -7.3798887684
      -10.6663319134        2.7622839486       -5.5943317454
      -10.1854150346       -5.1732176877        0.5458452963
        3.9987617343        3.4829328966       -4.2877890790
        8.3329049817       10.3791914816        0.3405994062
        9.7702212087        7.7514892749       -2.1704870849
        3.2494799392        8.7555516068        8.4392117270
       -1.9271727900        1.1593620960       -8.1524988961
       -6.3657430063       10.6819615425       -0.9120104185
       10.2553016557       -2.3613059655        2.6773382188
       -2.2200353114        3.6585198966      -10.8615496307
       -1.3970272177       -2.6486219379       -8.8650904726
        9.5657308454       -5.5368659063        4.5763642474
        1.9746749638       -5.1849424714      -10.5210479496
       -2.1049329456       -9.4470221690        0.6531485776
        4.5841352253       -2.7724852030       -9.3364809876
        6.9040417402       -8.2206659835        5.6687910681
        6.7490705920        7.8383591495        7.0199532932
        6.7595915365        7.0490114409       -0.2592802206
        8.7607128996       -8.6322701292        2.3765169038
       -4.2541923309       10.5094229687       -4.1675484449
        1.2811203533        2.1439014612      -11.7507894182
        6.9347372998       -2.6596224949        0.9081323312
       -8.6368875874       -6.6719851676       -5.7905450754
        1.7307611245       -9.1083670763        0.6419341781
        3.9663099793      -10.7703138797        6.6372039048
       -5.2458309519       -1.8815330954        3.1413717676
       -1.2433330083       -3.9679478078      -12.1968290163
       -1.6773288351       -0.1616542231      -11.5927265217
       -7.6570085908        0.8670337044        3.9373353485
       10.1483661346        6.7271262766        5.4297498930
      -10.0369193232        3.6328614094        4.6357340333
       -2.4934514569        4.9641908511       -7.3315255646
       -7.2618934679        5.6307636801        6.4309287058
      -11.5068517641       -0.8356287296       -4.4590055996
       -2.1756698720       -1.0311525963        1.3102409803
        0.6900374792       -0.6654793157        9.0201986456
       -1.7305565493       -6.2691202498        6.5156469509
        8.3785410809        9.8359996768        4.1368547380
        3.5988760501       -8.3076535905        3.9261888537
       -5.4450541013       -8.0956935651       -7.4259232498
       -8.1999906551       -0.0399339806       -6.1168990476
       -2.2817501496       -8.0522577997       -5.4164261682
       -2.1651584649        2.4771615590       -4.7068535473
       -2.1716735740       -9.4923630303       -8.9005849678
       -9.2050490017        8.1305422603       -0.3075971441
        7.1640720047        4.4391726510       -6.1421260872
        9.8222550185        1.2155084375        8.1011004382
       -5.2458391568       -0.9935136696       -0.5634582293
        1.5073160325       -2.0376929527       -3.6936480351
        2.9238407653       12.4578294308        2.8134263520
        4.4732849805        0.0867821126        1.1572960035
        7.2794270390       -0.4303955452       -8.0543767912
        0.8548136519       -1.8591775297        5.4735107764
        1.4453037304       -5.8607159746       -1.8792569469
        4.4836321630       -4.2713960525       10.0135082044
       -5.3255754199        2.4823674168       -6.7552156450
       -0.7671723715       -4.7465145410       -4.7025598676
      -11.5563164357       -2.6682382883        3.0946660001
        1.0993781867       -3.2165668055       11.6621243469
        9.9059824794        1.9618493290       -6.7441244180
        4.3458396915       -1.2028541856       -5.9120262152
       10.0203495454       -1.9869651755       -1.2233809666
        1.7581481409       -3.5993679353       -7.0905501610
       -5.0790381474       -4.5284666680        5.8144055760
       -6.8919716121        4.4449629863        2.8282213036
        3.6966102749        5.8906541604       -7.0178237303
        5.4224793712        6.7713718553       -3.6813541501
        7.0290109063        1.1509211061       -4.5690667418
       -1.8547590800        7.7149248077       -4.7122190181
       -6.9078422231       -4.7036381697       -8.6434351381
       -6.9768911290      -10.8811029954       -0.7850541452
        9.1022634737       -5.0087111292       -3.3527908443
        0.9406438931        2.5065871400       -2.4385456631
      -10.9286606003        0.9664873178        1.9845861682
        6.5253746692       -7.4627809804       -4.7313447865
        5.9302596223      -11.1790600370        3.4214785369
        1.5578633802       -7.3814745808       -5.4226541606
        4.0739611398      -12.0306345186        0.0954123958
        0.1380800709        3.0777801063        9.9392355782
        1.5513825905       -0.3131683732       -8.8293899565
       -5.4178740846       -7.6026623204       -0.0554837083
       -1.3641457807       -8.8315048178        9.1393807653
        3.1856201621       -5.8222332151        1.2806047459
       -2.4079915568       -1.5086373886       11.1220852147
       10.5417095256        1.5211664972       -2.9829791355
       -1.8712891852       -5.2094939567       10.1928031336
       -0.2433077042       -8.7531768003        3.9171886928
       10.0990548310        7.3015618026        1.6334515211
        0.3108205610        7.4031344101       -7.8082084074
       -8.3270706106       -2.7279511375        4.9905663958
        3.9908469980       -4.7540158874       -4.2765748609
        6.3790085362       -5.7095543657        2.8794820038
        6.6827394661        0.8049798235        6.4421367986
        6.7798110703       10.1081307287       -3.0501238493
       -0.0541586099       -9.3224172327       -2.5828377582
       -6.8440697526        5.3392225693       -0.9464699262
       -2.5911523065       11.3847729295       -0.7625082560
       -2.6990018121        7.4561939949      -10.0073364540
       -0.6908999949       -6.1660652032       -8.2294915024
        3.6423333409        9.0647782697       -1.1426884054
        8.4506064400        7.8400123730       -5.6633670055
        6.5915265510        2.0422401572       10.0478808304
        9.5734950578       -1.5254161070       -5.0669627315
       -7.1758390913        8.0500488675       -3.6212046910
       -2.5042734016        0.0076188630        4.8571702776
        5.4366319212        3.1963915606        2.8513359571
       -3.6849844608        5.1864454887        1.0348244821
       -1.3805148802        2.4031700341        0.3670789999
        7.6440481131       -5.1084910494        7.8365163394
        3.4281775883        1.9428176696        8.2609398024
        4.3678585507        2.0828881466       -7.5594726330
       -4.7813053822       -7.1346312698        8.4481862925
       -2.6315829089        9.8631022611        5.4428563259
        5.2179750906        9.5969155125        2.1965290867
       -0.2023753292        8.5641749889       -1.3606867528
        3.3297788971        8.3468554327       -9.7440223635
        8.4943073201        4.7596874727        8.2952117712
       -4.4559504141        2.5647960327       -1.5811849440
       -3.8766106569       -9.9427611539       -2.5962798229
       -5.1014306026        1.2297558795      -10.3121356676
       -1.8908465663       -0.0689509103       -2.2568959782
        3.6103683991        0.7418474174        4.6961030026
        2.2677622303        5.7729112637       -1.7896844279
        7.0953454736       -2.6076027627        5.0234914087
       -8.3902620484       -0.9476776538       -2.4649621277
        6.7288364355        6.8244180322       -8.9434161430
        3.5407571539        7.5316860171        4.9688521959
       -0.2461381142        7.0485100726        4.7532584238
       -9.9606403715        5.4559079050       -2.9587575070
       -8.0118649315        2.0043085939        7.5602836910
       -2.7241483108        1.1269878903        8.3948734432
        6.9432078377       -3.9275857246       -6.4128885191
        0.1107046187      -11.2821773631        6.5811993863
        8.1063055924        4.3425932376       -2.6233597993
       -5.2257649196      -10.3827875087        2.5962591905
       -0.4619674494       11.2057610679       -4.0174492955
        6.9462867472        6.4962138346        3.5202248141
        1.9875973752        8.3033598486       -4.5043719681
       10.8711446304        5.0347382231       -4.7503449128
       -4.0146406093        6.4021919802        4.5358161942
       -9.2485685830        7.2225119809        3.4934454346
       10.9399624843        1.0789162957        0.8350124739
        8.5318627295       -8.4159342720       -1.5929056232
       -3.8948163449       -3.3453011067       -3.1609986286
        3.9350334545       -0.6342049784       10.9684845731
       -2.3677059181       -6.6005519997       -1.9256433895
        0.2330571455      -12.4022179651        0.0349983512
        3.3076160792        3.0360033420       11.8307653162
       -4.7495499858        5.2313403731       -4.1887125854
      -10.8953458273        1.8823249225       -1.8172035512
        1.7204170492       -8.8241248606       -8.9685314604
       -4.3303995879        7.5424905183        8.0507613692
        7.5469666502        0.7837312167       -0.8475092907
        3.9928379725       -9.9787409303       -6.0713617659
       -2.2973576009        8.6019260672        1.8601516549
        4.0997783994        0.3833627120       -2.5222589758
      -10.2057004920       -4.2603422555       -3.2465563497
        5.3103033698        4.3628250709        6.2816196350
        3.9813460856       -2.7058797254        3.4109482401
        0.9375276463        3.5312944127       -8.4146463022
        0.1396983407      -10.8177963380       -6.1473752123
        1.8457158522        5.3664991685        7.5967250919
        2.3607914600      -11.9665451902       -3.2375640511
       -5.5847885463        4.9998418907       -9.4421350461
       -4.6579007437       11.3766963646        2.5100542262
       -1.6357742411       -1.3652237541       -5.5419937846
       -0.5478272352        8.2215074682        8.3038908620
        0.0145472823        5.7911444761        1.2310037736
       -0.8663989961       -3.3052469935       -1.2641859665
        2.0942009838      -11.7286001342        3.3657518977
       -4.5351765016        1.6825470630        2.1319040241
        2.2290146657        2.9401800114        0.8908397705
       -5.4914400488       -6.6766916569       -3.8589458131
        3.3660278859       11.6708848908       -3.8178152308
       -2.2306761281       -2.6038960171        7.5319739411
        0.6147192082        4.9166121103       -5.1000970638
        1.6274906261       -6.8891021120       10.6951564036
       -3.8031338661       -4.7233423598       -6.7122453910
      -11.4346252061       -3.5663612185        6.8241019932
