        -0.8201522432       -5.1549194596        2.7083198137
        -7.1715093078        0.4761405496       11.0367176792
         6.3144854563        1.0407256555      -13.1424764290
         6.7976845528        8.4472127234       -6.3223353985
         4.0470318167        3.8447511320      -11.7837691382
         3.4205454137        3.7510286040       11.8709856746
         2.0664946048        0.5145683293       -2.8906205411
        11.8369412385       -3.4311035210       -3.8069935625
         3.4152726064      -11.4381593921        0.8597371112
        -0.4481932995        9.3681597573       -8.6223606666
        -2.4622478247       -0.6355241594       -8.5770999806
        -7.9494841532       -3.6557339879        1.8133622783
       -11.2018630852       -0.3562490515       -1.0612727964
        -2.9427065121        4.2334580038        2.8929477779
         9.3295919507        5.1590452063        1.6826336880
        -1.6736411509       -2.3973478808        0.7117674752
         9.4991070258       -5.4980534323       -6.1234854450
        -1.6114781481        8.9377143084        9.6321699693
        -7.2849936771        0.3981051776       -4.6902055148
         4.4829260029       -2.1668352659        5.7251638400
         7.4338804228       -3.9102050614       -8.9731634436
         2.1353751785       -5.3412159539        0.4905171101
         8.1797624314        7.5152109131        4.3848082033
         6.8377984213       -0.6187021635       -6.7348987237
        -7.9581204504        5.5278248539        6.7756094416
        -9.4963251044       -7.9604172402       -1.0363917657
        -4.6150592899       10.5231397547       -0.8966286962
        -4.5235517032        4.1025135059        6.3308100166
         8.0511042504        9.7230265732       -2.9083128130
        -8.2755745093        3.4911442414       -6.6838600627
        -1.1865482426       -3.4487732080       -4.2853373024
        -8.8543165568       -7.8026760448        5.2042390172
        -6.7097252892      -10.5504331852       -0.0565718566
       -10.2436477103        6.9487812997       -0.0823715749
         4.2632651343       -5.7247288869      -10.2740126423
        -3.2116990786       -7.2039406006       -8.9758471336
        -9.6965561728       -9.9207039239        2.2063732277
        -7.0883517886        1.6692170818       -9.8652874168
        -4.0427287797       10.5975998360        2.9177787448
        -1.1354897786        8.9259979868       -1.2612733623
        -0.1455364025       -0.1343429649       -5.7369242211
        -9.3300831181        3.8716333933        1.7942334690
        -4.8161628636       -1.1027225244      -11.3909567466
         5.2655064112      -10.5958782128       -5.6826701953
        -1.4498145730       -0.3640043631       -2.2568355636
        -5.0276562048       -3.1797401525        7.6724328619
        11.5184169230        0.3782820843       -4.2746181315
         2.6058391775        0.3430447727      -12.6392921005
         2.7237709755        5.0948290160       -1.7020279653
        -7.7749849472       -5.5832214187        8.1829009682
        -3.7231252666      -11.1988833053       -2.3341889743
         3.0584891668        4.6727860810        1.9961622541
        -1.3545532656       12.1085777600        0.6064285540
        -6.8401726234        5.5921218959       -0.5271294679
        -4.3626188713       -6.2054758612        9.9129908975
        -5.5026387941       -8.4363762702        6.9332765468
        -1.3599541870       -5.4414234088       -1.1079075110
       -12.1079146444        1.4211108769        2.2177731143
        -0.8583178658       -6.6194479183       -6.1688621343
         2.4861816982       -8.6704918829       -1.2848940009
        -5.8872556617       -4.5255977363       -9.8876042839
         5.7217808799       10.1969068272        3.2684794630
         0.9129322812        6.3657389587       10.7931651115
         1.1405729359       -0.1201481252        0.6432129649
         5.3086734308       -0.7679759287       -3.2071827120
        -3.7592817232       -0.9104462618       10.4985719112
        -8.6851263207        0.0894150476        1.8036350535
         3.1743935417        8.9248849586       -7.4860881770
         5.9404413257        1.3159124954        5.9016097347
        -0.3167319026        5.8338323579        0.7246823309
        -5.9055758274        2.5126585731        1.3467628725
         2.9114819819        7.9700929835        3.8373186402
         0.8488559528       -3.2873639120       12.1002082927
        -6.8492795417       -5.4059603147       -1.4902813476
        -8.4751578163       -1.8103651223      -10.6897771605
         6.1034393654       -7.3121948571        4.9717293127
         5.3984433031        7.3940700092       -2.2653393848
        -2.7851665266       -6.0632584472        6.4225122510
        -7.2217368422        8.8594855414        1.4208245086
        -3.5425958447       -7.7001124819        3.2521877043
         2.5768766347       -2.6411047298       -5.0104958067
         4.6317419809       -2.6158446681       11.1764969520
       -10.7324236589        1.7234935386       -4.2789406211
        -1.1120955346       -0.3799275723      -12.0393163325
         0.4418811621        6.3421331780       -6.7882074238
         8.5402845959       -6.1031361856        2.3163443658
         0.8351615723      -10.5681359545        6.9880869231
        -2.6501804352      -10.5496978328        5.3175373876
        -6.3254965436        5.6673939656        3.3123361771
         2.9051562977       -5.8551615786       -6.8384584670
         1.5583425191       -3.1141230772      -11.2954022534
         2.4440411321        8.2257790565        0.1450944267
        -4.8298855142        7.2958756367        8.2819175270
         0.1807022112       -3.3159866476       -7.8091611907
        -0.0866425259        8.9520127671        6.2331692754
         3.7875581937       -8.3555897523        7.7290454990
         7.4476771456        0.5219380140       -0.5250541090
         2.4299004504        6.3375151474        7.3341171631
         8.1126235873       -5.5561717101       -2.7410511796
         2.8730634366       -5.5649435882        5.3336663192
        -8.3501031064        2.1449338650       -1.4549848048
        -1.7210466251        8.8369052225       -5.1032230147
         5.9619468332      -10.2564797123       -1.7880334590
        -9.0909339490        2.0781731894        8.1213113819
        -3.2322869894        5.5329953309       -6.1086063892
         9.7290037832        1.8389606417       -7.4675884473
        -9.7123030548        7.0493831536        3.7305062272
         8.1603754131        1.6987086491       -4.0232629290
         9.8182369776        6.5257942204       -1.7655627352
        -4.1602572792       -2.8797356143       -1.9377050034
         1.6372888146       11.4432338175       -1.7847372341
         3.6648406172        0.2258473348        8.8549111828
        -0.9278478042       -0.6360850925        3.6570812139
         2.5868917944        3.1397007474        5.5746857977
       -11.7520164470        3.4883979177       -1.0110553243
         3.0904822140       -8.0268236681        2.5333748994
        -3.8774295779       -6.0844337195       -3.8598302966
        -1.9437861470        5.9338538038       -9.7225140750
         4.0345217625        5.9426929058       -5.5474901088
        10.3963299789        7.9011842693       -5.2079193746
         6.8697822237       -0.9544278136        2.9699248757
        -5.8612422317        3.8867004788       -3.8326399653
        -1.0358702777        2.8745575868       -7.7646374943
         5.2131267076       10.6041938639       -0.4276536651
         2.8184933263      -11.9795450838       -3.0582192990
        -7.7053797073       -1.6642708020       -1.4614387745
         5.3070496681        8.6610066988        6.7902932387
        11.4995889636       -7.1415580977       -3.3125405553
         3.5351981659        0.6124130128        3.2400356417
        -2.3276912236       -0.7801460066        7.0567379043
         3.4669146979        0.6824394436       -6.2909988829
         9.0857650685       -8.3947089112       -0.6337552705
        -4.0903231384        2.1995284035       12.5952086974
         2.7860653051       11.2252058624        5.6661765780
        -4.3918289638       -4.8094500750        1.2337169403
        -3.5180087213       -3.0003447144        4.2310244034
         6.2376417168        3.1488937074       -7.0720773706
         8.5245941158        8.9934906705        0.7997548475
        -2.1647956216       -9.0178025024        8.7096095324
        -1.9412499654       11.9992656507       -3.1804233821
         8.3302819117       -0.4523531441      -10.1804139898
         9.0182877975        5.6001882657       -7.8181073308
        -2.3243261155        2.5553197152       -4.1632388059
        -0.8054557339       -6.6916555431       11.4589108226
         0.3110304804        3.1637426032      -11.2781980226
         4.9153504886        3.6336770615        8.5252113544
        -6.2724329534       -6.6597168093       -6.6903828223
         7.8207197653       -3.7971163301        5.3531460816
         8.8866732652        3.6500416895        5.1307087386
        -3.4118432837        2.4300196975      -10.6331048273
        -1.1486986076        2.5104321580        5.9453292035
         4.5248969163       10.5656150900       -4.2027504899
        -5.6317234568        5.1488311527       -8.9593678093
        -6.1804316776       -5.3614385157        4.7735101030
         2.2310530269       11.4335241867        1.9772227862
         6.5597345641       -9.6338429285        2.0451675413
       -10.3894912045       -0.1690244679        5.2337559216
        -6.5519546731       -8.6819329831       -3.3993500699
        -2.6170507556        2.4167243364        9.2609266797
        -2.9017217507        5.6195049284       11.1783576505
        -5.2019893314       -1.2066509411        1.3640980920
        10.2129461340       -1.9325681144       -7.0404286808
         3.9100788044      -10.6757373168        4.7232894588
         4.8094857702        2.9240666032       -3.6619461774
         4.7296911488        6.9427511680       10.1840416104
         5.3094959746       -2.3355007958      -11.7882496224
         0.3370522971        2.5927967355        2.6822971683
        11.0017422726        4.1714773912       -4.7396285842
       -10.9323179757        3.6631422921        5.1459787929
         1.2729717219        3.4106628106       -4.8309037366
       -10.4408268766       -4.1924245764       -1.0620192161
         1.9729357357       -2.7484759201        3.0190349364
         5.2214680127       -4.4716687780        2.6481140360
         8.3570268034        2.1625712933        8.5689244587
         1.7788906859        6.6468570971      -10.2872792300
        -1.0885422918       -8.6086720246       -2.8689570561
         1.2621560297       -2.7421540766       -1.6532996718
        10.9408340359       -4.8649048655       -0.3642428338
        -0.3244495118        2.9938093497       12.2583769934
         0.5138156652       -6.5228693623       -9.7359086810
         2.1718289143       -3.2119477499        8.5405590147
         1.8222561596        8.1823466001       -3.6777291615
        -0.1418601636      -11.6144011161       -0.7652016441
         2.2035348958        9.5752039581        9.0850063872
        -4.1355312043        0.9388638187        4.2589158293
        -5.1082479584       10.3327911736       -4.7053075697
         0.0532122597        2.8358685043       -1.1332531241
         8.5723141648       -2.0325950237       -3.6036357071
        -6.1196543705       -1.3457633088       -7.8684839468
         6.3891598544       -7.3192551797       -7.4420734744
         0.0609796786       -7.9398564394        4.6957949407
        -4.0584315327       -7.9818882590       -0.5654333363
        -3.2278817857        7.3723994624        4.8108947046
        -6.0728874217        3.9150983071        9.7486255719
        10.4324029030        2.7730996506       -1.2597154309
         4.9677750720       -7.3617762361       -3.9386954044
        -8.5256169313       -1.7658168292        8.2001251920
         0.4247453532      -11.2512373154        3.1320451657
         0.1294807447        5.7461950205        4.4196753103
        -0.7665033969       12.1228999677        4.3955360724
         0.5591548293       -6.6538165802        8.0358473850
        -0.1856625106       -3.5969780058        5.8610543033
       -10.1090685915       -2.1386791512       -4.3189058435
         7.5752733422        5.4267885129       -4.4215031465
        -1.3526182732       -0.4509935874       13.2834307052
        -3.5445202537       -9.3117701436       -5.7191796411
        -9.6353728883       -0.0525162849       -7.5162990339
        -7.0801290504       -7.3189360576        1.7713926330
        10.8278136807       -1.0494724108       -0.8046956354
        -4.7103132086        2.1281116129       -7.0342629483
         5.4596942691       -4.9613500667        8.0991018782
        -4.9207353111        0.8297058707       -1.8825231497
        -6.1987477398      -10.3175303809        3.7506967604
         1.2147219244        0.0994061666       -9.1986711778
         2.9890261786       -6.1100466914       10.7717662379
         9.3298444639       -0.2125601384        5.6548934005
         1.3938034982       -0.2118563977        6.2198268663
         3.2117823926       -9.0864507174       -8.6437809358
        -2.5058403758        1.1927873479        0.8742420703
        -1.5848975912       -3.7643997908        9.2718449040
        -0.5112323876       -9.8302485294       -7.9890160294
         1.8413566677       -9.0965913107       -5.1502018032
         6.0497624440       -4.0393844393       -5.5740049291
        -3.7746251782       -0.8526625279       -5.0593348754
         4.6404691071       -4.1669776513       -2.2041049678
        -3.5330101023       -4.0225986856       -7.0789251487
         1.5338414221       -5.8897567611       -3.3843717601
         9.8785925438        1.3040450269        2.2052655297
         2.1762613435      -12.3450455360       -6.9045930748
        -0.5898259331        8.9831125486        2.5159403123
        -5.6726021187        0.7068680590        7.6588810414
         8.3623251805       -8.8393215520       -4.4621947354
        -0.0108331070       -0.3218331454        9.8037331154
         4.8864497295        0.8469082711       -9.7190897942
        -1.3704673889        5.7250571907        7.8069728671
        -0.7559680651      -11.8099861357       -4.6244049902
       -10.6388186679       -6.1893682263        2.2118346607
         7.7065117098        5.9414506142        7.8960493168
        10.1990261119       -2.5539947133        2.6501450737
         1.1704318943        3.0549689554        8.9210575229
         0.9892286118       11.3031218180       -5.5603725569
         7.6627796702       -3.1862858063       -0.0126935387
        -9.2144303148       -5.9422227801       -4.2937542944
        -9.3362698037        5.2660264238       -3.4101058127
         5.4188660741        6.1996292939       -9.0937313342
        -0.8546524448        5.7945594868       -3.1188134975
         6.0569121445        1.0382598878       11.3572019315
       -11.4285438652       -2.3875497905        2.2155776672
        -7.5311744776        2.3055960377        4.7414538556
         4.0259108377        1.9627567271       -0.2042815832
         3.9275834705       -2.5165047060       -8.3930227612
         5.3825188160        5.2995871850        5.0063387155
        -6.9144572181       -1.5219476045        4.7928700202
        -3.7825193673        7.3922129853        1.0014454617
         2.6568832889        3.6504400796       -8.3212518501
        -3.1522858533      -11.0187561532        1.5061103607
         6.9139038046        4.2268248885       -0.9647968342
        -8.8773772272       -3.8875829366       -7.5259262323
        -6.7729595413        6.9751835688       -5.7393412518
        -3.0226541483       -3.8440495742       12.6643272538
         6.9944757713       -1.4272404074        8.4155391047
        -0.4578066661       -8.3686868572        0.9579304934
         7.6545804807        3.3199318753      -10.4749479606
        -7.7118701824        8.6780611877       -2.4064796697
        -2.1832117426       -3.8501389458      -10.6563396854
        -6.6224945118        8.8382181977        5.2334366287
         6.4292606579        2.8676331110        2.4576833226
        -6.5291542748       -3.3993410486       -4.7116780949
         4.3648453070       -1.6775217098        0.3290382306
        -4.2959759422        7.2623245350       -2.8333339188
        -4.1260191227        8.5719257635       -7.9807379518
         5.7822847442        6.8371920816        1.4354307096
        -3.4559444168       10.5341542726        6.6819365730
         5.6425607481       -6.8747649664       -0.0989616128
        -6.5288623553       -3.3182678683       11.0737775800
         2.4099088922        0.2049120903       12.4634590221
        -3.4154062904        4.2147084544       -0.9421660506
        -9.6888302792       -4.0023223710        5.2419287546
