         5.3946343261       -0.8629663249        1.1842084262
        1.6014760371       -1.5254837779       -3.8918680488
        2.9561242974        1.6425027923        2.9329128566
        2.1918771704        0.1936604972       -0.2399714143
        1.5452183483        4.1959508647        0.2115589096
       -0.2817453476        0.2003610735        4.4630637743
       -3.9947846565        1.1575596262       -3.7350891927
        2.2347735062        2.3328086826       -3.0987503919
        0.2088958658        4.0323805786        3.8659292249
       -0.9685158917        0.0637914542       -1.9893021732
       -0.5672196892        1.3372105336       -5.3980802146
       -2.9522410521       -4.6097077395        1.1331405395
        4.9434355362       -0.4162516677       -2.5764935604
        4.9260273169        2.6278570340       -0.2788615274
       -0.4669397921       -1.9256454984        0.9865456204
       -2.1756738375        5.0381100982        1.0644384446
       -0.6092382754       -3.9989774569       -1.9171516145
       -3.5545042181       -1.0076859230        2.5275547422
       -2.1826819937       -2.0505300054       -4.7202082715
        2.4214491863       -2.1785011394        3.0706965745
        0.7758240686       -5.3327033677        1.4864422295
       -1.3231977500        3.6029854309       -2.3034986733
       -1.0753226656       -3.4676655004        4.2506607138
       -0.7564212950        1.6681933943        1.2427279059
       -3.3008933153        2.5467066656        3.7239131583
       -4.0859090460        1.8282217195       -0.0376295647
        2.9876572846       -3.2527057630       -0.7295684292
       -3.8921041181       -1.8394762809       -1.2273200440
