         1.8540230518      -11.5078677970        8.4882119161
       -7.8208595271        1.4365684108        7.8029471748
        3.7132647899      -11.5980251598        5.2294558203
        3.6996387389        7.6979943529        9.1400568388
        8.8337179594        8.9931172513        4.9200970671
       -1.0425215068       -3.1172863023       -1.7265685806
       -7.5669890275        0.6675175718        4.0740470043
        1.1599459444       -5.2336444093        7.4843213438
        1.1203164187       -5.9154928564        3.7144483020
       -0.3684598864      -10.1235805028       -7.3675028474
        1.5219396887       -8.0218433936        9.8363152961
       -2.2031678756       -1.1318945073        1.1731002085
        9.9015198359       -2.2079649450       -1.7035826906
       -1.6408024146       -1.5652769066       -9.0147852281
        5.4708706121       12.1539061532        0.6605639064
        8.4481204947       -9.1544066832        1.1771414300
        1.2255778347       -7.8628906632       -9.9570082169
        7.1276641127        6.7849351091        7.5832261291
        0.8530203302       -2.4957975342        5.1192276002
        0.0763649086        6.4909394287        5.3836010302
       -1.5521620309       -2.8092855402      -12.3583889242
       -2.5684490899        0.3005789682        8.4304246114
        1.8439127476      -11.6592271429       -4.6362691796
        2.1923162824        8.6343614113       -3.7389889045
        1.6314478323        9.7291156671        6.5441515011
        3.6263275823      -12.1487992010       -1.3731820507
        6.7986105992        0.7079780963        9.9976690274
        1.3655971599       -1.7137333311       -4.0374258466
       -0.1769564171      -11.9579681511        5.2644605883
       -4.6618681728        5.7818762332       -3.5933949133
        1.8115328814        8.8037269987        2.8514681549
       10.5192948840        1.4518233594       -3.0888054289
       -3.7198624565        6.0003692253        5.1871937547
       -5.9011732178       -7.1270476285       -8.2257394639
       -1.9197525175       -6.2169251152        9.5356996323
       -8.5162138684        3.6717298263       -8.3935456326
       -5.3739399874        3.3247181733       -6.4005425582
       -5.2242003736        2.4303019434      -10.0788105229
       -3.4952888131        5.1537057243        1.5791326369
        4.0265261666        5.4238172851      -10.1097526364
       -4.4477734027        1.5653540212        2.3056654085
      -10.6900283217        3.6601610003       -5.1277446005
        8.6935739253       10.0211565736        1.2139242709
       -2.2201444536       -3.3389443848        7.1672667460
       -2.6145868208       -8.3517189314       -9.9573499066
       -4.8591016286       -1.3001461679      -11.0599323696
       -6.6928120710        4.3193063748        3.3345249911
        0.3296198790        2.6304673104       13.7488921784
        3.6926378985       11.8606592318       -2.7560704846
       10.4698256618        5.7014064806        5.8270878647
       -5.0335260783       -0.3574642394       -7.5570024119
        6.9799340006        1.3623979064       -4.6411524334
        1.7236674307       -4.2331298566      -11.1800212899
       -4.2210395866       11.1751166863        3.6914898523
       -9.8311708430        3.4250773217        5.1102689860
        6.1868222910       -7.1683662583       -5.7088887271
       -5.9883080211        8.7715553418        6.1954958823
       -7.3757206253      -10.5434283887       -1.8759692923
        1.3897225169       -9.2177534881       -0.4880108475
        3.6967041469        0.0770882621        4.5828620725
       -1.2968059500        2.3890195799        0.5965925268
        4.0745258173       -2.7270101086        6.9226633236
       -3.9713310878       10.9942907467       -3.0538391140
       -7.2229970916       -2.6255897529       -5.3406208508
       10.0048784749        7.5967165594       -1.6063647637
        5.5772974392      -11.6991953726        1.9645536191
       -2.6476473764       -6.2788738888       -2.7076470278
        1.1536541234        1.5773907214       -5.5379622931
       -1.9873247964        0.2464251140       -2.2144671175
       -2.1654940668      -12.3022494334        1.9487558829
      -11.4539503687       -3.9225766418        6.5540487773
        7.5492042165       -6.2180039093        7.0251380229
       -9.0129217466       -5.7828566920       -6.3679226959
       -4.2704120056       -9.4732124073       -3.6844402469
        5.3692295893        4.3389628134       10.0407320449
        2.9648497084       -6.0691050275        0.4508345927
       -1.8897641904       10.9973595358       -6.3459414229
        1.5386132373       -2.9346742530       -7.6044605514
       -3.5901098040      -10.1780475340        4.8582117939
       -5.1653153161        0.5385546432       -4.0476962512
      -10.4318061681       -3.5904739002       -3.5468158827
       -7.0447121464       -5.2272549542        1.9692574977
      -11.6129523309       -2.6325985748        2.9487078675
        3.6180009329        0.9127085988        8.2594145812
        5.4571655788       10.0576128543        6.5930452226
        0.6881145913        5.3751691638       -4.6453756803
        7.4475045666      -11.9034536368       -1.2756256267
       -9.8456602654        6.0444587623       -2.2404706202
        1.4671271435       -8.6956237687        6.0980530796
       -8.7802979528       -8.3584415355        0.9532875006
        6.8238204367       -3.0087509616        0.3950295875
        6.7895032681       -0.1481699244        6.2775346284
        3.3186598349       -8.2925268957       -3.5957344335
       -1.8163403627       -0.6693814454       -5.6003271810
       -1.4646315706        3.2074964014        4.1177978356
       -4.9038776699       -7.8631856633        7.6612874988
        3.5185439316        9.1691479341       -8.9868381500
       -9.9781158324        4.7721127959        1.4478150950
       -5.5963980002        6.0877896332       -8.8258365696
        4.1940360416       -0.7421401078       -6.1909839787
        6.1726956025       -6.2351816855        2.0280689836
        1.6194026805       11.8778848543        0.5275349588
        7.2259166417        5.8052339392        3.9636255306
       -1.8271124191        4.7298608632       11.3534405477
        9.9667168013       -0.0244404079        7.9077315364
        6.4701886243       -2.2098763140       -3.4025475223
        8.2070750511       -8.5099490470       -2.7389360354
       -2.0242308903        2.0906958900       -8.0043031941
      -11.6408595632       -0.0114070308       -4.3583602387
        0.7832083802       -3.2086745300        1.3564783727
        1.1938157349       -0.3725433628       -0.6274203449
       -2.4467601582       -9.4185482972       -0.4220328526
       -5.6829836277       -7.3960712752       -0.8483376537
        5.6625567746      -10.8521076015       -4.4072367745
        1.9728871116        5.2160523131       11.5576821476
        2.3409942285        2.7210562907        1.0676509667
        5.1992083258       -8.9601173795       -0.5259394825
        8.6227754005        8.0740090318       -5.0437805090
        8.2046599966        4.3092607162       -2.3878610544
       10.1723758566       -3.3876011585        6.1169556069
        3.5089733432       -3.0327014718       -1.3298174538
       -3.8350944472       -7.2614668749        2.5001395607
       -0.8286202122       -6.2943723161        0.4799902362
       -5.9015705156      -12.6551267742       -4.6926078122
       -1.6853163488        8.1984237382       -3.9310155143
      -11.4411963358        1.2753242745       -7.9771151333
      -10.8738302629        1.0808763994        2.2168667101
       -7.6849375104        1.9666130581        0.4433814744
       -7.2043889080       -3.9591835141       -1.6841810656
       -5.2699725273       -2.0678919924        2.9527236604
       -8.9437406380        8.4015243900        0.6585492113
       -8.1878135498        0.0254297372       -9.5798041506
       -8.9362297172        7.0907578147        4.3377864561
       -4.8563228194        3.1054945981        9.6399291792
       -1.8599060850       -6.8998954217        5.7673463246
        5.5833324266        6.9145398240       -3.1358085960
       10.1812405242       -3.0115724074        2.1278299649
       -1.8791988982        1.0516384257      -11.5783670763
       -6.9797444879        8.5997766909       -2.6923596886
       -1.0531911085       -4.1560641767       -5.3221617156
       -7.5723425765        3.2586637787       -3.1695563908
        1.5490565742       -0.5889709728      -12.2363204843
       -6.0203053888       10.9005078353        0.2551816429
        4.3159253893        2.7042594721       -7.4599461299
        8.8416994124        2.5172773598        4.9609832989
       -4.4232023686        2.8676966960       -1.2622692505
        4.3555272422       -1.9661652056       -9.7683459473
        3.7944404115        6.4414598183       -6.5137463486
        1.4194620650        0.5660367352       -8.8930746768
        0.9229725760        4.3585799435       -8.1066098441
        6.7028603606       -3.4834772634       -7.0134325403
       10.3683831568        6.7182641978        2.1087101264
       -2.3039157485       -2.6178960030       10.8533089761
       -5.7304115694        7.9224599597        2.5521781780
      -10.6790212815       -0.2571951008        5.8572205350
       -8.4887377989       -1.7189907324        1.1471085070
       -4.1068657928       -2.8780282759       -3.5332141581
        4.4654054812       -0.2262994531        0.9764596733
       10.9616178358        5.1175178053       -4.4823323575
       11.6041864273        4.2472936093       -0.7132649666
        7.1270308802        0.1527484360       -8.2783922245
        4.7301882190       -8.9393301334        7.8155791928
       -3.7577407060        8.1303368714       -0.6983350790
       -7.2894726530       -3.5859007280       -9.0336520041
        1.1431029247        3.2914773554      -11.5622676709
        4.5002841671        1.6179553868      -10.9172758902
       -6.9577889795        5.1390194517        7.0502030536
       -7.9815096602       10.6923015055        3.5432914072
       -2.0508501312      -12.2649680914       -4.7028283646
        7.3409088877       -2.8581351924        8.6989677009
        9.2126768897       -5.7643849104       -0.3044789213
        5.2623360999        3.4711470279       -0.6747608086
      -11.6751235228       -1.3214868050       -0.7025209173
        4.0087089947       -5.6998576815       -8.5227087257
        3.8968049496       -3.2317059934        2.9215519322
        6.8421382247        7.4532965004       -8.3871297187
       -0.5041858510       -9.1346819153        2.8615511408
        4.0635097029       -1.9523077603       10.6657784037
        0.4363039893        8.1159804297       -7.0816580348
       -5.3167887676       -0.7957230103       -0.6197341852
        1.1470453393       -4.4766315373       11.1452712940
        1.1572902009       -5.6737810753       -2.6544525416
        0.7389567293       -0.9133797459       12.4368445691
        5.3055096968        9.7830707299       -5.6255256809
       -8.3494929034       -2.9983866615        4.7577466734
      -10.1454280148       -6.1489829657        3.7724407949
       11.2294486192       -0.1890197224        4.3618943264
       -1.4834935216        5.3559077575       -1.5812410422
       -5.4958515884       -1.3557673622        6.6396718566
      -10.3497931858       -2.2455559644       -7.1924236874
        9.3858113630       -6.3441541399        3.6868291213
        7.5314730489        0.5877300352       -0.9894792504
       -0.4147619642       11.6031271548        3.8249393384
       -2.6569576617       -7.3229250561       -6.3541627856
      -10.8810031853        2.3933082401       -1.4622278839
       -0.1538233296       11.5435333340       -2.9205793666
       -8.9927132404       -7.1166549052       -2.7171685045
       -5.8210124050       -6.0727778239       -4.5511904886
        7.3592040408        3.7524580625       -9.3900186684
        0.4779659395        1.1371414581        6.4644860440
        6.6625811709       -9.0373801747        4.5441720876
        1.1577552646       -6.7914829963       -6.3424787106
        4.0304843578        3.7592777776       -4.0524965842
       -5.3075342829       -4.2934448884        9.0779941934
        7.0787096729       10.1133441168       -2.1810406811
       -4.8772505189        8.6325799291       -6.0017415264
        9.4305371022       -1.3231840033       -5.4687574330
        3.3472118788       -8.8257337959        2.8196474432
       -0.1262570157        7.3058121894        9.0344175563
        3.9634730977        5.8819704923        2.0274054188
       -2.6608116789        1.0147715986       12.0652675143
       -4.6682393288        2.3668906086        5.9722963126
        8.7696138594        3.5215478172        8.4931659854
        7.0004538324        6.7927030473        0.2632587890
       -2.6859825711        8.4978258411       -9.2226908113
       -6.9325304568       -8.2280136393        4.3647880031
        0.7894412735       -1.6710883108        8.7837237722
       -6.6965945478        5.6236835941       -0.3125464857
       -5.5495864215      -10.4456848673        1.5107260946
       -2.2201995031       11.4572419529        0.3880444290
       -1.6626628087        4.0214115945        7.7149310395
        3.9263127931        8.9937768709       -0.3489684209
        8.6211267951        3.4545792029        1.2458710471
        4.3261634910       -6.0926443241        5.3750091133
       -2.1198967666       -4.0374435544        3.4421069870
        7.2150770910       12.2673091652        4.0002567336
       -1.0824340421       -5.1359184531       -9.0159827981
        5.5818514585        9.0857162576        2.9944215247
        3.4061397945       11.9859493914        3.9383622814
       -2.4664582227        5.7586344386       -6.7963095278
       -3.9299619057        6.7738007437        8.8080759057
        5.5460139619        3.4624997157        6.5082598533
        5.5783599053        2.6505905392        2.9744482887
       -5.1537279609       -4.9848169202        5.3233811049
        9.8533193158        2.3083400321       -6.7732653166
        2.2737235275        3.5775082611        4.5108773490
       -3.9637982385       -4.2490575895        0.1608990037
        7.2105820887        4.7866929740       -5.8549649963
        0.6267103359        0.2645072878        2.8937483141
       -2.2712940648        4.8206688328      -10.4658767007
        0.6837377434        7.1447561255      -10.6401494477
       -1.9699783625        8.4082738172        2.7064648345
       -5.6384013230       -0.6370384566       10.2871568584
        8.8646866814       -4.9521060623       -4.1295248815
        7.8204221567       -0.2382263270        2.6855239970
       -4.2499627898       -4.9965987635      -10.8579135460
       -2.4344185449       -0.4489523721        4.7978928965
       -4.0861822383      -12.5479845404       -1.3872901669
       -0.4545625360       -9.0117350169       -3.6837864119
       11.8992457495        3.3856577886        3.0565729461
       -2.1841066221        3.0226927403       -4.4224801413
        0.0609881002        8.6400992601       -0.5463711612
       -7.5108513410       -9.2732999371       -5.5251895906
        2.4292863649        5.8329674128       -1.2979941323
        0.9634498221        2.7047006093       -2.2422720862
        5.8324450569       -5.7372310075       -2.1044705771
       -2.1960370165        9.2983980339        6.4066062913
       10.9582635209        0.5842719713        0.6488398969
        0.2093551868       10.8649369922       -9.5595478124
      -10.3626190803       -4.8966435462        0.1183395462
        2.1474086155        4.4525937178        7.9979384895
        7.0316786733       -3.4081438239        4.4926340141
       -7.8188797012        6.1792651196       -5.5889466635
       -4.2680463948      -10.5083665829       -7.3210155790
        0.3966861816        1.9649705237       10.0922468785
       -0.2313674192      -12.3717188548       -1.4045553180
        3.7468838398       -4.4351643520       -4.9393684713
        0.2377940450        5.6035512670        1.7516371680
       -4.1300482272       -3.8761920650       -7.2330749516
        3.5769879705        1.6417169688       11.9523900694
       -1.5311359584       -9.7479575406        8.1158397713
        4.4666254819       -5.5010914660        9.3180221775
        1.7123128213      -12.1149502388        1.9425474164
       -8.4947355422       -0.4433000213       -2.4482895665
        4.0489299664        0.4855842194       -2.6455094260
        3.5013222441       -9.4159432728       -7.2584836326
        1.9249610077       11.4338119466       -6.1864837960
       -8.5830436461       -2.2904837419        8.4485061034
        3.8780567088        6.8151912944        5.5726687094
       -8.2336499888       -5.9156284873        7.1493430835
       -8.3376098601        0.8441436604       -5.9738735078
