        -6.0970257239        2.0907412489       -2.1177862834
        -5.3659209888       10.9092967129        4.9202749998
        -7.4863691149       -3.8746662528       -7.9696639341
        -8.1118902579        6.3220622672        8.1717887558
         1.4540586772       -1.9855560968       -8.8770235890
        -4.9406468626       -1.4873261733       -2.5079400558
        10.1724021651       -3.0435151885        4.3828492372
        -9.1593080878        0.9276888991       -0.3236224593
        -8.3816709155        8.1502725242       -1.6225098573
        -9.7202576120        4.9393892509        4.9680933574
         4.9631706760       10.7221081142       -2.6907620611
        -5.8294028156       -0.1157338525        0.9596232580
         9.3401470896        8.9723597664        3.3628114875
         8.9764555273       -8.1234987633        2.3420754537
        -0.2481015087       -4.8544135866       -6.9703336895
         4.1872411763       -4.6594618022        6.7826685584
        -9.0591504373       -6.6585546613       -5.8268496488
        -5.2209145466       -9.1900651069        6.8834736818
        -0.7778771890        2.0009171129        9.6447986258
         1.0972213336        4.7318296884       11.4251251071
        -3.5374435757       -8.5158051040       -1.4889460831
        -0.6915716033        0.7567734347      -10.4419377305
        -2.3911111279       -4.5205333231        3.6256280683
         6.5010076419        7.6799928712        5.4509211530
        12.0075182252        1.7370790337        2.6324257537
        -1.8289595561       -5.1575389179       11.0502486895
         0.6993523851       10.2404059043        7.6220459745
         4.4713098545       -1.5291335728        9.1832324438
         3.8890578685       -4.8668768674       -3.4941726934
         0.5420461212       -3.2660998560        1.7850074654
         1.7898940848       -2.2071420079       -5.1808319669
        -2.0600212820      -11.3508352411        6.4097200904
         2.5208506355       -9.2500739364        1.1772752288
         2.3439764779       11.2481083001        4.2712565118
         8.6280886366        2.7561115527        1.5232011372
         1.9643779287        9.3323579817       -0.7410837712
        -1.6710150345        5.8711527720        0.9845550452
         8.6658780168       -4.5223061434        1.0256893833
        -4.3926507863        1.3249631179        4.2079999817
        -2.0287999430       -2.2865940689       -4.8546216655
         5.8828542682      -10.4803392066        2.4627715039
        -0.1306128077      -10.1674952770       -6.9164115169
        -9.7109753099        6.5683510364       -4.8659667597
        -0.7768058814        7.3160376773       -9.7665897961
         1.7439184374       12.7628281330       -2.1830389587
         5.6605976025       -6.9844106830        1.0902717499
         2.8681844781        7.9750799570       -4.2780101254
         2.9099435012        1.4540233407       -5.0508794849
         6.8567875591       -1.9611497637        3.1089167712
        -2.3962216037       -2.0662428295       -8.5371666187
         0.1181565331       -4.9987790293       -3.2012004667
         2.4150107114        5.1867089892      -10.3236443522
         7.2938911292        6.3472894756        1.8621003381
         4.3555184224       -8.2039988260        8.1987247405
        -6.5985765240        6.0620701515        3.0610666584
        -8.1599989716       -3.7912017748        9.5403826409
        -5.2961109917       10.4991306487       -1.7488552464
         2.8048134608        7.5837197974        9.4024650911
        -3.2618294568        1.3164822625       -4.4957823952
       -10.8451641952        1.2267835477        4.8255969164
        -0.2087290442        3.6329883159       -4.5998659396
         7.0661254343       -5.4164884357        4.3476953865
         3.7085226507      -10.0441615088       -7.2352071528
       -11.3895978028       -1.6880129115       -2.0106062894
         8.9261213880        6.9862971176       -6.5977998374
        -6.6020049222       -9.8678715265        0.3550340249
         0.3334858038        8.5736516040        2.6390631484
         4.4634826080       -5.0998954775       10.4457614693
         7.4260681163       -5.9130898257        8.0581890692
         7.2018616325       -5.9839213831       -2.2712761514
         5.7545013495        1.5763853623        3.4899339124
         3.9796647159       11.9658698365        0.8625957898
         4.1283837220       -8.3580067246       -2.1847026471
        -1.9727709722       -8.3240616934        8.7936846013
        -1.7557195754      -11.1981195040       -3.5506271677
        -3.5387484733        4.7613977481       -6.0127140598
         9.1166760096        0.5696747742        4.7827090629
        -4.8328473589        7.2583362663        9.9676216286
         3.6061269714       -0.9564740848        1.7802539825
         1.2139739692      -10.4012181522        8.2071202584
        -2.9655239005        4.7369042962        7.9894488715
         2.1867742536        5.9150211365        0.6988014892
         0.5763964948        5.0427471604        4.0042112152
        -5.0937009612        7.4342094719        6.2683382590
        13.0800480371       -1.9504629566        2.2753734408
         7.2648272125       -8.9347931671        5.7119316480
         7.8840689941        4.1699327709        5.1412005561
        -4.6013026946       -3.7033430212        0.6022510343
       -12.1747366953       -0.2562403163        1.5048420294
        -5.3603423048       -5.7534623015        5.4623400748
        -6.9262114005        9.6066715691        1.6588045588
        -3.3760592874      -11.9693659407       -0.1124292184
        -4.1436653138        1.0953059496        7.9430373963
       -11.7936321734       -2.4970562806        4.6175946298
        -8.4313379843        8.5690318022        5.0505132974
         1.4652072779       -4.1777505469       12.6895672021
         2.5966765136        7.6366218881        5.6476242400
        -9.2735091585        2.6447536468        8.0633056366
        -6.9463499404        2.6365475542       -9.5172750290
        -9.6784868100       -7.5467152264        0.7782995612
         4.8737629698        4.9962250989        7.5672320688
         5.4017540620       -7.2169897967       -9.2403112088
        -2.3005750438       -7.4908282125       -8.6918143764
        -1.5311794799       11.1719378998        4.6202786000
        -8.3277820083       -6.9442319691        7.3029859252
         1.8965039381       -7.5350979918       -5.2292123430
        -6.5574756449        2.3727559104       -5.8247115706
         1.1871368484       -0.4048985710        7.6781358648
        -2.4997415539       -1.1249988658        2.2389179727
         4.4553893859        5.0528095760        3.8074479042
         4.7775531841       -1.0475361478       -7.1810878543
         6.8798667481       -3.7641706178       -5.4429546149
        -5.4346803872       -2.3076194447        4.0199059765
        -0.5812024662        1.7993907521       13.2850897895
         7.3815131567       -2.3279496390        6.8378749285
         9.7737940500       -0.8953934527        1.1411186233
         3.1962360946        2.1947639362        9.5540413819
         2.2376353610        1.9550208996      -12.4091245763
        10.9426429988        1.0918143508       -7.1844190986
         1.5627348270       -7.4083544427       -9.0415774321
       -11.3307835513        5.6793930230       -1.4742228052
         2.8449593876        2.3750197579        5.8347583561
        -8.7375717888       -0.2204358992       -7.6056240807
        -4.4479939393       -4.6609919468      -10.2442863247
        -6.6741956418        8.9348022417       -5.0138347227
        -3.1088708102        4.4290438076       -2.2626180058
         5.1417508866        7.2538390410       -1.2359566383
         9.8561768642       -2.6061229282       -7.3534688222
         3.2106771842        1.1902315596       -1.3754641635
         5.9827435225        5.7940573243       -4.7244739646
        -1.9177716461       -7.6154957035       -4.8840702475
        -7.5233417363       -8.4745417772        3.8586831190
        -5.3916085340       -1.2681127188       -6.2581887533
        -8.0190935742       -2.7213670664       -0.7076262764
       -10.3469445507       -3.0417991920       -5.4902729089
        -9.9251316121        7.1548927503        1.7938287949
         2.6604153813       11.3919101827       -5.7066977247
         3.0552874460        4.5738374949       -2.8244107443
        -2.7362306493       -1.8172382896      -12.2026807672
        11.1453263040        6.1800303280       -3.5530654649
         6.6300336150       -3.5699550850       -9.2578119168
         4.3403610418      -11.8145236673       -0.8220375251
         2.5874048431        1.7102707394       -8.7419181404
        -3.3701197073        7.8320747297       -3.7005015680
         5.8426154800        2.6471070732       -6.9653931938
        -7.5873946849       -4.9318786905        2.4139406651
        -0.5635361083        3.9080809142       -8.2909423615
        -0.4908069792       13.4718320865       -5.1974500381
        -4.0770351965       -4.8728542474       -6.5465296966
        -5.7152493895       -7.6307180840       -4.4927028867
        -2.1804426542       -1.3777430422        5.8701544924
        -1.3290618926       -9.3262126108        1.5273143316
        -0.3409080539        0.5107544122       -6.7566893525
        12.7823802080        0.2772961689       -0.8216390530
         5.2548875186        3.7585555362        0.2337764793
        -8.0375599107        4.6266999974       -0.1791708176
         6.0943310399        2.3614935324       -3.2306500122
         9.4467134522        1.3298893328       -2.0136766962
         0.8809306691       -3.5458274774        5.4144133268
        -0.0585806191        6.6642672290       -2.3425046004
        -0.6381260016       10.4376801894       -7.5053519749
         5.3948738463       -3.4570795157       -0.2348562500
       -11.5449982200        0.6006649295       -5.1036216390
        -3.1313399982       10.0988091788        7.9526177891
         9.0104049027       -8.5042779936       -4.2973894336
         9.0363828029        3.5556656354       -5.1192136397
        -2.1072053550       -4.8522390287        7.3504081649
         2.3307415163       -5.8166264680       -0.1797520747
         7.7653755079        0.1397863047       -9.1237251542
        10.2946771665       -6.6013332459        5.5738231577
         2.7056554383      -12.6589576771        2.5690220200
         2.5522855035        8.3448362970       -8.0739418256
        -3.5896922962       11.2478509116       -5.1266605543
        -1.4187249156        2.4609487139        2.3554092629
         3.7905494432       -4.3444839538        3.0695271806
         0.1712260357        3.3330428266       -0.9227538651
        -1.1006626139        2.2416994588        5.9909645495
         0.9241416519        4.8707559158        7.7318761157
        -4.5129180946       -7.2115358120        2.0018202923
        -3.2396051792        4.9235507595        4.2916465627
        -1.0102101613        7.4670659414        9.7602343053
        11.6584862095        3.9896556113       -0.4495734397
         8.7920060495        3.8414242012       -8.8299228317
         5.8118216865        9.2207001287       -6.1778078057
        -2.8401228466        1.0499740620       -0.8358841713
        -3.7654518033       11.8495506299        1.5405953581
        -7.1704172877       -0.0972732023        9.8408807253
        -1.6347635457       -2.4715628269       -1.1866711403
        -3.9655177030      -10.2073956325       -6.5375251732
        -0.9073499333        4.1518592030      -11.9608816724
        -3.5252382313        8.4038879493        2.9380863213
         0.1063673932       12.0552436972        1.2233749648
         4.1652177219      -11.2112993754        5.8286888105
         0.8909520430      -10.0420113625        4.5257843114
        -3.9189175104        5.0479259258       -9.7409732949
         8.0002038526       -0.1023320175       -5.3112539423
       -11.0563765694       -3.9445554501        1.1282698985
        -9.8498515318        3.4306465246       -7.1106566400
         5.7126713065        6.1374445671       -8.5269747428
         1.2115908910       -3.8094888084        9.0659140321
         2.7410992518        4.9020280940       -6.5891032072
        -3.7824979984        8.2032792171       -7.4874550144
        -8.7253306566       -8.9008824558       -2.7015523132
         0.2953402063       -8.5313456287       -1.8731946360
         2.4107508068        2.5348420205        2.1279919854
        -2.7187572171        4.5321774597       11.6708575873
         2.1329473609       -2.3966177028       -1.4946047374
        -7.0180856553       -4.0655703441       -4.1763125839
        10.2703581875        7.6132748179       -0.0913061846
         1.1085674043       -1.7358763870      -12.5463256127
        -8.2531531936       -0.4585838296       -3.8170167869
        -3.6417301103        1.5724179609       -8.1745352883
         7.5099355814       -9.5685604187       -0.9313679280
        -1.9169801187        9.2885520316       -0.4216074425
        -8.4194408182       -3.5119735576        5.8476081991
        -6.2721138306        3.8152533497        6.1909268363
        -9.4065624200        3.1489360190       -3.4184540000
       -10.5496091923       -6.1304703148        4.2555401131
         4.4673274102       -0.8084018616      -10.9198606977
         6.2101239223        1.3583559196        7.2430956431
        -1.2637070676        7.5786930126        5.9736091647
         8.1959397746        4.9821294159       -1.6499983962
        -6.1190978462       -7.4655647199       -8.1962625885
        -2.2461208086       -7.9415962897        5.0190165509
         6.1932388331       11.1088835621        3.9011641783
         8.1176060903        8.5234586718       -3.1557566752
         3.2669590475       -4.4948056342      -10.9397499663
        -3.8846622964        0.8464691538       11.6485524346
         1.3349390429       -7.3071099444       10.4908779282
         0.7838852400       -0.1818015241        4.0547220433
        -6.6819523528       -6.3077838975       -1.0445773832
        -4.8966943457       -2.8562275308       11.3714232158
        -7.8061492449        2.4065439754        2.9602236980
        -6.4139389561        5.5139480636       -3.5760542942
        -5.1138915448       -6.1034667029        9.2422789473
         5.5369275905        2.9107376521      -10.6671733156
        -8.8309496846       -1.2996006638        2.7758096930
        -1.1363486563      -12.7330391632        2.9267876308
         1.0410940450       -6.9644949401        6.8231669564
         0.3910124923        0.0401294566        0.4715144292
        -0.2821043852       10.0529752929       -3.7740384946
         4.2070311794        8.5041724760        2.3237573603
        12.3956882321        2.5293041265       -3.9169995048
         8.4322526969       -2.3566375118       -2.1920007832
        -6.0590455686        3.6099962542        9.9831973588
         6.4874979211        0.1588375787       -0.1243970596
         0.7137426581       -6.6217933365        3.1409873158
        -1.5985805433       -1.9018443050       13.1274716714
        -7.3819381099        0.1505291032        6.0507540729
         0.0061631774        0.2687014378       -3.1297295225
        11.9170372007       -5.6117231605        2.2351220475
         7.1974800798        9.9158778165        0.3597791898
       -12.4536034730        1.9867806256       -1.6164587606
        -3.6592185688       -5.0300141712       -2.8272924436
         5.9428339778      -10.8613500376       -4.1978222598
        -4.7213809747        3.5487336975        1.0992680544
         1.5041550790       -0.6641864125       11.3686626554
        10.3090394187       -4.8951808854       -4.2459605224
        -5.1759444419       -2.5863574162        7.7041012066
        -1.4893073423       -5.8920384506        0.1588133362
        -4.3678289984      -10.6909751531        3.4099636838
        -3.9814700886        1.8198448538      -11.8400343213
        -5.7835116402       -1.0312907224       -9.9863258045
         3.9933586978       -7.7748568689        4.4439123353
        11.7744544345       -3.4517762121       -0.9712619529
       -11.1743459977        3.4850550902        1.6858952138
        -1.8633630232       -1.6321522100        9.5112927999
        -0.5991056562       -4.6498767298      -10.7067540260
        11.4446743971       -1.1945712379       -4.1231976983
         4.0773803122       -1.2243529481        5.4763674938
        -2.1314065726       12.7072096873       -1.8449292867
        -5.5837839021      -11.1030817743       -3.1469058383
        -0.4276098673        7.0243897050       -6.0718943418
         3.5891261780       -4.7087667652       -7.2336335371
         8.6870248452       -6.2798068875       -7.4473842630
         4.5081134958       10.2987003175        7.2569863815
        10.4984480256       -7.0820148335       -1.0356508396
         5.0547615889       -1.2682416211       -3.4057488951
         5.6898524573       -7.3848105117       -5.5231892349
         0.4806417202      -12.0218227928       -0.4974586368
        10.7526641818        5.4021252983        2.9972265794
       -10.3440068187       -1.0560096779        7.8898836970
        -6.8708774071        5.8582042392       -7.3619642576
       -10.1394544039       -5.3391473599       -2.3743960982
         2.1088115061      -11.1184546225       -3.9039489374
        -5.0344560707        7.0363284297       -0.3227197564
