        -3.6234804832        7.6997242006       -3.7678153080
        -3.6680125546       10.0219447222        7.8766595809
        -8.5733768155       -0.5938583627       -7.7186214159
        -9.9778417108        4.5681422357        4.8139087791
         1.9904515890       -2.1116781886       -5.1201304868
        -2.8446748108        0.9582041496       -0.8637504290
        13.1402731773       -1.3318208165        2.5106365130
        -8.2022349600        4.3083335769       -0.3048393439
        -9.8842126980        6.1569494573       -5.0262996819
        -6.5040015056        3.6002017529        6.0957170859
        -0.2862718699        6.6827835752       -2.3528494873
        -9.3293913156       -7.9216858207        0.6873700611
         6.7777757965       10.2586624867        0.4472013317
         4.8887699031      -11.5801322666       -0.6759844539
         2.6738811696        1.8232048181       -8.6866326659
         1.2580396291       -3.6790465075        9.1234941296
        -3.7321475496       -5.0342308744       -6.5721727122
        -3.9260214653      -10.8204661754        3.4145498671
        -0.8437396396        1.8634447595       13.2875646258
        -0.9914480801        2.0413770538        9.6436708618
        -3.1125613206       -8.6375303441       -1.4778689841
         0.0976449483       -4.8529946409       -6.9288841737
        -1.9520863649       -7.9744069797        5.0428854009
         6.0987046931        8.0151918414        5.5371772912
         8.8623057632       -4.0987626797        1.2041240453
        -1.7518011857       -5.1501013613       11.0664041886
         0.7346772459        4.8585794527       11.4401610087
         4.4130009283       -1.2581898364        9.2807957718
         2.3316044187       -7.4299432193       -5.1419130396
         2.9276505069       -9.0893984829        1.2822642128
         4.1770784787       -4.6699469277       -3.3881778250
        -4.9634495259       -6.2457269844        9.2120308182
         4.6038203095       -7.9356055966        8.3266990685
         1.8096392895       11.3938540693        4.2759461358
         8.5855763412       -1.9585021722       -2.0269319642
         1.2464989374       12.8549650873       -2.1939422101
        -1.5365411337        2.4430418246        2.3428710074
        10.8372489580       -6.5843825277       -0.8159586068
        -8.1118770910       -4.0673537351        9.4518155299
         2.3721956128        2.0380989341      -12.3601330913
         0.9769732867       -6.5344908728        3.2051281346
        -4.0521765647       -4.8525063942      -10.2727632549
        -6.9511481549        8.6524801642       -5.1377915887
        -3.5517559496        1.4163354109       -8.2160836329
        -3.9687898082       11.0970725618       -5.2132850711
         5.9663561492       -6.6892905343        1.2334326684
         5.8241779388        6.0673003739       -4.6357989353
         0.0687818661        0.2924962854       -3.1090364148
         9.8095284977       -0.4265829278        1.3197836809
         1.7045913709       -1.9192330372       -8.8219015810
        -3.3874714596      -10.3826616292       -6.5445914198
        -0.8721902035        4.0977554014      -11.9715097579
         5.1071448100        4.0219217487        0.3197613476
         1.5614335965      -10.2678490892        8.2970239062
        -6.8783701255        5.8179923283        2.9505532507
       -10.3865751946       -1.4366433048        7.7543266082
        -3.2373382225        4.3168348672       -2.3102176294
         0.1576154932       10.3290277643        7.6053450263
         2.9484590199        1.5957817423       -4.9898299800
       -11.3152485168        3.0387481949        1.5164509668
         5.5274087123        9.4774012771       -6.1077813224
         7.2508175677       -5.0483585386        4.5050947470
        -5.6418216727       -7.7301694688       -8.2593436005
        -5.8082656696       -0.3297168222        0.8900335084
        11.0223185416        1.5759136413       -6.9955862150
        -2.8221329659      -12.0714790282       -0.0828768451
        -0.0564938707        8.6276736150        2.6251523850
         4.5408702579       -4.8205693652       10.5601811353
        10.5082161525       -6.0860712208        5.7872272210
         5.5681648301       -3.1825872117       -0.1125650773
         8.9781488013        3.9625816085       -4.9721293009
        -6.1227771217        1.8513346936       -2.2010590703
         4.5475117015       -8.1418812346       -2.0584022296
        -1.7218258813       -8.3290017880        8.8233494621
        -1.1833188450      -11.2427769243       -3.5024258892
        -0.5765102251        3.8835080344       -8.2953880222
         9.0316099507        1.0232019629        4.9436002131
        -3.0724110777        4.4938449722       11.6272094510
         6.5007741587        0.4780232991       -0.0020098666
         1.5112084972       -7.1620071834       10.5672186304
         0.7518686309       -0.0941256589        4.0889303162
         3.9655060664       10.5517720490        7.2995728608
        -1.6614439188        7.5775889343        5.9389981370
        -3.9083183640        8.2911191359        2.8646505277
        11.9026633765        2.3067579608        2.8334344338
         7.5734106869       -5.5134859027        8.2231209625
         5.6496558987        1.8769456520        3.5935970258
        -4.2872519801        0.9828644522        7.8936502898
        -7.3784258310       -5.2112579216        2.3412250724
        -7.1823995253       -8.7417421635        3.8031131258
       -10.2288832746        6.7599459349        1.6265250218
        -6.1462062721      -10.1087861303        0.3222761224
        -4.8067345787       -1.6756739582       -2.5569464969
       -11.7200469313       -2.9525444990        4.4665294377
        -8.8496811203        8.2508387065        4.8993504601
         1.4702048095       -4.0209418974       12.7524687081
         4.5591065884       10.9544266604       -2.6416108426
        -6.3421961384        3.4200135362        9.8918381173
        -6.9764860840        5.5609138178       -7.4741495855
       -10.8657056443       -4.3811408356        0.9960749517
         4.5565400616        5.2716860585        7.6404227728
         5.8819751956       -6.9745041208       -9.0986570456
        -6.7489983426       -4.3448982082       -4.2472047562
        -1.9151060031        5.8335731339        0.9522416774
       -10.3143213518       -6.5297927088        4.1427008488
         6.1184958600       -7.1147667112       -5.3766339626
        -8.1396844178       -0.7951471989       -3.9218724496
         4.3035507500       -4.4077118124        6.8910831468
         0.4066778729        0.0961390998        0.4991957513
         4.1956002833        5.2946988914        3.8743322476
         5.8565165076        2.9081451956       -6.8637209554
        11.5748871891       -0.6739354271       -3.9161529904
        -5.3668599163       -2.4892124563        3.9669597132
         2.9713552085        2.4079318012        9.6140009746
         4.0647842728       -0.9861154360        5.5667872133
        12.7949685594        0.8682416772       -0.6011551284
         1.3768518053       -0.5145646366       11.4154732181
         0.4499983123      -10.1562192177       -6.8492207286
        12.3596024615        3.0886405147       -3.7127989285
        -1.8260241200       -2.3567488084       -4.8540624754
       -11.5173381038        5.2117756923       -1.6560175246
         0.3180465661        5.1162040873        4.0105295484
        -3.8435221302        1.6347867213      -11.8875645590
        -2.4349129679       -1.9451807846      -12.2149692808
         2.3395400422        8.4525986692       -8.0504060731
         1.5931137891        9.4431519042       -0.7326058553
         2.9227926965        4.7281411648       -2.7761350168
         7.5158405555       -5.6363181021       -2.1082772292
        10.1007811634       -2.1664804537       -7.1641554597
         7.8131684266        8.8935089479       -3.0468353120
         0.7201660250       -8.4817252607       -1.8067792654
        -5.1652400606       -5.9225738425        5.4268334073
        -8.6666528402       -7.0390133333       -5.9282254374
        -9.1594739066        0.5631422696       -0.4493945488
       -11.4538336170        0.1155896435       -5.2644427063
        -5.3047950310        6.8457818646       -0.4128340477
        -0.9474774673       10.4067204302       -7.5416909444
         4.8653225453        7.5030664850       -1.1678958641
        -2.1431073405       -2.1653298158       -8.5431979423
        10.9459227911        6.6827455978       -3.3857228177
         4.9566252818       -0.8303961930       -7.0785308386
         6.5015071130      -10.5715839586       -4.0307277928
         4.6959710212       -0.6197216716      -10.8227651951
        -5.6942281677       10.2882676206       -1.8590989575
         7.9205608486        0.4784620284       -8.9796852335
        -8.1065666476       -7.2337237647        7.2271404933
        -3.9914529129        8.0375167084       -7.5623148786
        -0.9689383465       13.4537142823       -5.2461914711
         2.0522199516       -7.3328114157       -8.9592620268
        -7.1593691887       -4.1906724796       -8.0474129442
        -2.1859324729       -1.4108213906        5.8632124988
         1.2816939100       -9.9377856394        4.6095771766
         0.4107498772       -4.9661858850       -3.1543220430
        10.2498367039       -2.5419858394        4.5774118400
        -1.9155678346       -1.6360818492        9.5102075306
        -4.8629636869        3.3806462688        1.0301248171
         8.1052642201        0.2620696993       -5.1630683161
         6.0612620662        2.6487849132       -3.1243127038
        -1.2091056911       -5.9149306353        0.1848045047
         8.9116644261        9.4215989055        3.4877654955
        -2.6275494699       12.6318330020       -1.9161600707
         9.9547260274        8.0904428349        0.0551001105
       -10.0947317995       -3.4718180347       -5.6160041499
        -2.0635053315       11.1502718577        4.5647256332
         7.1477236708       -3.4456019795       -5.2950953829
         8.0216836200        5.3650494295       -1.5234049255
        -1.9847434001       -4.8725111039        7.3610323842
        -1.4770073679       -7.6792218613       -4.8593260169
         6.9501720511       -3.2776852263       -9.1140572294
         7.5812787771       -8.5489804181        5.8892531246
         6.3194788195      -10.1663924587        2.6262318389
         2.2774662269       11.5110653013       -5.6962609608
        -7.3376507114        9.3393630150        1.5267655634
        -2.2871370026        9.2314631469       -0.4735739703
         3.9521857435       -4.1256468397        3.1706168556
       -10.9378105226        0.8096144299        4.6715073015
        -1.2666635028        2.2528371763        5.9840479336
         0.6140492065        4.9747929796        7.7439933431
        -4.2012084580       -7.3572198605        1.9859302968
        -5.4855520293        7.2674526620        6.1744738775
        -1.4632183975        7.4925443776        9.7296280013
         7.6379302522        4.5676080386        5.2657158086
         2.6543233215        5.0271698957       -6.5466116550
         8.7422117521        7.3791796216       -6.4684728775
       -12.1491197977       -0.7433306913        1.3374926079
        -5.8874110736       10.7219626875        4.8059991168
        -7.2887928709       -0.3326714823        9.7497696372
        -0.2687758633        3.6385357111       -4.5979713840
        -3.3647486105       -5.1572054213       -2.8369902751
        -7.1829137375      -10.5407865111       -6.1952104052
         2.3754999335        5.2825347556      -10.2870829194
        -5.2759379797        7.1182575485        9.8782175549
        -0.4124055171       12.0903887191        1.1897358418
         3.2394073410      -12.4810007933        2.6934050417
         1.2606458800       -6.8476117314        6.8937424047
        -0.9143179733        7.2731000549       -9.7901380977
         9.4358460681        1.7694545385       -1.8501708638
        -7.8559858435       -3.0356365392       -0.7993342489
        -9.8506113776        3.0073712217       -7.2581377878
         5.5996941138        6.3832556330       -8.4435346229
         7.3919400756       -1.9388587230        6.9850440317
        -3.2196584722        1.1909679495       -4.5309015836
        -6.8777170860        2.3305767347       -9.6154386873
        -5.0243594209      -11.3400412434       -3.1573241188
         2.6088252734       -5.6735515301       -0.0943584477
        10.4838321666        5.9149468799        3.1612137260
        -3.2695964394        4.6725739398        7.9414125009
        -4.4204759420       -3.8622790862        0.5689132418
        -5.2708544212       -7.8407905941       -4.5146703679
         8.5000170708        3.1728939682        1.6665892983
         1.4073584112       -1.6990356666      -12.4972871486
        -5.2070603568       -1.4915762636       -6.3143791262
        -6.5362543439        2.0982757236       -5.9160484206
         9.3086740774       -7.6773545166        2.5425305615
        -0.6342355273       10.0528856672       -3.8035686223
        -8.3247827709       -3.8145613846        5.7542329406
        -9.4808640436        2.3078113492        7.9266484829
        -9.4541587335        2.7600855937       -3.5579539975
       -11.2472095207       -2.1534903478       -2.1586386754
        -0.5327994018        0.7216074324      -10.4332937680
         6.0549019335        1.6943454473        7.3544088105
        -3.4930597835        4.8318919519        4.2388253698
         7.0055872168        6.7037556927        1.9675819024
        -0.2011977902       -4.6774392779      -10.6713648411
         2.6781634989      -10.9948235034       -3.7960350003
         5.6666435620       11.4211070845        3.9667115122
         2.6110349541        8.1122591383       -4.2484006488
         3.6577071677       -4.3550982601      -10.8442069264
        -4.9216376890       -2.9835683426       11.3287960164
        -1.6393666267      -11.3662293632        6.4532841798
         2.2893573602        2.6831825695        2.1751041093
        -8.2820695070       -9.2642747257       -2.7725174747
         1.1071528695       -0.2845202572        7.7192232036
        -8.4821916484        6.0325801772        8.0357720497
        -8.6762846248        7.8078025222       -1.7699092326
        -4.8987069432       -9.3437505999        6.8668391107
         5.5985554099        3.1434691662      -10.5710574801
        -8.7835908562       -1.6351602256        2.6651076903
        -0.6001597759      -12.7220635648        2.9932210074
        -0.9195651457       -9.3327362049        1.5738585139
        -1.4811055318       -2.5078967300       -1.1782949824
         3.8208321010        8.7259031368        2.3707130744
         1.9410470248        6.0444851468        0.7265428945
         8.7804077169        4.2224669427       -8.6874636767
         3.9297138659       -4.5400762175       -7.1325358771
        -4.4870293993        1.1859770659        4.1539682624
         3.6408347201       -0.7542359497        1.8625174988
         0.9737994803       -3.4451044787        5.4659425786
        -1.6963984385       -1.8791637438       13.1314474757
        -2.4586393624       -1.1873283125        2.2261618589
         2.2833476524       -2.2708448193       -1.4283004490
        12.1383890274       -5.0403317563        2.4695203915
         3.4662799215       12.1685180150        0.8899447204
       -12.4758271499        1.4731907082       -1.7980629168
        -0.2307342052        0.5050374340       -6.7418240858
         7.9586208729       -9.1983448690       -0.7465008679
         0.0655936954        3.3703370300       -0.9141619034
         2.6713429638        2.5574711025        5.8888662105
        10.6035570766       -4.4209697390       -4.0391612292
        -5.1544687142       -2.7412259836        7.6562318709
         0.6803904347       -3.1954272277        1.8302823619
         4.5826011648      -10.9581669745        5.9687286096
        -3.9547399476        4.8704626474       -9.8028900725
        -5.5490110949       -1.2849081126      -10.0493808199
         4.2828312053       -7.5381621158        4.5646624526
        11.9526757186       -2.9017342237       -0.7488587127
        -7.9239226435        2.1127337744        2.8479998534
        -4.0762394322        0.7607799184       11.6039960803
        -1.8083014671       -7.5822670118       -8.6710154661
         5.1833260527       -1.0236429875       -3.2985935249
         2.3482787771        7.7738766620        9.4309628829
        -6.5651846056        5.2518849096       -3.6801531080
        -6.3642864975       -6.5625072617       -1.0928925703
        -0.6114227487        7.0114866561       -6.0890891122
         9.0946198677       -5.8879831725       -7.2590649265
         9.4647121817       -8.0835026502       -4.0937712900
         2.1973538574        7.8024118689        5.6730964842
         6.9107613911       -1.6106079332        3.2466097537
         3.2022426570        1.3602571233       -1.3091220544
         4.2834764834       -9.8653046304       -7.1072480818
        -2.2242354533       -4.5692251902        3.6302910406
        11.5047493467        4.5294385162       -0.2642728103
        -7.4510792453       -0.1098603162        5.9556276393
        -3.6217249081        4.6151609498       -6.0678614650
        -9.8351569607       -5.7481775803       -2.4850340474
         1.0372236996      -11.9545388373       -0.4104279137
        -4.2760929717       11.7174442629        1.4473889542
