        -3.5809092339        2.3986925608        0.6342970322
         0.7802743239       -3.3256015693        2.7037967066
        -4.2114655348        0.8366732004       -3.0648058546
        -1.4327940428       -1.4533293215        5.0956731629
         1.9131936178        0.0157608441        4.1473324217
        -3.2577422960       -3.4765248500        2.2650359353
         0.7363718454       -3.9954291017       -3.3650852523
        -1.3007200698        2.2374156575        3.7944014619
        -1.0983390121        2.2315417860       -5.2158853660
        -4.4860959227        0.1099994738        3.6406634464
        -0.8109269049       -5.2991652601       -0.0374159389
        -2.4427989473        4.2835706964       -2.4113698802
        -1.5151938385       -0.5255748251        1.5194601860
        -0.9678337669        0.9629728409       -1.7368885660
         4.2089278405        1.1415450849       -1.3574690714
         3.4614624972        4.5800926236        0.3033006202
        -1.6244737343       -1.4159754666       -4.9087938515
         1.3927950690        3.5192288216       -2.6020247327
        -5.2834909465       -0.8919085546        0.1713917135
         2.0404586495        3.8737384505        3.7258076883
        -0.3942857622        4.4875369111        0.7533103535
         2.8753566454       -5.0113665640       -0.1005828401
         4.9014987457        1.7988493019        2.4063278526
         1.4919585302        1.4703411344        0.9229086534
         4.2414474120       -2.4696880715       -2.4579899996
         1.7496857668       -0.1088125928       -3.9881987720
         1.0897133499       -1.8105240635       -0.6444597698
         4.0518651804       -1.6727478795        1.3710172130
        -2.5279394608       -2.4913112679       -1.5637545522
