        -6.8255762209        5.7667091964        9.0719104656
         8.4452907875       -3.0373857754       -2.8136077884
        -2.9199834492       -1.3725523544        1.5769812566
         6.7787949072        3.4175031695        5.9991642501
        -3.2904686323        5.2917197589      -10.1101331941
        -5.0319944183       -7.9734438291       -1.0942970398
        -6.2152439217        5.2317891435       -3.3502313579
        -4.3603669542       -0.3429696609        8.8788428283
        -9.3627943259        3.7242155503        6.9690310697
         2.1857567086       -1.8220459712       11.9360505782
         6.7176981737       -5.6750669647       -8.6283855532
        -2.3135229824      -10.2971492372       -7.4125338764
       -12.1339440676       -4.5434788613        2.1352579288
        -3.1809806238        5.1630341676       -1.0759747319
         5.6540490059       -0.7438190421       -1.9309218541
        11.3325381727       -4.4762020093        2.9575789271
         0.3352332024      -11.9246715771        5.4886175793
        -8.7377111951       -0.1213115933       -6.2809989498
        -8.7565065339       -7.4009612264        6.5402896159
         0.4689806211        6.1147566026       -0.5684091446
         2.4240322669       12.7326929734        2.1065855295
        -8.6180299615        2.2356033745       -3.2902807474
       -11.1655553474        6.8879365544        0.5673115802
        -1.3720878776        8.6195824987       -6.2955057745
        -5.2495852113       -0.6132719724       -7.7134045833
         5.9020901753        2.9766733435       -2.4139236798
         3.2315422003        3.9320461772        7.4790555685
        -9.8093557143       -3.3904403247       -7.7225756775
         3.0835555711       -5.0842850623        1.6046869906
         2.1907568252        0.6395798755        6.0160245691
        -8.8635019398       -0.6612051154        3.8239379659
        -1.7515410791      -10.1811110097        8.2160266024
        -1.0887268625      -12.3402429858        1.9347144356
         0.8996609243       -4.8600136765      -11.8238349390
         8.9313203429       -7.5210792616        3.0157971698
        -4.3472763102       -7.1834421240       -8.3990258170
         5.7411917430       -2.2702941846       10.5822295284
         6.2754685188        4.0366176328        9.7171662008
       -11.6768570027        3.1065351043        1.0969785072
         9.7501962864        3.4681798069        8.1933776684
        -2.4653555952        6.1930459300        6.1162344248
        11.1907069128       -5.3535930444       -3.6693103871
        -9.0610333746       -3.0212247011        0.7718759521
        -4.5117867874        7.8985387612        3.2982129671
        -0.1200575229       -9.0024859108        3.2812678250
         4.9502789891      -10.9034369773       -0.6146385712
         6.6437042652       -8.1276212689        6.0832432090
         2.5177715240       -2.1224999425       -0.5240332090
        -9.0924017245       -4.4342223743        4.2977391641
         2.1846014186       -8.5083965441        0.2441504803
        -2.5025694615      -12.6507198903       -1.6344161243
       -12.0016576483       -0.7275996645        1.6228730877
         4.0339495447      -10.9602368950        6.0029643872
       -10.1705707946       -7.7550991273        2.9754048570
        11.8178417156        1.7019161051        5.4660070735
         0.6707757897       -8.1275872664       10.4161952519
        -8.8453425773        0.7858028267        0.2660187736
        -9.0176667078        7.5946248939       -2.5427600284
         6.7724331545       -5.6917920819        9.0868938431
         3.7915439726       -5.6837736782        6.8512958282
        -2.2736093399        8.5845759885        0.2530750245
       -11.2974690653        5.4338012392        4.1312259080
         1.4218190743        1.3038501482      -12.6692778193
       -10.2032443443       -6.4006049097       -0.6231579748
         4.2818416050        0.4631072743       -8.2360821991
        -5.3645304856        4.5236765028        1.9227426666
        -4.0416285855        3.4196053416        8.3627629887
        -7.8822733135       -6.6275847773       -6.9147921376
       -11.6762255305        1.6301608105        4.6735790314
         2.7264129890        4.5601776781       11.0606571874
        -1.3380145163       -7.0116874959       -6.0396046334
         2.2394602341       10.3900715561        7.8762919243
         3.2823016662       -2.7581929366        4.6265419183
         3.9589213723       -3.3488323652       -7.7132318549
         5.1440232707        0.6913567538        8.2174964214
        -4.9122914056       -6.5203558422       -4.6711218290
         2.3764133239       -6.1326455292       -5.5898934347
        -3.6696984240        8.1078600587       -3.3000271035
         1.2874486279       -8.5538056750        6.7808207260
        -9.2871709811        2.7737214296       -8.5680591537
        -3.6844139467       -0.8923637267        5.1990199557
        -5.7642601805       -0.0653095329       -4.0362523879
         9.2266656255       -2.7118719933        9.0410406288
        -5.2790106836       -8.8341910697        7.4110123361
        -0.9613274281       -3.0296693679       -1.0078391636
         1.8480735453       -1.5744569483      -10.3374828977
         1.1997169308       -1.0220930029       -6.7108023144
        10.0077161042        5.0113135476        4.6835083337
        -1.7095119276       -1.0991305213       -9.0692428064
        -3.3150175602       -3.8368595880        7.4919481526
        11.8351116305        2.2533234249       -4.7126843064
        -0.9024512566       -1.7153568281        9.7060497488
         9.1462596201       -5.1577992101        6.0783154615
       -10.0827481673       -4.9370892995       -4.2108619558
        -6.5113520501        1.3915982545        6.1242036435
       -11.4156230389        4.5521491429       -2.4842706528
         8.6566481781        7.4525463386       -6.0727813150
        -7.4768944104       -1.9218323839       10.1264805876
        -2.7429337510       11.5752775401       -1.9797410720
        -2.1980875185        1.8331921441      -11.4801905861
         7.1404465273       -1.8731088369       -9.2462120367
         8.7559882262       -0.7100330225        0.2312098224
        -9.6889646938       -0.1260888138        7.4971436521
         1.6656699711       10.2271446358       -7.7451746638
         8.0429843619       -6.7812779419       -2.2666958255
        -2.8983536977       -6.8501021583        9.7352317838
        -6.1101090223        5.1579261238        5.5252647542
         6.3375278979      -10.4038586054        2.9674151531
         0.5548065709       -0.4726649899       -3.1033974444
        10.1166757501        6.4715212837        1.0965558215
        -6.7230464782        8.1913993452       -5.6097778827
         2.1170825778        7.3140847237       -5.5215148869
        -0.3738536043       -3.7195397415       -4.6081468805
         3.5645990048        7.7818687111       -1.9902410729
       -11.5683393904        2.1787632738       -5.5137523677
        -1.9369010073       -6.3259736523       -2.3984874606
         1.0081217996       12.4121361130       -1.4603501399
        -6.3359471300        2.8290304892       -6.3495973981
         7.1673315128      -10.1281924400       -3.6613867050
        -8.9411715760       -1.5789444227       -2.7670727971
         0.0356953742        9.0740364621       -2.7847530103
         4.9424300686        8.0545117839        1.5884332315
        -6.7512367045       -2.4103180428        6.5633347213
        -0.4155129634       11.9860666001       -5.0136258800
         8.5345577235       -2.1573033147        3.7859307745
        -7.0973765175       -6.2333081938        1.6121440174
         5.2732993820       -4.4459247957       -1.3958311025
         2.7064221523       -2.2667760997        8.3292933411
        -0.4704045217        2.7654581000       -1.8027054152
         8.6593269503        0.1945175711        6.7663048884
         8.7649977549        0.7366144688       -3.3312542514
         6.0308285931       -5.0902711962       -5.0148873547
         9.7437185006        4.0113634150       -7.4362780428
        -5.0394322122       10.9832657404        1.0839047981
         6.6676387848        9.3692454693       -3.3952630991
       -12.0639136235       -3.1006446063       -1.4346043674
         3.2280826373       -5.2526408582       10.5871778467
         4.6001287735       -3.8951211114      -11.3092450514
        10.0755045850        7.8223632872       -2.5039475962
         8.7765688928       -7.4054222126       -5.8703379867
         3.1493209482       10.7656049679       -4.2369210058
        -0.2490641934       -2.2557945869        6.0208287651
         8.9700249445        3.0913730635       -0.2763321384
        -6.0050332124      -11.2606523704       -2.4722805459
         2.6587821163      -11.5053209919        2.4537145953
         8.3277921810       -4.4898993068        0.7635242292
        -8.2004273366       -0.6675476134       -9.9316006973
        -5.9929492551       -2.8945392552        2.9402344623
        -0.5602104604       -6.0343911908        1.0979818418
         0.2560613725       -4.3143488611       -8.2281545267
         8.5861036985       -9.7593647862       -0.0924173113
         7.3654382901        1.9712338342       -9.6771615677
        -6.4368954975       -5.4457161489        8.8887374134
        -8.1087400266       -8.1661048551       -3.3661641170
         6.2555007219       -2.7597571827        6.8464443314
         4.6074396032        1.2291438603       11.8069349024
         8.9989514668        4.5034967014       -3.8145289857
         6.1266764115       -5.1563319930        3.8476472126
         0.7545984422       -8.7694454463       -3.3154793929
        -3.8952053755       -3.2337727428       -3.2588469112
         0.2041999138       -5.1708105330        8.2272233054
        -8.1218675368       -9.5489105288        0.2522365040
         9.2425966008       -3.6399008327       -6.5092094196
        -2.2089516617       -7.2483952388        6.0168630277
        -8.6802693632        9.8372614120        0.5624157871
        -9.2217939149        5.2260995035       -5.6048566046
        -0.6563118030        0.5591416107        3.6711806055
         2.8099555953        6.8823969496       -9.2618045000
         2.8355493959        9.7208601555        4.2742466976
         8.1406745666        0.7370601149       10.4014862080
        11.9801711851        3.1688155589        1.9089793740
         6.4376099298       -1.3131618625       -5.5978913528
         5.1435274199       -8.5043280759       -6.5011365660
         3.2292673619        3.9349361462       -6.9707747532
        12.0406169832        4.6078978554       -1.6630551299
        -1.5263133709       -9.3647882890       -0.2556628236
         1.2415663517        7.0748665386        6.5475921568
        -3.1390349708        6.8880720812        9.6575150418
        -2.3115204428       -0.5499700029       -5.4372936558
        -0.9194959767        5.6840425621       -4.0457947867
        -0.4109015761       -4.7262028646       11.8168167243
         0.3695902775       -2.6781270180        2.3639174408
         3.9163553991        4.7465532691        0.2562777623
        -4.6608790505      -11.0652254436        1.1256563172
         0.6429533554        7.7141197168       10.1104875721
        -3.3418866758       -3.8631523967       -6.9578339957
        11.9081430709        0.7970032220       -1.1527961421
         8.0306991431        8.2452520970        3.8375211833
         6.3286784738        5.4858767946       -8.4200495852
        11.5635338352       -1.5571185232       -4.2106469089
        11.0735904393       -6.8074262180       -0.0973157917
         1.4425614989        9.4435493196        0.7511885909
        -3.3677554505        2.8456566052        4.6863083387
        -1.5061212335        9.5846199416        7.4810262653
         0.1403028425       12.1512993207        5.1528873712
        -8.1356230456        6.8601417826        2.7485903677
        -5.9476511259       -1.4999556365       -0.5557712010
         4.2901141248        7.2841946208        8.8676111085
        -5.7895030948        2.3260777744      -10.1052108571
        -3.8726398354        5.7522732111       -6.3544492013
         4.9228402426       -0.0856437572      -11.8317576713
        -0.3867218469        4.3726183500        8.8710158772
        -8.4178883612        4.5708284344       -0.2694593352
         7.0031074649        6.3087910829       -1.1179969794
         3.7966486522        3.3134514362        3.7937481727
         5.5854996324        5.9375299843       -4.6917942495
        -6.4256850411       10.4737809633       -2.4940990826
         8.0341170949        9.6236397488        0.2204203143
         9.5669403641        0.1888378804       -7.0343639370
        -5.6293437509        2.2575267022       -1.0711521459
         4.5770875500       11.1394373862       -0.6522664797
        -4.3221031867        8.6658412381       -8.5778377363
         8.8571642610        1.6509197079        3.2635905116
         1.4243489733       -9.4740991248       -7.0183284225
        -6.8583018496       -3.3371377524       -5.5038389305
        -2.7300868011       -4.4468381569      -10.6188142737
       -11.8911846184       -1.6322841011       -4.9910246222
         7.8234210739        6.7146679543        7.3852097543
        -0.7098016795       -7.6117787636       -9.6612594688
        -6.7580982379       -9.3048388934        3.8666449064
        -4.0134467133       -4.6638613165        0.2718937800
         5.8199506269        9.8971456539        6.5115823415
         5.9233957212       11.3438558492        2.9437090756
         5.1839822894        8.8783375961       -6.9405234742
         4.2516662150       -8.6157821462        9.0508366250
        -0.2219107999      -12.0549269499       -4.6889398864
         4.8322709829        6.6015623979        5.1662252010
        -4.1175060721       11.0207770415       -5.5284270090
         3.5947709050        0.9900870075       -4.6159617470
        -1.0646428863       -1.6468725697      -12.6643801385
         3.9022374382        3.4238439997      -10.6318759483
        -7.2637231278       10.2207093871        4.1232803005
         0.2632998408        3.7924498344        5.1912445835
         6.9796066698        4.9121351501        2.4666446001
         0.1412246442        2.3607393887       -5.4421249515
        -4.0138350475       -3.4385828299       11.0739314312
        -7.0681292308       -4.8361480685       -1.9693015055
         0.7785572567        1.8534996387       -9.0741438220
        -2.6156002092       -4.2960630638        3.8063759422
         2.8211786289        1.4590861921       -1.0152878177
        -3.5784769965       11.2398834661        4.6576287180
        -9.8470912848       -3.9532275886        7.9000972202
         6.6734536471        2.4956435248       -6.0553807030
        -5.7463578344        0.8251253688        2.4666926027
        11.5838363114       -3.0312943830       -0.6277021968
         3.4881434141      -11.1403049832       -4.1947431609
         2.7058802976        0.0943837629        2.3593172858
         1.6884661569       -5.4498344537       -1.9231124431
         2.5212422161        4.3807208117       -3.2714827393
        -3.2344165916      -10.7033273722        4.7095847539
        -3.6536792484       -7.7065457005        2.4875840924
         3.2764350561       -2.7677317892       -4.1005346840
         4.4206054074       -7.8135395006       -2.8056814484
        -3.3805213449        2.8418449224       -4.0921853767
        11.7935286002       -0.6649778887        2.4357264398
        -0.8448113819        8.8546977336        3.8081441460
         1.5533956754        1.1990373940        9.7012142518
         5.8538479297        1.5772677710        1.0853515417
        -1.3089605187        1.1151622978        7.3218724091
        -0.2982250889        5.2625816673       -7.7231574566
        -2.9188754447       -9.6395670202       -3.7910601149
        -5.8869564391       -9.8065693650       -6.0441411836
         5.8380206398       -7.4445495976        0.7684273503
         1.2315284213      -11.8730954957       -1.1317707561
        -1.7833695905        5.5280634812        2.4588872011
        -5.2462473514        8.6093866820        6.9609226686
       -11.9431624606       -2.1883350581        5.1766873726
         3.5791930250       -8.0379122519        3.7956886467
         0.8602130326        3.1134638937        1.5695361066
         0.8246080919       -5.6003099625        4.5711393084
         1.8414112530        6.4026159201        2.9248043482
         5.6665087029        0.1456489320        4.5616054753
         3.0414446674       -6.7374578675       -9.2381397811
        -6.3215115526       -3.9540542463       -9.2438207397
         5.5360802700       -2.1738362069        1.5998574735
        -5.6782851785       -5.8714766745        5.1869246848
        -6.8341867692        5.7446172912       -8.6117770515
        -7.3047374376        1.9445665970        9.6657203212
        -8.8775909485        7.4913143827        6.3303498457
       -11.8759665360        0.7369724304       -1.9617527461
        -1.3150124766       11.9544032504        1.6018242791
        -5.9322435237        7.5205787833       -0.2743554298
        11.4952817832       -2.1057576434        5.9882717033
        -0.7486419035        8.1755995438       -9.9462773381
        -4.6525091999       -1.1624302654      -11.3483834800
        -2.8147937217        2.3589555544       -7.8112654339
        -2.8081225083       -0.0087452841       -1.7981013422
         0.3382639167        4.7601970909      -11.3582140480
        -2.6167618437        2.2068476993        1.0860262882
        -8.5437108944        3.1137930656        3.3061544618
