        -1.9537473831        1.6644796359       10.9285763835
       -8.5347093005        3.1083688430        3.2688162601
       -2.6084265828        2.1997358717        1.0331886932
        0.3445989421        4.7558191431      -11.3955374895
       -2.8012826975       -0.0159816594       -1.8466388713
       -2.8091972079        2.3541785423       -7.8508439761
       -4.6471754251       -1.1679970926      -11.3857095608
       -0.7425647769        8.1717512423       -9.9827458299
       11.4969346605       -2.1109771114        5.9581807776
       -5.9251789653        7.5158739509       -0.3113016300
       -1.3103216739       11.9479388892        1.5726188806
      -11.8723624478        0.7321781348       -1.9944771829
       -8.8662347593        7.4816992303        6.3052856460
       -7.2398913781        1.9360548320        9.6437385459
       -6.8295700304        5.7406730724       -8.6468110473
       -5.6710923104       -5.8749669901        5.1489663367
        5.5464124863       -2.1819118180        1.5556791150
       -6.3170869717       -3.9604017525       -9.2806021200
        3.0485900441       -6.7447549313       -9.2758285869
        5.6778635983        0.1385075408        4.5165667083
        1.8508162606        6.3986646273        2.8789345911
        0.8334953723       -5.6103795238        4.5261044254
        0.8701423536        3.1067681314        1.5169212553
        3.5868011425       -8.0435075710        3.7589704972
      -11.9288308262       -2.1889711561        5.1515323919
       -5.2317285839        8.5895081512        6.9404978283
       -1.7749178950        5.5236706240        2.4063437304
        1.2376175668      -11.8808966944       -1.1651165509
        5.8470103425       -7.4518730290        0.7314657245
       -5.8823352789       -9.8135018735       -6.0789334861
       -2.9136712276       -9.6484919282       -3.8276172197
       -0.2917402100        5.2582752400       -7.7616995971
       -1.2970625739        1.1050222048        7.2553122966
        5.8643677726        1.5714162505        1.0408697205
        1.5813837089        1.1864687998        9.6268948795
       -0.8371298148        8.8468995576        3.7709364001
       11.8002165551       -0.6698711963        2.4041807874
       -3.3745798360        2.8367705391       -4.1345169054
        4.4283235507       -7.8212439811       -2.8420020665
        3.2843088218       -2.7744355751       -4.1430793319
       -3.6477439221       -7.7148294268        2.4490336165
       -3.2293835838      -10.7057778990        4.6798202898
        2.5295181424        4.3762562938       -3.3134883445
        1.6964135477       -5.4581922184       -1.9645877474
        2.7166557452        0.0863027752        2.3070629403
        3.4947913990      -11.1475748641       -4.2289127758
       11.5924071873       -3.0371383011       -0.6608983137
       -5.7406820141        0.8174367014        2.4141516299
        6.6816276288        2.4906661259       -6.0935199979
       -9.8348743213       -3.9526824675        7.8736343324
       -3.5709614570       11.2241676726        4.6330423557
        2.8313241817        1.4527131484       -1.0633640796
       -2.6077312730       -4.3073401918        3.7547728198
        0.7855079636        1.8480048447       -9.1138036737
       -7.0639321540       -4.8433857784       -2.0067712265
       -3.9849378093       -3.3882902397       11.0365659743
        0.1487691862        2.3545761472       -5.4848083315
        6.9887100922        4.9076158718        2.4280922936
        0.2783731019        3.7896168931        5.1235371887
       -7.2530795977       10.2086311458        4.0992160279
        3.9096353966        3.4195224545      -10.6699687688
       -1.0587588127       -1.6526236905      -12.7027146743
        3.6026780916        0.9837794265       -4.6585590204
       -4.1122709138       11.0179895940       -5.5625861172
        4.8368649073        6.5949891650        5.1282779976
       -0.2157238886      -12.0624819493       -4.7233581402
        4.2518924118       -8.6108204176        9.0223094742
        5.1909626012        8.8750110893       -6.9752262187
        5.9281427736       11.3356834530        2.9146274366
        5.8187070562        9.8847658304        6.4854404827
       -4.0069456403       -4.6729373351        0.2271815379
       -6.7512290339       -9.3080183385        3.8373190953
       -0.7036773389       -7.6186404417       -9.6982469994
        7.8179778836        6.7040945818        7.3575216469
      -11.8876390882       -1.6374963960       -5.0251242266
       -2.7246301965       -4.4534636464      -10.6569070633
       -6.8540185570       -3.3434774889       -5.5409810069
        1.4309217552       -9.4818964927       -7.0545054682
        8.8640740386        1.6462751639        3.2266058377
       -4.3171913097        8.6623629016       -8.6130974536
        4.5831553242       11.1355581654       -0.6840724288
       -5.6238984280        2.2513914308       -1.1164995538
        9.5756816652        0.1836166895       -7.0705410722
        8.0406674380        9.6184081451        0.1886958094
       -6.4193448759       10.4696190439       -2.5260250675
        5.5935584735        5.9338630112       -4.7286632253
        3.8090098650        3.3075062512        3.7421393731
        7.0123423039        6.3043794002       -1.1553525483
       -8.4121127265        4.5645909962       -0.3064052910
       -0.3674105310        4.3742417728        8.7929861881
        4.9304707971       -0.0909399760      -11.8698476415
       -3.8673990392        5.7486238397       -6.3918253402
       -5.7849249796        2.3215462238      -10.1422389841
        4.2821284010        7.2653882189        8.8430003259
       -5.9422958315       -1.5071556971       -0.6009743080
       -8.1285523921        6.8541279445        2.7162286388
        0.1433142801       12.1372310863        5.1277644407
       -1.5035528334        9.5616250569        7.4589409120
       -3.3617322924        2.8404642169        4.6173412390
        1.4483374359        9.4385086205        0.7140654225
       11.0816231003       -6.8139454827       -0.1304125882
       11.5717688759       -1.5625001498       -4.2448149279
        6.3364846134        5.4821877748       -8.4566261249
        8.0349449576        8.2389641581        3.8082076958
       11.9168068769        0.7922632429       -1.1861420047
       -3.3364754102       -3.8701183641       -6.9971145776
        0.6435786065        7.6996761163       10.0839162906
       -4.6559494736      -11.0721908116        1.0934986373
        3.9263264476        4.7415999617        0.2115623107
        0.3792948466       -2.6874797296        2.3116647952
       -0.4085033308       -4.7197075721       11.7873686136
       -0.9126454074        5.6803105993       -4.0880543210
       -2.3042331791       -0.5564398901       -5.4799788005
       -3.1196931561        6.8255581032        9.6356265941
        1.2502035412        7.0718796892        6.5065353386
       -1.5208920972       -9.3730438599       -0.2931206477
       12.0488631084        4.6039149531       -1.6964951979
        3.2369885532        3.9307134988       -7.0100565747
        5.1510058288       -8.5118894826       -6.5371876180
        6.4464586513       -1.3192312225       -5.6366919852
       11.9859258126        3.1648853648        1.8769116187
        8.1369229607        0.7334399439       10.3728067480
        2.8407740267        9.7143653292        4.2416318902
        2.8169047250        6.8790481731       -9.2985853479
       -0.6462277066        0.5505485840        3.6147707274
       -9.2180781279        5.2221834727       -5.6392140803
       -8.6716877235        9.8312080550        0.5336940832
       -2.2009322754       -7.2522135032        5.9791032680
        9.2512590725       -3.6460552257       -6.5452602975
       -8.1156497161       -9.5545445439        0.2205047767
        0.2122787313       -5.1803850735        8.1870655005
       -3.8894667899       -3.2412529015       -3.3008504888
        0.7611065760       -8.7774659647       -3.3519681757
        6.1355266807       -5.1638545365        3.8095030043
        9.0085682161        4.4998149292       -3.8510900206
        4.6013931243        1.2256144163       11.7775050009
        6.2608438940       -2.7637303804        6.8082308695
       -8.1046382676       -8.1731168968       -3.3999851192
       -6.4197606811       -5.4347098949        8.8640704821
        7.3731832541        1.9662955657       -9.7141489222
        8.5938368848       -9.7662400506       -0.1255145717
        0.2629240741       -4.3208776684       -8.2676749556
       -0.5527315032       -6.0438551971        1.0535038674
       -5.9875361788       -2.9032300482        2.8943669426
       -8.1956582021       -0.6729505805       -9.9680719950
        8.3364728224       -4.4975892130        0.7265644086
        2.6646875114      -11.5111454977        2.4221670469
       -6.0001818856      -11.2680035766       -2.5058219725
        8.9790158334        3.0873600774       -0.3137931300
       -0.2352681939       -2.2737020418        5.9551867286
        3.1558554779       10.7630931296       -4.2709837900
        8.7843195730       -7.4120101471       -5.9060960344
       10.0835138263        7.8187681151       -2.5374879576
        4.6076647536       -3.9015292220      -11.3471842599
        3.2227559288       -5.2400571565       10.5582569378
      -12.0586549838       -3.1047073339       -1.4667469045
        6.6751868881        9.3663313479       -3.4290840083
       -5.0328003812       10.9773074796        1.0549680321
        9.7516386223        4.0067833755       -7.4723066239
        6.0388469153       -5.0970891790       -5.0527775863
        8.7739443952        0.7314932203       -3.3677440479
        8.6635731450        0.1896236823        6.7332663029
       -0.4621925421        2.7598529859       -1.8512441308
        2.7230733323       -2.2808960630        8.2782949303
        5.2828061961       -4.4540036169       -1.4369581606
       -7.0904694655       -6.2398891960        1.5754495383
        8.5413008921       -2.1639257165        3.7492159520
       -0.4098320417       11.9833956429       -5.0477220237
       -6.7468999907       -2.4184073745        6.5222802425
        4.9500228785        8.0487502182        1.5517439092
        0.0415532715        9.0709650308       -2.8229152416
       -8.9372091813       -1.5842719439       -2.8052376271
        7.1745665950      -10.1354734643       -3.6956584677
       -6.3315185431        2.8244149197       -6.3869739203
        1.0129614841       12.4075831177       -1.4924826359
       -1.9304852644       -6.3348598403       -2.4400442081
      -11.5647553087        2.1740105141       -5.5479134772
        3.5723796128        7.7788907255       -2.0277122638
       -0.3663631110       -3.7263434617       -4.6507446748
        2.1239962654        7.3108722572       -5.5586571432
       -6.7186120147        8.1883387639       -5.6441350921
       10.1243192941        6.4677838617        1.0643988687
        0.5624265727       -0.4791548653       -3.1460166208
        6.3441338095      -10.4084559908        2.9355960600
       -6.1054271848        5.1539086870        5.4836554828
       -2.8925252444       -6.8346086479        9.7078610774
        8.0522479152       -6.7891429915       -2.3026877822
        1.6722368286       10.2240983824       -7.7802028130
       -9.6659083914       -0.1247691542        7.4750111682
        8.7655205129       -0.7158768949        0.1944850497
        7.1487916713       -1.8789819286       -9.2839011650
       -2.1924749036        1.8284052488      -11.5185330808
       -2.7376539927       11.5724786547       -2.0124618304
       -7.4626041350       -1.9200569401       10.0998759516
        8.6642072329        7.4491062316       -6.1075730800
      -11.4104954204        4.5465431040       -2.5161983627
       -6.5112562670        1.3840496781        6.0692446391
      -10.0792146630       -4.9431703344       -4.2449262527
        9.1495178265       -5.1619195916        6.0484895944
       -0.8854467381       -1.7409572310        9.6317516390
       11.8435489326        2.2484445454       -4.7471007349
       -3.3091812142       -3.8537984712        7.4394448182
       -1.7029780501       -1.1051201896       -9.1089042809
       10.0109318967        5.0067102692        4.6537524164
        1.2071089214       -1.0283868897       -6.7521431522
        1.8552350553       -1.5805528187      -10.3775330065
       -0.9534031926       -3.0386816549       -1.0559126133
       -5.2695616985       -8.8270920569        7.3832887346
        9.2217642654       -2.7129962469        9.0125246636
       -5.7594849316       -0.0715092079       -4.0785117425
       -3.6791800697       -0.9068729692        5.1313289216
       -9.2829620944        2.7694055194       -8.6033207203
        1.2929344920       -8.5572277611        6.7477778058
       -3.6633802950        8.1049084932       -3.3381262494
        2.3838344973       -6.1404104528       -5.6286933912
       -4.9073659571       -6.5277472335       -4.7079887470
        5.1547605279        0.6849348909        8.1773346151
        3.9664044187       -3.3552000584       -7.7526660334
        3.2943028893       -2.7683925770        4.5755143815
        2.2409468042       10.3778821610        7.8498591431
       -1.3317812449       -7.0189707396       -6.0777430007
        2.6816829550        4.5230922402       11.0234405601
      -11.6595057453        1.6253664404        4.6489672917
       -7.8778614804       -6.6339655882       -6.9494959955
       -4.0386620558        3.4169677840        8.2824590330
       -5.3587972974        4.5187674085        1.8763599991
        4.2893790259        0.4573790078       -8.2756023398
      -10.1984411649       -6.4059921511       -0.6549700473
        1.4284284374        1.2989600804      -12.7076115103
      -11.2838031312        5.4253088775        4.1071518221
       -2.2672641758        8.5811520080        0.2138641326
        3.7962998016       -5.6884431581        6.8130831272
        6.7681851968       -5.6882654491        9.0572673859
       -9.0127628609        7.5904404433       -2.5747316218
       -8.8409542723        0.7800517856        0.2268065828
        0.6736550597       -8.1233360688       10.3875006226
       11.8196507426        1.6985501469        5.4356630577
      -10.1617587947       -7.7584528313        2.9463056465
        4.0393226990      -10.9610411318        5.9728635139
      -11.9945382729       -0.7311870257        1.5936542414
       -2.4972961674      -12.6582383475       -1.6678563538
        2.1919183226       -8.5168727835        0.2074273216
       -9.0851698259       -4.4383376120        4.2651119964
        2.5277393042       -2.1309783443       -0.5718221695
        6.6482662096       -8.1301937596        6.0534141221
        4.9574390054      -10.9109581665       -0.6478352234
       -0.1143690681       -9.0085828154        3.2442828250
       -4.5049786798        7.8905128072        3.2608824214
       -9.0551453118       -3.0261376237        0.7347449486
       11.1990534985       -5.3595523011       -3.7035819772
       -2.4579929376        6.1941202725        6.0612644694
        9.7449021669        3.4624261065        8.1654989298
      -11.6699068518        3.1009500607        1.0680353392
        6.2611394766        4.0281875486        9.6898391051
        5.7278355701       -2.2672402118       10.5533248729
       -4.3423711630       -7.1905763632       -8.4356013306
        8.9387474753       -7.5273915348        2.9839880040
        0.9061172890       -4.8667028364      -11.8619243941
       -1.0839280078      -12.3453132998        1.9026438775
       -1.7468173627      -10.1749760706        8.1881241258
       -8.8545765404       -0.6675290926        3.7867213574
        2.2106341793        0.6288883196        5.9503711730
        3.0931933383       -5.0931851099        1.5605090750
       -9.8052905559       -3.3964617713       -7.7576055725
        3.2491366193        3.9290592370        7.4265326323
        5.9118658286        2.9717800968       -2.4554844234
       -5.2442992576       -0.6190035673       -7.7519488763
       -1.3663124890        8.6174256823       -6.3329846714
      -11.1581818089        6.8804468707        0.5385895565
       -8.6141078443        2.2298031500       -3.3283791314
        2.4270764102       12.7251961535        2.0770970470
        0.4769087745        6.1106141902       -0.6136126011
       -8.7445621968       -7.3976921486        6.5141130242
       -8.7346616832       -0.1267088456       -6.3184776817
        0.3388068330      -11.9259457566        5.4582668355
       11.3381363980       -4.4819955030        2.9257637417
        5.6635644099       -0.7503126277       -1.9723983715
       -3.1740857851        5.1586221781       -1.1213228074
      -12.1260872980       -4.5452694311        2.1057496883
       -2.3077198663      -10.3042447850       -7.4485638613
        6.7253128793       -5.6815410511       -8.6651657110
        2.1469323500       -1.7894131919       11.8892687132
       -9.3407801396        3.7132328021        6.9485878357
       -4.3588260369       -0.3624330479        8.8008445906
       -6.2107601635        5.2279499411       -3.3881634607
       -5.0261380502       -7.9818723526       -1.1316508854
       -3.2852823937        5.2879109370      -10.1471603424
        6.7838529282        3.4101707443        5.9614137895
       -2.9117870215       -1.3813062443        1.5243672137
        8.4541322573       -3.0437542146       -2.8499281770
       -6.8123817423        5.7555442979        9.0470845173
