        -4.4002980942        2.4992745916        8.4621449871
        8.7393053076       -2.0667806618       -2.9433907075
       -5.7587250913       -3.6558202126        2.6559489340
        6.4203933194        3.6450037091        6.2588818807
       -3.7064188517        5.6042620383       -9.8457906973
       -4.2635055665       -8.3443689672       -1.6975395258
       -6.6644373388        4.8464935590       -3.1336923084
       -6.5501252645       -3.4542487328        6.2896127995
       -9.7031178253        2.3866500780        7.0608159585
        2.2448460243       -2.3467737710       11.7909186882
        7.2857491224       -4.4757920624       -8.9364344608
       -1.3278990852       -6.3697199799       -2.8819546717
       -8.6877938414       -5.5429839359        3.8782392232
       -0.7313242072        2.9243995242       -1.7515146939
        5.7638609575       -0.0964356479       -1.9642260779
       11.7036092925       -3.5953545947        2.7738572213
        1.4175163952      -12.1872805859        4.7029717294
       -8.6727196925       -0.5332052970       -6.4390794031
       -9.4861497247       -5.3491097675        7.4998743882
        5.8019504895       10.1552604424       -2.7583235035
        3.5352062741       11.5475867358        0.0709917680
      -11.7832263849        3.6265626836       -2.3662062051
       -8.8211142870        3.7872408866       -0.1194910253
       -1.4945582347       12.2079569189       -4.2944045326
       -9.4604612888        2.4459214123       -8.5356212248
        5.6705518040        3.6865167713       -2.2128582373
        5.8128926836        3.9700317166       10.0075394564
       -9.4113225365       -3.7945674602       -8.0850452064
        0.0069162301       -6.1686931364        0.6698093942
        3.4910507603        5.0990003164        0.5605577553
       -8.8004465729       -1.7309281797        3.6382869325
        2.0517221477       -8.8452559823        6.2285680657
       -0.6410633077       -9.4582265927       -0.9047728138
        3.7236981261       -5.8350425862       -9.6577321135
        9.5950937977       -6.8512731394        2.6113057510
       -2.9256077342       -3.7163792124       -7.2828144320
        5.8630486489       -2.3997591120       10.4674510950
        7.9848365989        0.8215631785       10.5078805263
      -11.7839310999        4.0896423560        4.3081044224
       11.5968275766        2.4396051305        5.6761783336
       -0.1083376155        3.4911023841        5.4001212436
       11.6275977494        3.6362869459       -4.4627422058
       -8.7605621474       -3.9028463197        0.4357488293
       -1.6825460260        8.4969461367        4.3188030715
        0.7083005711       -9.1927545783        2.6760267569
        5.9634433089      -10.3540138566       -1.2775121999
        4.3081290096       -7.9213110369        3.2958146633
        3.4894346023        3.4273969190        4.0190486823
      -11.6808521751       -5.7819668821        1.6684252346
        2.9808188378       -8.2912874653       -0.3041917161
       -1.9850898484       -9.6424094256       -4.4772185087
      -11.8995975292       -1.9416074158        1.4004192387
        7.2775791122       -9.9552186092        2.3507004939
       -9.4262521167       -8.8529520856        2.3298269807
        8.6750249247        3.9282761267       -0.0140954728
        0.6476248892       -5.6674705709        7.8648307477
       -5.8521933393        0.1279760221        2.4106865230
       -9.6769391997        6.8811155493       -2.2037631339
        7.3505382174       -7.8607916602        5.6132861175
        8.5989597499        0.5626193199        6.8545257123
       -6.0475792714       10.3887545592        1.6828581470
       -8.8962629256       -0.0578251526        0.1693156973
        1.3791693384        2.2374261705      -12.6003338254
       -9.5654561340       -7.2770561225       -1.1815143308
        7.3569783404       -0.6142972773       -9.3103673894
       -5.8182890664        3.9087569850        2.1097711971
       -7.4657039125        0.6391039460        9.6657777062
       -7.1920907145       -6.8862059209       -7.4571089845
      -11.8046412261        0.2395212390        4.6047396718
        2.1944695572        4.0510331660       11.3289843908
       -1.2941787937       -9.9902302614       -8.1229404211
        1.2204045066       10.0353822402        8.5234885753
        3.5381501700       -2.7594416251        4.4657508476
        4.3177358914       -2.4777988703       -7.9213301771
        2.1215074656        0.4538348676        6.0542613479
       -7.2958343450       -8.6652488452       -4.0105547025
        2.3528771163       -8.8504204503       -7.6301326655
       -4.3917798473        7.9461600346       -2.8737489157
       -2.3034131697       -7.6924727980        9.2315688481
       -8.0465268541       -0.7928740652      -10.1037868261
       -1.4488035560        0.5192542997        7.3496807309
       -6.4957113033       -3.6111109167       -5.8374828467
        9.5680211219       -4.6744398515        5.8252916387
       -5.8859910972      -10.1327273953        3.1645509630
       -0.6834399086       -3.1567636155       -1.3124423126
       -2.2860465692        2.3508147881      -11.4207309161
        0.0105802889       -3.4655573966       -4.9175376925
        9.4870242113        5.6120516133        5.0825860649
        0.7162489201       -3.7498284649       -8.5414037143
       -5.9486634725       -6.5716020757        8.4338106874
        6.4174398636        7.0033281619       -0.6763734075
       -0.7814885528       -2.4298988324        9.5237467223
        6.4696228760       -2.6071061175        6.7102967763
       -6.5841473077       -5.3501760565       -2.3974720365
       -9.6725192978       -1.4993453706        7.3413926530
      -11.7718758223        5.7779618404        0.8337746902
        9.3386797403        8.8768683510       -1.9235644703
       -7.3244951764       -3.2499194650        9.8780294031
       -3.0644531475        8.3220368570        0.7268734153
       -4.4544785009       -0.8658156768      -11.5057680488
        4.2873463781        1.3815649330       -8.1999841405
        8.8120030109        0.0876759876        0.2533066890
       -4.3701744997       -1.3264208763        8.7383676933
        0.7626342663       10.8246269240       -7.1123507018
       11.6848735180       -5.7437153029       -0.4281295087
       -0.8430297619      -10.8129364866        7.5176913704
       -3.8069804444        5.8964072633       10.0155746819
        5.0164007078      -10.9161705644        5.3225969361
        0.6476199747       -0.2321082528       -3.2853307271
        7.2201390221        8.6997713249        4.4175799316
       -5.0608751514        8.7677888988       -8.1149930913
        4.3893213607        9.7553935832       -6.3498526530
       -0.0381494548        2.7229658462       -5.3643616297
       -0.0904786432        6.2002768764       -0.2232552969
      -11.6988649353        1.4465001826       -5.5456300537
        0.0596304335      -12.5045662014        1.1079752981
       -2.4290842057       11.6667907140        2.3058598571
       -6.5448779742        2.6329194559       -6.2883145640
        5.1685229373       -7.1977210641       -3.2847803592
      -11.7222847191       -4.1129905977       -1.8073947953
       -0.7881300777        9.2189529014       -2.2533031204
        4.1797782676        8.3790985634        2.1188921407
       -7.3856759191        4.5200136905        9.3170246538
       -2.1308361062        8.8669791236       -5.8136340657
        8.6754956007        2.2554912496        3.4377412802
       -6.5053705484       -6.9746371788        1.0973243112
        5.7301072049       -3.8768631971       -1.6667668077
        2.8820465568       -2.5491768606        8.1681144819
       -1.4242618684        5.8680854075       -3.7655490996
        9.3963248253       -2.4230311527        8.9433757559
       11.7064935539       -0.2113088230       -4.2033107069
        8.6899764809       -5.8720229812       -2.6392758764
        5.8567411322        6.5808910498       -8.0296539704
       -3.7954371241       11.3879379375       -1.3168967205
        2.8509069359        8.2072712378       -1.4954211548
       -8.7541744289       -2.2276401093       -3.0149072256
        1.3678218799       -8.6865756033        9.8752516680
        5.0270072129       -2.7312840305      -11.5302161601
       11.6427043878        4.1394195488        2.2153907187
        9.4841930302       -6.1833564979       -6.2672115227
        2.1682022227       11.2725936194       -3.5535646566
       -0.0597426112       -2.6804529151        5.8457197295
        6.5015390965        5.3806099611        2.8203784897
       -4.9169784469      -11.6074154728       -3.2864955955
       -0.0467120712        0.0167415818        0.2369667239
        3.7155893744      -11.3608173848        1.7250251035
       -2.1723957656        0.7785908910       11.0204141497
        5.7580612295       -1.7660057563        1.4924533184
       -5.1305254072       -0.6076930433       -7.8570367106
       -5.1453883349       -6.7094755934        4.7105227626
        2.8237973289       -1.9180229340       -0.7085959036
        1.4283026965       -4.0023309074      -12.1498106207
        8.1194191595       -9.1850570411       -4.2484652298
        7.2248415341        3.2592695775       -9.4949217346
       -2.9877294348       -4.6223550235        7.1575061752
       -4.2590027219       -6.6577260310       -5.1813294774
        7.2257074467       -5.6120818231        8.7695064308
        4.4074786225        0.8937601118       11.8979412667
        8.5999003986        5.5674085776       -3.4652261467
        6.5818373412       -4.8171539274        3.5566776756
        1.5981979579       -8.4587441746       -3.8994886953
       -3.5772037248       -3.3956588045       -3.5724915642
        3.6407584360       -5.5930184070       10.2549858618
       -7.2004423735      -10.2721808265       -0.4808821846
       11.6881763391       -4.0570267643       -3.9072692388
        1.3372114153       -5.8377354565        4.2088851631
       -9.5664113050        8.9470453050        1.0446310749
       -9.6414223106        4.7007290135       -5.4172322662
       -0.7416942078        0.2658248176        3.7625637044
        3.6427519410        4.4448407643      -10.3999606517
        3.5410931452        7.0644452870        9.3410916423
       -0.1349173258        7.0809486667       10.5653985953
        9.3470921327        3.8294823162        8.4919316396
        6.5895627531       -0.3556623615       -5.6445728594
        0.0675324010       -7.0252348463      -10.1792059508
        2.9054695740        4.6624316673       -6.7253263952
        8.7091788939        1.7591897593       -3.2196336063
       -1.2982709706      -12.7201246276       -2.4945463830
        0.5498659475        6.7478905980        6.9684169064
       -6.6105436672        4.2188663633        5.7355984987
       -2.2253960313       -0.4199397417       -5.5734762876
       -3.6259171232        2.7908067629       -4.0191669747
       -0.0359250051       -5.4910673857       11.4731232037
        3.5698648289       -4.9102753255        1.2832477180
        5.7279970783        2.0520602664        1.2167811538
       -2.2486261448      -11.2511735323        3.9605835259
        2.8325183473        3.7408915897        7.7139590672
       -4.9137182217       -9.9207430389       -6.7656429668
       11.8125394903        1.9682508231       -0.9950765141
        7.9793325500        8.6055803383       -5.5329855344
        9.3932450354        5.3667773098       -7.1011547765
        9.6015917898       -2.3525940525       -6.6603018139
        6.5342433170       -4.1944670823       -5.3042171882
       -2.3141169415        5.2119192580        2.7489489870
       -8.8305920151        2.0975257651        3.3618648398
       -2.4340765464        8.9017383683        8.0334334190
       -1.0208186048       11.7661380987        5.8874363498
       -8.7779423557        5.9058073388        3.0516132735
       -5.8144973371       -2.0246975551       -0.7705076328
        4.8443393431        9.9626725169        7.1710186107
       -5.9219547817        2.4207068698      -10.0576099451
       -4.3569150222        5.7768543605       -6.0791314891
        4.9966411306        1.1250979437      -11.8086548723
       -0.8302296083        3.7602064880        9.0768090277
       -8.7845814888        1.6340408969       -3.2937283554
        9.4836272531        7.3047867928        1.5892094409
       11.5939371117        5.8049869231       -1.2619692289
        5.0588433004        6.7313032281       -4.2904842529
       -7.3599305523        9.9824996437       -1.9433114369
        4.8387541777       11.6447625678        3.6936519391
        9.5710856420        1.5215916909       -6.9400259354
       -5.8446264188        1.8016802479       -1.0467798060
        1.2211019197       12.7571465797        2.9019331575
       -7.4261450577        7.8839125494       -5.2054378707
        5.6631775613        0.3783442180        4.6224752367
        2.9857588698       -5.5340523642       -5.9891195190
       -9.5604657552       -5.5806001100       -4.6748994242
       -2.2360190503       -4.0025024435      -10.9620084846
      -11.6684891179       -2.4111992656       -5.2670965368
        7.1269812074        6.9260848006        7.8642254959
        2.0630873380       -0.7394141585      -10.4658973829
       -3.6150803778      -11.5170477372        0.3368899527
       -2.9345277934       -8.1782914867        1.9182305844
        1.2408349386        6.4020078802        3.3251510952
        7.1180685651       10.3024166820        0.8880581294
        1.4698991577        7.8348596802       -5.0759200800
        4.2802390930       -5.7530816644        6.5009776703
        0.9401604702      -11.7207396999       -5.4845292383
        1.9058588986        9.6792779036        4.8910592711
       -5.0944924665       10.9364762649       -4.9142107640
        3.5496196535        1.6197707170       -4.5791830149
       -0.8261851058       -0.9314991209      -12.8111796907
        2.2225686163        7.6983546054       -8.8249879514
       -6.0604160452        7.6209316339        7.4090811180
       -3.0678677090        5.5551895911        6.4226671663
        0.5899227357        3.1889339944        1.7849585655
       -2.9752292801        2.5853943311       -7.7378152904
       -3.7254695358       -4.4554619871       10.7630002864
       -5.7495423114       -0.3470106356       -4.1790732556
       -1.5399820095       -0.6766222849       -9.2032841370
       -2.2352934974       -4.7985959321        3.4717282911
        2.7942033456        1.8403428425       -0.9799575809
        0.5611768198        9.4917743340        1.3269658738
       -8.0679899964       -8.5913480402        5.9365183371
        6.4737273413        3.4908786571       -5.8591148380
      -11.9301298378        1.9359817938        1.1204494458
       11.8430419784       -1.9054826352       -0.7153850247
        4.5487874510      -10.4963831900       -4.8876330687
        0.6377872408       -2.8898223018        2.2238569579
        2.2259983527       -5.1800729622       -2.3024683600
        2.1471784652        4.8298389420       -3.0252043288
       -4.4746789048       -9.7446053800        6.7550333345
       -3.5824098671       -5.0650183206       -0.1157098519
        3.5797362175       -2.2049471525       -4.3030306052
        9.4787651210       -8.9137230441       -0.6390474148
       -3.6611839347        4.9391198242       -0.8380289748
       11.8122441182        0.2734520269        2.4991168176
       -4.6344213067       10.5425746109        5.2902577402
        1.4063178084        0.7138097815        9.7329152048
        5.0356609887        0.6377982072        8.2843552763
       -3.6677076130        2.2339490407        4.7872992135
       -0.7354962848        5.7076266991       -7.4368441178
       -0.6375792394       -6.7275234996       -6.5390009429
       -3.6070298834       -7.0178216823       -8.9344505696
        6.5271246919       -6.9264541615        0.3293851471
        2.3485466198      -11.6307794645       -1.8998944784
       -5.2551888087        7.2351048039        3.7036958378
       -8.2082971193        9.2275530566        4.6499574523
      -11.7232841394       -3.6124793568        4.8642132610
        4.9917007044       -8.7521359963        8.5222656472
        2.7862386180        0.1973366620        2.4292626935
       -1.5541146987       -7.8137491472        5.4964681901
        4.1822332134        6.6935969947        5.6023024139
        8.7058708921       -1.6020951353        3.7162669160
        5.9681957755       -7.5735056744       -7.0076776599
       -5.8719258288       -3.9328127559       -9.5988728948
        8.7355100228       -3.7531746023        0.5405209206
       -2.8863444881       -1.8061940933        1.4526054553
       -7.2906463111        5.6300800426       -8.3608103384
       -3.6376741798       -1.5802818632        5.0626942665
       -9.5772588784        6.2216962826        6.6644387345
      -11.8908832405       -0.2445956201       -2.0908722071
       -0.1375214768       12.5334220380       -0.6998184591
       -6.6150711870        6.9571558378        0.0914205382
       11.6271948116       -1.4169693716        5.9546310296
       -0.0310182323        5.4903575441      -11.0828572453
        0.6670775980        2.4947532119       -8.9922752403
        1.3490942634       -0.4835178595       -6.8438606395
       -2.8806257880       -0.1639821310       -1.9570014823
       -1.4413358087        8.6982784778       -9.4722888570
       -2.9159263972        1.9506838278        1.1813513172
       -6.6649785796        0.3864188859        6.0787606569
