        -8.5145821672       -5.5331727236       -8.2321142557
        -8.4753479039       -9.0105870592        4.5080233838
        -6.2229579240        5.6215814293       -2.8467872399
         1.9450018916       -4.9562774095       -3.2309693383
         8.6414273827       -2.9617184868        2.5137659799
       -10.4796526536        4.1329094810       -5.6611445505
        -0.1168602123        4.9174437627        8.0721638691
        -5.1960988442        1.9704827114       -2.8115167060
         4.3215594884       -4.3739698517       -0.3097332370
        -5.2711485779      -10.3043164446        6.2192314127
         2.6665974559        2.2638998659        8.0127241013
        -8.3800943282        2.8524855070        3.6168748153
        -1.9922259953        2.7245967168       12.5648608485
        -7.3494733808       -5.3715091034        9.4459507349
         4.3932466438        4.3251202944        3.3699684272
         5.8249196913       -3.6095820748       -6.6526269056
        -3.2473791867       -0.9197770153        5.1761341448
         1.5168349925        3.6685818243       11.2998435434
        10.5167374443       -2.4137585213       -0.7529668214
        12.9357941901       -0.1765792575        0.9927951678
        -5.1664582060       -4.7246703137       -9.9356425268
         3.8780702373        4.2485306727       -4.1360503840
        -3.4649007935        0.6359541015        0.1631970533
         1.0651919534       -4.9209622808        8.0962754448
         7.5440275903        3.5557734824       -4.4620336080
        -9.4367711531        6.5323536103        3.7156911874
         1.0286311615        5.6155587962       -2.0904716825
         2.8776327641       -8.5524944577       -3.3014023832
         2.5052016306       11.6901527537       -0.3472309318
         3.3818485455       -4.1592507507       -9.5177689781
         1.4841715846        9.3771444772       -7.3588131718
        10.3796324699        5.9102504186        4.9686785820
        -3.8478202248       -8.1983834335       -3.6582341828
        -6.1064363792       -6.6696786973        6.1809512148
         3.0621862008        7.9030910866       -4.1987785922
         9.7051645203       -6.6372135580        2.5366603811
       -10.1798232246       -6.0842447518        2.6570965925
        -4.0442844688       -4.4150270635        4.0558110960
         5.6152048880       -5.8612600789       -3.5421352825
        -7.0652648282        1.4283323504        0.4008921674
        -4.2422675121        9.8195498748        6.4192853065
        -2.3558017066      -11.6906945181        4.1162130948
         4.9301139666       -9.8558930176        5.9875496018
       -13.1073488003        0.0122565521       -1.0839239647
        -2.2711147328       -2.2384219755       -1.7004124028
        11.5712739551        2.8961990378       -0.8797531432
        -7.1698927371        4.8216957224        9.7671481043
         2.1924586909       -2.7657826490       -6.2767681870
        -4.7700107687        2.0431268262        3.3302048241
         6.8866554265       -1.6201701080       -0.5127716388
        -1.2933892175        6.2991610362       11.2855416169
        -1.2128735614       -3.6674270112       -4.9187464165
        -5.9056460854       -1.5808573250       -1.5761164588
        -3.7061388425        2.4685807975      -12.3373178221
        -0.5070544723       -0.1475776701       -6.1954499346
         0.7436144459       -3.4462429476       -0.0839985998
         0.8718381944       -8.8022043616       -8.3277708251
         7.4622253540        0.0828026660        4.5457098375
         0.3220874669      -13.0140975949       -1.8727388381
        -0.6132818819       -9.4332135371       -1.8693090920
        -6.2309842149       -3.3115468638       -6.5202283754
        -3.9216757075       -1.0399274669       -4.7596362268
        -9.0386728504       -2.3806639586        7.7034929167
        10.4221355406       -0.8103024477       -5.9238425799
         1.9265239614       -1.3197307527        9.1898234638
        -8.1123004924        5.0340988732        0.4492174305
        -2.8969323183       -0.9024902975       11.6530775825
         5.4472306529        1.3295839707       -2.3500105440
        -2.3683350843        2.5953228660        6.1810701875
        12.2380020021       -3.7508149769        2.2733949675
         3.5347163165       -2.6364555561       12.2402196136
        -9.5074851308       -0.8059707930       -1.3468844552
         8.8690441619        2.2139331342       -7.7925864162
        -9.7545482087       -5.9554862969        6.4825785379
        10.0188618842        5.9209743315       -2.7487280795
         4.3280141318       -7.7638403892       -9.6547695562
        10.2844771003        5.9605268780        1.1217657558
         2.1787986402        7.2170459939        9.8879256749
        -0.9440652915       -0.2130400927      -12.5544583767
         4.2113734575      -12.0579570270        2.9080243847
        -8.2908790122       -3.8886880793       -3.3972622418
         5.1345333953        2.9666277341       -7.4224903221
         5.6063562892       -7.5710766371        9.0166998472
        -2.7550145273       10.4596425443        0.0265879349
        -3.2016183394        2.4663930887       -5.9599323863
         0.3352721431       -0.0231897573        6.0908859066
         4.2788229841       -0.5985872029       -8.5113705172
         9.0748949337        0.5739998820       -2.6197842048
         1.8237706429       -2.8953490202      -12.6621314732
        -8.4537450319        4.6342739056       -8.9039970442
         8.0700951407        3.6341339208        3.2052093005
        -0.3277537392       -9.3994514984        1.9979017359
         8.3999399658        5.3858863948        8.2413378751
        -7.8841830093        6.9982924961       -5.9215566999
        -5.7894386552        5.6903754510        3.4440614736
        -6.7470185632        9.3211624029        3.5030271656
         7.0018441159       -4.9895788706       -9.8663219648
        11.5367807102       -5.9988622136       -0.7859987261
         4.4098875787        7.8886025347       -9.3675602496
       -12.4111096886        3.5878221828       -2.3688980996
         6.6796007461       -3.4816334270        5.7562970180
        -0.5564902087        7.0759955576       -5.2031588875
         6.7617248747       -0.0225611752       -5.6330141037
        -2.5320382092       -5.8257231869        7.1741829001
        -4.4512795498        0.4299329759        8.4202999454
        -1.9981278263       -2.1768765238        1.9307651897
         5.3975053103       -0.4314072899        7.7482605848
        11.8078941118       -3.8143592666       -3.9578669230
        -3.2279903533       -8.0706813370        4.1078771317
        11.1285949855       -0.7051469797        4.3491548809
         3.2748674637       -0.8329674196       -0.2738432454
        -1.5034281522       -5.8509409542       -1.8346906810
         4.6519457837       -3.9686694159        8.9418841933
        -5.5617414883        0.2559510797       -7.8281010429
         8.9023712913       -8.8037304145       -0.5754654399
         4.5920488708       -2.2196971006       -3.4359791532
        -3.5196530331       -5.9414987148       -6.6794873141
        -0.0583238601       -5.0822830162       -8.1513599890
        -4.5066505849        4.1892608192        0.2088177789
        -2.3510128468       -7.3717237472       -9.9426455775
       -11.7075846803        5.8280044836        0.6906199478
        -0.7511412134       12.8041685542       -2.0698417050
        -3.0506694472        8.3794429116        3.2005347523
        -4.1702601472        6.0855946336       -6.0655329057
        -5.4596885988        7.7841567774        0.2397947684
        -5.6210329007       -1.5044692927        2.2518453677
         7.0124728943       -9.4231710229        2.7494991010
        -6.7153098062       -6.8385893981       -1.3956748315
        -5.3067167652       -3.1343266256        7.3371611977
         9.2670873270       -6.7014350567       -3.8123294861
        -8.7750414639       -9.0881267560        0.6862491595
        12.6719681072       -0.2160449413       -2.8582867255
         8.3075889031        8.8419762073       -4.5796052068
        -4.3577911987       -4.5115432662        0.3122370432
         9.1390195604       -1.2325529546        7.6380024239
        -1.4648622352       10.7199054498       -5.2256260978
        -2.0973415138        1.1517331270       -9.2894766030
         7.9375723535       -5.2109877070       -0.5471316922
        -5.6185759686      -10.5085865017        2.3891774302
         8.0018503681       -1.4020416318       -8.8978971093
       -10.0106918543       -2.4990573584       -6.4364660415
        -6.9332023912       -0.1473198463        5.5377167598
        -2.8719522986      -11.7712274895       -3.6046477127
        -1.6510577836       -9.5465383329        7.2695580995
         1.2957077424      -10.8877522826        5.1304678149
         3.5885610577        7.9811560918        3.4684453548
         8.6094077920        8.9205060666       -0.7380334891
        -0.3270698126       -7.3569063851       -5.0709881643
        -1.0300173345        8.6312607526        8.2353101435
         1.9975898438       -8.6288611180        8.2065966381
        -3.5527366978        3.9897518483        9.4238098569
        -3.4789233812        8.3119485158       -3.0342751131
         1.5364889423        2.0961965565       -8.4577830816
        -0.4866349947       12.8429774680        1.7812007596
        -1.5914729432        1.1379060676       -2.9019646008
        -7.1821557638        9.2540849869       -2.8461364266
         3.3782008444        8.0381344932       -0.3698165407
         8.2096432078       -3.0257858059       -3.7208351303
        -5.7743441172       -8.1911626611       -8.3930762260
         5.9403046188        6.5033532154       -6.2625932544
        -0.0558485910        3.4330466057      -11.5849742519
         7.1786780957        5.2029170968       -9.5301929131
        -7.0173814609        7.1262414858        6.6898888734
        -4.4930451095        7.5958372338        9.5573547756
         5.4545026726       -1.9811877676      -11.7242703238
        -0.8166995858        1.3411547654        9.3509545165
         5.7066509370        1.3684605934        1.4446197831
         6.5259731048        6.6464218176        1.3456793804
        -8.8152328086        2.7894080010       -2.6145907115
         0.5813857918      -12.9753556187        1.9772716916
        -9.2483220840       -0.7466347344        2.5218770174
        -5.8624962354      -10.5015629146       -1.4723919795
         0.7746111870        0.0443136553       12.4558296899
        -1.6851224670       -3.8364304399      -11.3952016476
       -10.3991449975       -6.1010815198       -1.2059161549
        -2.1299665697        4.7816800661        3.1286613054
        -3.7641109506       -4.5196366918       10.5531811897
        -3.3173296102        6.2152399071        6.3434957037
        -7.6374669163       -0.2659332183       -4.6415917828
         3.0721090948        0.7497888649       -5.2669610890
         2.6741561223       -6.2363495780       11.1451222569
        -6.5161978295       -1.7858472618       10.5864860580
         6.2639785356        6.6074056080       -2.4704351661
         2.0750526628        2.0422623660        1.6018740150
        -0.5119851504       -3.5730673528        5.0154630453
        -5.9949828787        3.4386582012        6.5518642018
         7.9010627401        3.6510240786       -0.6354800089
        -8.0650810974       -3.8127536889        0.5251143474
         5.0025424431        4.5608648078        9.8500413009
         3.3196930971        5.7965256171        6.6423719291
        -9.0737306972        8.6328226297        0.4804115306
        -6.3633006631       11.3639519965        0.2654136225
        -2.5538324925        4.7117010822       -3.0162465962
         6.0898214151        3.1095439145        6.4796599965
         0.3861406234       -7.2469716146        5.1077939964
        -9.3106345391        1.0746430827       -7.7296747629
         6.3443886826        1.6183452804      -10.6735439777
         1.1176364309       -6.4660773650      -11.3688559250
        -1.8447372060        6.8491499734        0.0000921061
        10.3069114399       -4.2929394301        5.5646978104
         1.2892637250        5.6532599811        1.7040869365
        -1.7062854920       -2.2654911433        8.3627410069
         2.1881928466       11.5210243146       -4.2067390567
        -4.4680836907       -1.1369990457      -11.2317357985
         4.1863698482        4.3393514881       -0.3870901708
        -1.2040805905       -5.7888436525        1.9924027995
         9.4466638848       -4.4206655033       -6.9422291347
         1.0244913118        3.5011518952        4.8327537782
       -11.9758700894        3.6434300551        3.8588274467
        11.7086185820        2.8796037442        2.9939226312
        -2.1656609792        8.4602937908       -8.3006819327
         7.0039730939       -1.7491567552       10.7981714446
        -5.1007438027        9.6901009643       -6.0877473088
         7.7154489761       -7.1643866049        5.8245143748
        -3.5415397228       -8.2005221340        0.2594116114
         3.0307945881       -2.6417533396        5.8639367756
       -10.5905122236        0.6417032465        5.8286393629
         9.5872403859        5.7920547591       -6.5708796560
        -2.6771377190      -11.8623370209        0.2538658241
         6.8506306283       -7.2942557948       -6.7870473715
         6.1919541300      -11.5342841860       -0.3607599179
       -10.6859796708        2.2391821528        0.6522243069
         4.2996695160        0.9692731805       11.1363839810
         2.3644885206        5.6535286346       -7.2597849541
         5.8999955697       10.2554310166        5.2318047517
         2.3763616904       -4.8887478216        2.9104430473
         6.7238724447        6.6202059363        5.1477954657
         6.5785604150       -9.4894201681       -3.5983585111
        -4.6304375006       -4.5654403452       -3.4395191533
       -11.3483747692       -2.9680349261        4.6444178171
         1.8272904905        2.0061926653       -2.0206420318
         3.3046105071       -8.4815043684        2.9305418272
         2.4558786814        9.5228860826        6.7844563996
         0.5982254579      -11.0050346706       -5.1434126435
         0.1435763457        7.1817818447        4.9755921351
         5.4547407462       10.3481037590       -2.4806411453
        -2.5956831262       -9.6915039153       -6.8720077625
         9.3385079064        0.6133451303        1.2322151506
        -6.8513819636        3.3130962720       -5.8521994022
         0.3419086645        3.3980434194       -5.1065963018
       -11.8804357730       -3.0331326671       -3.0755095535
        -0.9556165441       -7.1795290601       10.2598693633
         2.7187587721       11.5996343617        3.5219692940
        -0.7594768105       10.8261052207        5.0474348317
        -7.1017433486       -7.0139099890       -5.0795602053
         1.6516841815       -7.0269758395       -0.1111206575
        -2.8413321923        6.0656468513      -11.2369920313
        -6.4300542331       -6.7740456561        2.3949383781
         3.1482943370       -6.3864405729       -6.4395583061
        -3.9555159503       11.9566589231        3.2245678104
        -7.1705152305        1.5733061965      -10.8820283400
        -0.9414296868        3.2567754724       -0.0261833459
         8.2849572945       -4.7986362548        8.8068024062
         5.1075340135       10.1373011675       -6.3077508389
         0.4190013237        9.2651343814        1.7561278983
         9.8411655816        2.3592684758        6.3506592014
        -9.8739826554        6.4693017342       -2.6319719115
        -7.8886351057       -2.0003136104       -9.6173748353
        -4.3830953833       11.8906577947       -3.0068437424
         8.8356272057        8.9207365293        3.1094917440
         5.0210084250       -2.1546589720        2.7086286379
        -4.5783037691       -8.0595020612        9.2831776177
         0.6479482236       -1.5111581461       -9.4507285643
         6.0515188002       -5.7951798411        2.7485489351
        11.1784123163        2.8006491925       -4.7348064831
         0.1545538196        9.2265950030       -2.0958221868
         2.7270014022        0.7337240804      -11.7484337596
         4.0817180171       -9.9914021741       -6.5164469654
        -1.1925418802        1.2078159525        2.9541345275
         5.6312289394        8.0714918115        8.4039672964
         2.5795875325      -10.6282213915       -0.1269645869
         3.5946931029        4.3504254678      -10.6431388933
       -11.7437910723       -3.0678180292        0.7864215748
         5.7204542372       10.3875634080        1.3898473832
         0.7881476079        7.0078164962      -10.3471837444
        -4.8218492813        3.7982129318       -9.0359024758
         1.0055991689       -1.3812120477       -3.0545117257
        -2.8347979881       -2.4313978109       -8.1102871299
         3.7920759947      -12.1290273465       -3.3206374310
        -5.6255868200        1.8142776951       11.6326310530
        -5.7750445552        7.4038103253       -9.1158367658
        -9.6132505854        4.2509565466        6.8417936488
         5.2822838254       -7.9584497805       -0.3375512134
         3.7559743092        0.8516548020        4.6723137302
       -11.3083057704        0.5441209106       -4.4440509417
         1.4177499199       -1.3241322446        2.8008133875
        -8.1709156372        1.2344372687        8.8038729004
        -7.7119887342       -3.7212700688        4.3712584158
       -12.8435046641        0.0465892192        2.7658193638
        -1.2340339089        4.7488040179       -8.1875575485
        -0.1134372412       -3.6024401288       11.4895821269
         3.9985016979       -6.2548732831        5.9648693999
         7.7359311029        1.8267118366        9.5615103946
