       -11.9981725643        1.1159586042        3.5176222045
         9.9943380876       -6.7636720132       -0.4677450973
         8.5095344433       -6.3832040138        5.7179860345
         2.5555810875        6.0443431974       -6.9556724887
         1.1264426375       -4.5877527878       12.2004257140
         4.8126560572       -6.7296674421        4.7954541509
         2.1323806422      -12.0625997278       -2.7425857379
        -2.3137285168       -3.0153410164       11.4632999822
        -0.5003183165       -0.2448642282        9.5465274142
         2.6122737992        5.6236421727        0.2811480144
        -4.3873595401       -3.3635890703       -2.8223592738
       -10.3268464835       -1.2008872257        6.1454823640
         4.3269086269        8.7685882610       -8.6923205572
        -7.9913533202        3.6564534426        1.1133414995
        -5.4445653477       -2.7957797770       -6.4039994853
        -2.3650635664        0.9727657307        2.5171828571
       -12.4214855824       -4.0404726693       -0.7402615412
        -1.8177356959       -2.3078402571       -5.4679142105
        -2.5555813825       -6.0443437591        6.9556734226
        -0.6267440608       -9.2559801832        7.7321964965
        -0.0000003180       -0.0000000529        0.0000004040
        -2.6122729770       -5.6236421448       -0.2811476789
        -8.5095354506        6.3832044742       -5.7179864596
         0.1606125357       -5.7356554489        2.3674531288
        -6.1525447105       -9.2773919938       -6.8733449936
        -5.4861185713        0.8016645398       -7.7914249363
         1.0544143712       -5.9646832832       -1.3561468326
        -0.5978035993        3.3577828787        8.1755004111
         9.3364830777       -8.7337228648        2.7782881496
        -8.2035550379       10.1721147953        0.6296605668
        -9.0291704353        0.2664922422        9.4641323764
        -1.6068222399       -6.7056699130       10.4893892134
         1.6999840494        5.7897054518        3.9616638412
       -10.4917463639        4.6878681477        3.7148359423
        -3.9652656394        4.9403206677        7.1635427588
         9.0207344176       -2.1871379690        2.2998340979
         6.1600243774       11.0959547128       -3.1781432994
         4.9120018159      -12.1257713339       -0.0679511089
        -6.1600241707      -11.0959546585        3.1781430368
         4.0106383566      -11.8948051869        3.6871537824
         6.7632081202       -5.0533475220       -4.4910084184
         3.5611802062        8.2127109329        9.5412828939
        10.1449057082       -2.8626133871        5.8939937115
         5.2811613014        3.1345617821       -0.9012396001
         2.6810908677      -10.1035808263       -6.0483260524
        -5.4898676304       10.2170428578        3.3654403038
         6.6011442676        0.7341376830       -6.8798542848
         4.8241541136       -4.9316782628       11.1163311287
        -6.4522875885        1.4266690882      -11.2915599956
         3.5229847799       -7.0821473999       -3.9878137301
        -2.8676127333        1.8503950421      -10.3681017229
        -0.8450725586       -2.8780978651       -1.9693672087
        -4.7576626193        1.9568578471        5.0636725347
        -8.3922717150        1.5463389419        4.3156793656
         4.4866237609       -0.1812405909        4.2855260203
        -1.4462020527        0.3705738229        6.0249110847
        -7.8277743757       -2.1851053031        3.5245076031
         0.3682728919        2.7584113834       11.7519517256
        -4.3624401128      -11.5565670453       -4.3106320836
         2.7931131235        1.7099081041        8.9844977150
        -4.8126566491        6.7296672797       -4.7954546691
        -6.3947940756        5.9377153376        9.7476588108
         8.3922709091       -1.5463386679       -4.3156789921
        -2.6938013955       -5.2564089823       -7.5206421234
       -10.8192755193        2.5456684670        6.9014196488
        -1.0544138526        5.9646827845        1.3561462484
        -8.8727182650       -6.8023106246       -5.7077620388
        -5.7204639213       -1.3869678995       10.5454009870
        -3.4699675396       -0.4300461143       -0.8064694554
        -9.0623459662       -3.2612824652       -7.2863397890
         6.2719251022       -7.1035915663       -1.2838995622
        -2.1323801782       12.0625989822        2.7425851154
        -0.3248126838       11.5994276427       -4.7877880106
        -2.6810901961       10.1035793517        6.0483248248
       -10.1449068292        2.8626139193       -5.8939941178
         0.4692643403       -0.8701859454       13.0456617013
         3.4699673584        0.4300465862        0.8064695909
         3.9652660390       -4.9403216321       -7.1635431721
        -0.2677234504       -6.3491262745      -10.2698470808
         5.4861183247       -0.8016641637        7.7914249002
        -5.9491735650       -4.4222525996        6.0413155201
        -4.8241544482        4.9316783304      -11.1163314012
        -2.9247072632        0.7494255912       12.1843994742
         2.3650627250       -0.9727662472       -2.5171826230
         1.5876294910       11.8574149066        1.6534682881
         3.0384617514       -4.3867846887      -10.8340529658
         7.9913524521       -3.6564530103       -1.1133419197
         6.2537739494        6.1728053599        1.1214656524
        -7.1943159206        2.9590698339        7.6570502691
        -3.1254521851        7.9182671065        9.2253845488
        -9.6667470594       -4.9349810047        5.2964889036
         1.6068222367        6.7056696233      -10.4893883990
       -11.5201210086       -4.2714388734       -4.4953662945
         0.8450725090        2.8780981555        1.9693673202
        -8.0800288371       -8.9548982403        0.6129794125
        -1.8821064796        2.9882644575       -0.6355750972
       -13.0786638989       -0.3229052297        0.1049746466
       -11.0051015479        5.2602891708       -2.9651766329
       -11.6297110253        3.2430818731        0.2917372160
        12.5834573132       -1.7437115526        3.1277453938
         6.3947945839       -5.9377155851       -9.7476592829
        -6.9803352716       -0.8650993231       -1.6223281819
         7.9567922206        3.8314444084        3.6682355812
         9.5162229186       -0.1193421264       -0.9347302514
         0.6267437724        9.2559799096       -7.7321961902
        11.5201217091        4.2714394771        4.4953664308
        -3.8651053950        1.3634580235        8.6399306131
        -3.3636772449      -11.2089154553        5.8491539308
         0.7115233234        8.8219251379       -0.3718203616
         3.1254529119       -7.9182680819       -9.2253854955
         6.1525460437        9.2773930052        6.8733451156
         4.3873598744        3.3635892405        2.8223602258
         5.2446867566        8.0697249601       -5.1495133259
         9.6667471675        4.9349811165       -5.2964885033
         0.3248126620      -11.5994277001        4.7877880401
         9.0734653664       -0.3665284068        8.6667772132
         2.9784941507       -9.0583624018       -0.7218693094
         2.8721500303       -3.6568428974        4.1117672732
        -1.1264426473        4.5877527504      -12.2004254317
         0.2043020232       -8.9462963940       -3.3717193990
        10.6802883710        6.3391392833       -1.8226111004
        -3.0874056267        9.6014351847       -6.6432830570
        -5.4417748369        2.6010945367       -1.4662130607
         1.1397758096       -6.4714731830        5.9406935379
         4.1577386742        1.7082376553       -4.2805967406
         2.4930005202       11.6254226606       -2.1183295903
         3.7608174928        1.0834714046       12.4839525690
         5.2828972762       11.3728997817        0.5685760243
        -3.5611797850       -8.2127108351       -9.5412838049
         1.8177357423        2.3078399266        5.4679143053
        -3.7861251869        6.0113214176       -1.2785503479
         1.2211486716      -11.9708782382        1.0294162599
        -6.4594612056       -2.1918680317       -9.9661384380
         8.2035548232      -10.1721152039       -0.6296607694
        -5.0603645219       -5.1210611869        9.6964079029
         7.8277740713        2.1851059595       -3.5245072363
        12.4214862141        4.0404729817        0.7402617337
        -0.3682728962       -2.7584117459      -11.7519518332
         5.8084562885       -7.3953680957        8.3153787904
       -11.4648100715       -2.6456732600        2.7223838398
        -2.8721506215        3.6568427804       -4.1117676499
        -7.9567915990       -3.8314434184       -3.6682352834
         5.0603641198        5.1210608218       -9.6964069653
         5.2866460435        6.3216983774        4.8511816147
         2.5706364940        8.7549238123        5.9906438695
         5.9491733046        4.4222523919       -6.0413148818
        -8.8586702467       -3.6003457676        0.0890118875
        -0.1606125934        5.7356551026       -2.3674532762
        -5.9328259369        0.5518163181        1.7393848500
       -10.6802874817       -6.3391387201        1.8226112703
         0.7945374392        3.3158019834       -5.1867663776
         6.9803349665        0.8651002954        1.6223282422
         8.7331610989       -8.1447972369       -3.8690209385
         9.8780928275        6.6655921936        1.9611256128
        10.8192745953       -2.5456686095       -6.9014191924
        -7.0827469882       -5.8614644633        2.6314214374
         6.7451184172       -9.7984040946        5.4462264636
        -1.2211483748       11.9708777690       -1.0294164790
        -0.1695229627       -9.8338770840       -8.6274473118
        -2.9784935328        9.0583617064        0.7218687547
         9.1911409426       -6.0506776717       -7.0766483877
         1.8821058128       -2.9882650181        0.6355748882
         5.4417739278       -2.6010939026        1.4662128224
        11.9981718680       -1.1159584127       -3.5176220749
        -3.2583103448       -2.3696943265        7.8891624992
         2.0766158480       -8.8272647645        3.0353778667
        -6.7451187015        9.7984041457       -5.4462263526
         8.8727195562        6.8023115147        5.7077624790
         6.4594612048        2.1918684656        9.9661386067
         1.4462015130       -0.3705746544       -6.0249107733
        10.5553381511        1.3081643238        2.4532092439
        -9.3364837868        8.7337231223       -2.7782882798
        -8.0569537118       -0.2545817588       -5.1446234438
        -0.1572349510        3.9645513182       -8.7008090020
         3.7861250468       -6.0113215743        1.2785498045
        -3.5229841656        7.0821462447        3.9878129633
        13.0786634023        0.3229051023       -0.1049745008
         1.8963764760       -1.2236820050        6.8565142344
        -3.6760733886       -4.6672305551      -11.0579652936
        -1.5876287958      -11.8574150759       -1.6534686296
        -8.7331608834        8.1447967959        3.8690207931
         0.9427001048       -0.6082998595        3.4084157214
        -3.0384614800        4.3867839527       10.8340526016
         1.5454659961       -3.9154049423       -4.5617446404
        -3.8570566339        4.3086734353       -7.6160962966
         3.8651049316       -1.3634589262       -8.6399304141
         6.2946904284       -2.3628924477      -11.2232045820
        -4.9120016893       12.1257705901        0.0679509044
       -12.5834581277        1.7437115162       -3.1277455409
        -1.5918000066       -8.4860630353        4.1108833360
        -6.6011449877       -0.7341379874        6.8798548307
         0.2677238516        6.3491257387       10.2698462929
         0.5978037353       -3.3577836578       -8.1755005902
        -5.7252023451        9.0900411102       -1.9333639561
       -11.6202261383       -0.6966166487       -5.9709126122
         0.1572347851       -3.9645515384        8.7008093457
         2.3137283297        3.0153406938      -11.4632995484
        -8.4083499808       -3.4546321450        8.6568089709
        11.6297096891       -3.2430815838       -0.2917373495
        -4.3897421862       -8.3730374807        1.4383489985
        -9.9943388271        6.7636720713        0.4677450335
        -6.2537730501       -6.1728043630       -1.1214649065
        -6.2719252115        7.1035911807        1.2838990237
         5.7204632890        1.3869676075      -10.5454003771
        -3.4683557769       -5.3365778237        3.4054178710
         3.8570561530       -4.3086733977        7.6160958476
         4.3897430018        8.3730377876       -1.4383485360
         8.8586705795        3.6003468788       -0.0890115870
         8.8514937909        8.5858138192       -4.3705352835
         0.5003180615        0.2448637349       -9.5465271850
        -1.7241411069       -2.6528455835        1.6928541927
        -2.1198925086        7.1502595657       -9.4990890136
        -1.8963767001        1.2236818196       -6.8565139024
        -2.0766158354        8.8272644250       -3.0353783858
        11.4648101530        2.6456736228       -2.7223834858
        -7.5420220141        3.9320282324       -8.5737924262
         7.1746585322        9.1868916760        3.1588188469
        -0.6647294675      -11.9004941480       -5.3947267454
        -5.9872754101        8.1412385471        6.6125314956
        -4.4866242694        0.1812407450       -4.2855259989
        -7.4055002438        5.6643791344       -2.1259941724
        -7.1746572394       -9.1868905702       -3.1588185985
        -3.4955185556       -8.6021729302       -2.2870065961
         2.9247070796       -0.7494261545      -12.1843992498
         3.2583098177        2.3696935917       -7.8891618472
         7.7185661798        7.1474222292       -7.7784844309
         8.0569530557        0.2545824964        5.1446232771
        -9.5162236101        0.1193430745        0.9347300834
         1.7241406809        2.6528454695       -1.6928537703
        -0.7115226182       -8.8219255053        0.3718198274
        -7.7185661176       -7.1474224948        7.7784849755
        -5.2446865909       -8.0697251480        5.1495140419
         4.7576620828       -1.9568582436       -5.0636722535
         8.0800299668        8.9548991581       -0.6129792712
        -4.3269087725       -8.7685887287        8.6923217872
         5.4445657461        2.7957801659        6.4039999007
        11.0051004863       -5.2602888549        2.9651765168
        -2.5706353008       -8.7549235297       -5.9906444937
         3.3636770756       11.2089156282       -5.8491537789
        -0.2043009009        8.9462958685        3.3717185567
         7.1943154768       -2.9590703224       -7.6570500179
        -8.8514933206       -8.5858136285        4.3705354172
         7.5420212475       -3.9320276013        8.5737920584
        -5.2828962247      -11.3728989638       -0.5685761680
         2.1198921793       -7.1502594169        9.4990886852
        -6.3589112232       -5.7825816580       -8.4840331308
         6.3589120361        5.7825823207        8.4840333666
         9.0291698998       -0.2664922452       -9.4641317337
        -5.2866447469       -6.3216975871       -4.8511811898
        -4.0106383035       11.8948051139       -3.6871538479
         1.5918001809        8.4860628625       -4.1108834255
         6.5184486930       -3.2790349054        5.0228125446
         8.4083494544        3.4546319122       -8.6568084200
        -3.7608174378       -1.0834709716      -12.4839522666
        -0.6997899718        6.8784991972        6.6062834969
         3.4955198292        8.6021734851        2.2870063714
        -4.3183514553        4.0274178398        1.9131433543
        -6.5184494987        3.2790352443       -5.0228130963
        -4.1577391801       -1.7082378437        4.2805975525
        -5.2811613157       -3.1345607792        0.9012404731
        -0.9427005053        0.6082996936       -3.4084150499
        -9.1911407724        6.0506770218        7.0766481095
         4.3624408103       11.5565676821        4.3106319614
         2.8676127472       -1.8503948903       10.3681019966
         9.0623463776        3.2612831240        7.2863399624
        -9.0207352198        2.1871387906       -2.2998345644
        -2.7931130951       -1.7099081734       -8.9844974868
       -10.5553383916       -1.3081635678       -2.4532094711
        -0.4692642449        0.8701858424      -13.0456614865
        -9.8780917564       -6.6655913042       -1.9611253620
        -6.7632082362        5.0533468665        4.4910078986
         0.1695232653        9.8338764783        8.6274463512
        11.6202255524        0.6966169784        5.9709119960
        -9.0734656472        0.3665290162       -8.6667774280
        -5.8084566412        7.3953684603       -8.3153791057
        10.3268460297        1.2008873515       -6.1454819065
         5.7252022021       -9.0900413702        1.9333636812
         2.6938021283        5.2564086855        7.5206416420
         0.6647296904       11.9004938304        5.3947261619
         4.3183515559       -4.0274179826       -1.9131434660
         0.6997910019       -6.8785000758       -6.6062843937
         3.4683558979        5.3365777400       -3.4054170451
         5.9872760012       -8.1412396296       -6.6125322896
         7.4054995562       -5.6643785406        2.1259935587
        -2.4930001584      -11.6254226440        2.1183295799
         7.0827475177        5.8614650911       -2.6314208134
        10.4917457839       -4.6878682376       -3.7148359544
        -6.2946904297        2.3628924661       11.2232048029
        -0.7945377216       -3.3158024195        5.1867668425
         5.9328251113       -0.5518154641       -1.7393847874
         5.4898680553      -10.2170437953       -3.3654409612
         6.4522874504       -1.4266687704       11.2915600082
         3.0874053445       -9.6014350806        6.6432828769
        -1.5454654504        3.9154039068        4.5617445637
         3.6760734449        4.6672308848       11.0579650238
        -1.1397763668        6.4714728774       -5.9406938195
        -1.6999828433       -5.7897054323       -3.9616641709
