       -11.9536911131        1.5256012875        3.4220913783
         7.2950927839       -5.7519807880        2.4557214742
         8.3736829817       -6.3073919875        6.0842270829
         0.9065291091        2.9819751083       -5.3382701287
         4.7087886904       -4.4942573951       11.3862915660
         6.1376818554       -7.3410343924       -0.8788105209
         1.8906625474      -12.2750933047       -2.0926106479
         0.4421713187       -0.2410373039       13.0857868366
        -3.3056497893       -1.9228272976        8.0006631708
         8.9628673094        3.3497655049       -0.2329446437
        -0.8803404702       -2.9981094604       -1.8092226002
       -11.5034089148       -2.2834021717        2.8255061409
         4.5709260408        8.1629849344       -9.1100718749
        -7.8848179411        3.8484090664        0.9028696389
        -3.7283676616       -5.1944424918      -10.8025898978
        -5.3539774894        2.6025959172       -1.6087735995
       -12.4831007692       -3.8350902945       -0.5633293403
        -4.4305231037       -3.4474844960       -2.6486615423
        -0.8301313111       -8.8653989991        8.2118061241
        -2.6838934580       -5.6560319790        7.2622356150
         0.0253927196       -0.0419274242        0.0111663696
        -4.5870947523      -11.7056734401       -3.7085096969
        -5.4224991866        0.4767362023       -7.8315392778
         1.8375413442       -3.0340637408        0.8080590545
        -7.3477849250       -9.2166264663       -2.6917769316
        -4.4461100316        0.0182002031       -4.2945163515
         0.9473945202       -6.0904955707       -1.0292792788
        -0.5044521858        0.2229029083        9.5553138874
         9.1545280092       -8.8258188223        3.2738416688
        -7.9664615134       10.3499411789        0.0882987176
        -6.2424118875        3.0437118223       11.0734441802
        -4.5206567847       -8.2456926417        9.1317844935
         3.7084085501        8.5878912646        1.8600020552
       -10.3675186518        5.0683695107        3.4390275690
        -1.4432797325        4.1409003412        4.3567173839
         9.5382455400       -0.4227853401       -0.8815757403
         7.9228466291        6.5160691967       -8.1007653699
         4.6615046565      -12.2612665595        0.5917976607
        -8.2569893644       -8.7682068862        1.0594736916
         3.7563154120      -11.8148275186        4.3264822061
         6.6831541139       -5.4722037933       -4.1863946679
         0.4109218378        6.8265108535        9.9375912207
         7.4548262640       -3.6897114861        8.8050996966
         3.5017286534        0.3525004644        0.8065891278
         2.4917270471      -10.5037381977       -5.4937197104
        -4.6154831490       12.2053890860       -0.5651351301
         6.6579137981        0.1852069888       -6.8735777702
         2.8242977973       -1.4129579232       10.4715897323
        -9.0165154593        0.0769862243       -8.6962874909
         3.3966137867       -7.3986985448       -3.5901461893
        -0.9544879420        6.1373547941       -6.2623963801
        -1.8311993193       -2.5889814105       -5.3361014031
        -4.6998601861        2.2833331701        4.9485800805
        -8.3409545036        1.9161183601        4.2096024525
         4.4956046241       -0.0995381602        4.3164043733
         0.4264964434        3.3165520335       11.6046496267
        -8.4807568564       -2.8505645907        8.8051088339
         3.7783898628        5.1118698535       10.8245765408
        -4.5566096722       -8.2271544514        1.8668918476
         2.8183501288        5.5380807114        7.2578406766
        -2.7543080915        3.4612131350       -4.2965710024
        -6.2577371655        6.5381211414        9.4135431850
         8.3906750277       -1.9983284451       -4.1877566970
        -8.9852284916       -6.9306753403       -5.3675230283
       -10.7510566015        3.1024477003        6.7313215532
        -2.7467638954        9.1130468530        0.2544626894
        -5.3913594396       -6.4865174360       -4.5239941415
        -3.8297263482        1.8570185938        8.5542012243
        -3.4520837072       -0.4342174189       -0.7847883580
        -9.0907393747       -3.4733306536       -7.1288326607
         4.2557496222       -4.2586479175       -1.6744016301
        -1.8389151331       12.1954496056        2.1172197030
         2.7858816794       11.3994538952       -2.7003765528
        -2.9433413718        8.4150779703        8.8006880549
       -10.0384627497        2.7375184802       -6.0610209124
        -2.3847005806       -2.4026199698       11.6069989407
         7.0189457914        0.7503546359        1.6115108144
         5.8428282841       -8.6482218723       -6.1471775693
        -3.6974524670       -8.6576710448       -9.1030226570
         1.0171631135       -4.0113754031       12.4375047624
       -10.3415200331       -0.6882008710        6.1729383830
        -4.6587044095        4.4108909772      -11.3661654850
        -2.9121364173        1.4073030763       12.1292147604
         6.0875827290        3.9256967239       -6.2305638724
         6.4136821113        6.0397029792        0.8325300195
         2.9901661879       -5.0535021954      -10.5689559517
         5.4028124187       -2.6838018303        1.6303170199
         0.9298036373        2.9162533815        1.8309153228
        -9.0193653996        0.9204031637        9.4157824290
        -2.4416375846       10.4217391668        5.5160206370
        -7.8589070691       -1.8630779845        3.6156550035
         1.8091075483        6.0711714823      -10.8072619388
       -11.5778747841       -4.2815475730       -4.2981647593
         2.8337555985        2.0712796618        8.9043707646
        -7.1950586503       -5.5969331058        2.9178174134
        -6.6341346900        5.3899214246        4.2096734132
       -13.0579344490       -0.0647522460        0.0851464878
       -10.8547967639        5.3017422241       -3.2646792330
       -11.5295765909        3.4729359211        0.0911079684
        12.5579399427       -1.9018428145        3.2710566253
         6.3078569411       -6.6207430563       -9.3911645876
        -8.9132200816       -3.4320905870        0.2548518086
         9.0352334968        6.8480983065        5.3895274056
         7.9086916415        1.7810404283       -3.5938405245
        -1.9092142709        6.6503439833       -9.8553814378
        10.6009899033        1.1555250245        2.4312703317
        -1.4275437958        0.6754196569        6.0030004705
        -5.4136198441       -7.7118185291        5.5540861216
         0.9355704565        8.7322879785       -0.8170876424
         7.1693330181       -3.5559268193       -7.4554241262
         6.3691571151        9.4410798883        6.4150529803
         7.3978612626        9.1341545222        2.7137962073
         4.4800727909        3.3657193716        2.6703880351
         9.8139533184        4.3927403800       -5.4997461245
         0.0754234724      -11.3798179127        5.3968127972
        10.0878437185       -2.8200795155        6.0828237444
         3.6709589553       -6.0613189185        1.6143048551
         4.6722111772       -6.6182651799        5.1675179588
         2.4347265248        2.3200779291      -11.5851273456
        -2.7282399388       -9.0362474708       -5.5254175991
         8.3070755788        8.6857303418       -1.0374970437
         0.8803815781        8.7833205241       -8.1901730655
        -7.2528908959        5.6675799212       -2.4354039973
         3.7646653690       -4.0328068455        7.8548857429
         5.9479428009       -0.8158304547       -1.6757423666
         1.8196704067        8.1820405439       -4.5307133882
         3.7784404366        1.6062659559       12.4352216910
         5.5625353735       11.2243950852        0.0064638834
        -6.4420393536       -6.1135214067       -8.1837827624
         4.6063888364        8.1450077962       -1.8449410722
        -0.8981509044        6.0096020322        1.0510670030
         0.9724182864      -11.9665333803        1.6661511066
        -6.4577105526       -2.6036955206       -9.8511202772
         5.2905492201      -10.5403432573       -2.7983625768
        -5.1738591505       -4.5352610384        9.9420517148
         5.3776480984        2.9230356650       -1.0328854164
        10.0463292794        6.4937867367        1.6587074161
        -0.3765339868       -3.3990934791      -11.5828086226
         5.6440171656       -7.1219704209        8.7209027395
        -9.7638765707       -4.4751914182        5.5216562900
        -0.0004561031        5.5668593537       -2.6526994447
        -6.3188161314       -9.5234534503       -6.3927956608
         9.0796378661        8.1042717207       -4.7680187261
         1.8806745975        2.5071910904        5.3579052426
         0.9467107893       12.1067787601        4.7831845924
         4.2305997303        1.3482092218       -4.3375626341
        -5.3281247984       -3.0047874127        1.0547182267
        -8.3251222916        6.2244188239       -6.0637646798
        -5.8983721318        0.7344559342        1.6973151274
        -9.0292038159       -8.1866904700        4.7898868245
         1.4771141302       -0.7571567790       -5.9812158028
         8.9881415496       -2.3075989923        2.4543354990
         2.7994805254       -9.1894079999       -0.2278681671
         7.2450148305        5.5147793707       -2.8959706564
        10.8008639743       -3.1853075865       -6.7091302190
       -10.8004764025       -6.0353952897        2.1219364956
         6.5331568323       -9.6916043758        5.9840765774
        -0.9211099127       11.8856623129       -1.6440479090
        -0.8954845050      -12.1885766327       -4.7597672733
         0.0155094705        9.0718516060        2.9130070988
         2.9932843743       -8.4974628507       -8.7785041472
        -0.8573165918       -3.0634685699        5.3602129989
        10.4170579584       -5.1506822408       -3.4166585452
        12.0034366515       -1.6081356765       -3.4000263459
        -5.7514401892       -0.7481909468       10.5933092733
         1.8937697728       -8.7427116935        3.5089683885
        -3.7063061169       11.7569831093       -4.3162749761
         8.0571553548        3.7964622131        3.5038993941
         6.5076516850        2.5211053322        9.8730089971
         5.8013410934        0.6656809133      -10.5712169873
        11.6275535107        4.1986680705        4.3200261992
        -9.1283026652        8.7548048145       -3.2589966628
        -3.7149401578        3.9501748894       -7.8345182359
        -1.8264137828        0.8661494916       -6.9068618620
         2.8033815099       -3.5423409270        4.3178676345
        -3.3476088669        7.3176415589        3.6112903800
        11.5532961394        2.2008158571       -2.8034911451
         0.0497816373       -5.6477930937        2.6741468378
        -2.7839851126       -2.1535783627       -8.8826356888
        -1.8264007444      -11.9299273601       -1.0292092955
        -6.0927728238        7.2603505756        0.9069273582
        -1.7631760301       -2.5626950684        1.8332347687
        -0.5170848745        3.7506120787        7.9982480353
         1.4926162728       -4.2224545347       -4.3352840432
        -6.4057876469        3.1189512096       -5.1994040470
         3.3553104920        1.8407481087       -7.9787205783
         6.2922925263       -3.1263145036      -11.0510026264
        -5.2408436048       10.4589425925        2.8221238166
       -12.5094550596        1.8179494843       -3.2492771570
        -1.7686086816       -8.2636480915        4.5518793446
        -6.6082186211       -0.2674667518        6.8956210964
         3.7476803097        8.5752593816        9.1253974539
         0.5667889004       -3.8327130770       -7.9764819301
        -5.4759379546        9.0416176043       -2.4080448109
       -11.5932110255       -0.7871537796       -5.9580982599
        -1.7590616147       -6.1536078850       10.8290157594
        -0.0210964258        3.4675116902       -8.8848018652
        -7.8724624595       -6.5985566103        8.1224888097
        11.5789417588       -3.5554879111       -0.0692407045
        -3.5717380823       -5.1137428569        3.6766723581
        -4.2068093814        4.1775869470        1.6962482797
        -5.5124077331      -11.3067186338        0.0155273192
        -8.5336263595        8.4885655226        3.4226742295
         0.5542770923       -0.3051709543       -9.5335900129
         1.8761114183       -0.9482188833        6.9286857298
         1.0033013795       -6.2183179576        6.2843284320
         3.6214612936        5.0316955716       -3.6548322839
        10.8504860127        5.9528164118       -2.0999564378
         5.4641549864        7.6293243372       -5.5323148151
         2.7336304912        5.5738269520       -7.2404078577
         0.9450917215       -0.4919045710        3.4498952725
        -2.8272989265        9.2685827454       -7.1358289922
        -0.9668840089        3.9286733315      -12.4157864936
        -1.8389352226        8.6653060697       -3.4911142834
        13.1077453736       -0.0181026632       -0.0629440756
        -7.4050506599        3.6072801342       -8.7837045626
         4.6374975254       11.6231420191        3.7305858751
        -3.6585994130       -8.6700529329       -1.8381730093
        -3.8452754095        5.3535961676        6.8932323995
        -8.0229948312       -0.3821537961       -5.1428877511
        -9.8167750385        6.9601022175        0.0905883371
        -9.9964771315       -6.5763628968       -1.6367529072
        -0.8869082620       -8.8134580580        0.8385852102
         2.9621371342       -1.4898866479      -12.1072247221
         3.8794673921       -1.9392443331       -8.5321308906
         5.2239162792        4.4527439065       -9.9201612673
        11.6431240517        0.7042473277        5.9798807284
        -9.4884873648        0.3406270809        0.9035304176
        -0.8955526436        0.4101522122       -3.4279849454
        -2.7132657368       -5.6115710004        0.0131753983
        -6.0376450928       -4.0078762924        6.2523560172
        -3.6058853377      -10.8518075619        6.4229691386
         3.8950981592       -5.4357285981       -6.8713252089
        12.5327395055        3.7522309322        0.5853523980
         0.0709247719       -3.5496481277        8.9066839139
         5.5153934170        2.9614138722        6.2805783987
        10.9008356414       -5.3857503730        3.2858795926
         0.5852792041       -7.2683867862       -6.2259174241
         3.6576632544       10.7697386241       -6.4018317912
        -5.7932407671        8.5659451705        6.1695760286
         4.7495435261       -2.3653938848       -4.9266975145
        -6.3923023798      -10.8153453723        3.7395249661
         9.0663255988       -0.1595545095        8.7180876699
        -6.3640558601       -6.1218286587       -0.8106843230
         1.9590469604       -6.7327427986        9.8767650829
        -0.3609115216       -6.9090056165       -9.9155027582
         6.4920795577        6.0310870508        8.2058488625
        10.3914205559        0.6056326936       -6.1508856634
        -2.7684726201       -5.6202318105       -7.2357961468
        -6.4953817588        9.6244043060       -5.9811725974
        -0.0225266302       11.2996078118       -5.3769496779
         9.8647822266       -7.0428011706       -0.0678416488
         8.5307744764        2.7679961178       -8.7831078968
        -3.7284884725       -1.6890568110      -12.4136426168
        -0.5355656888        7.1861934368        6.2478461040
         1.8455745731        5.9075620766        3.6722343972
        -1.7865574636        2.9498817072       -0.7856391849
        -5.5946476537        7.0390611184       -8.7031453772
        -4.1811091702       -1.4300061220        4.3593002697
        -6.9692739966       -0.8324311501       -1.5896604779
         1.8126023085        2.4808575383       -1.8113913151
        -9.0451178100        6.5742697862        6.7315699858
         1.8765348566       11.8479431470        1.0514629070
         6.4153562112       -1.0223777728       11.3848682516
         9.1406505959        3.3907312046        7.1507522942
        -8.9396794533        2.2245512129       -2.4326622502
        -5.4656346278       -3.0434398178       -6.2586543324
       -10.5513656435       -1.2385245880       -2.4093211165
        -0.3920750701        0.1583270237      -13.0642364213
         0.0351169198       -9.1532450964       -2.8900411801
        -3.6182438845        5.9742784369       -1.5911235828
         2.7786233582        8.9538273040        5.5478207329
         8.0727865615        0.2999780615        5.1647052810
        -6.3654517244        0.9394674725      -11.3630768259
        -4.6238745686        6.5358898564       -5.1535428603
         9.0691252576       -1.0030969477       -9.3934128911
         5.5382242103       -9.1444615201        2.4354352965
         5.4412796903        6.4043808741        4.5459944923
         0.3957509505       10.2221796734        8.1161271767
         9.0943087347       -6.6571933235       -6.7077563774
        -1.7958590982       -5.9896060856       -3.6503574451
         6.4427014812       10.7328162046       -3.7174368592
         8.5811352126       -8.5705553999       -3.3972391031
         6.4550369132       -3.1996736524        5.2212514733
        -2.7356116151      -11.4815047950        2.7220676555
         2.7623801696        5.5299437280        0.0084865750
         7.9341852245       -3.9291885856       -0.8815095933
        -7.1195129244        3.4731961622        7.4779362555
        -8.0074926142       -3.8787951364       -3.4820530728
         2.3735496265       -1.1964192697       -2.4437245444
         7.9977834563      -10.4139574550       -0.0587699915
         5.4722053863       -0.5589409003        7.8534453708
        -7.3458749973       12.1291714798       -3.2303502609
         2.8778999022       -9.3504256461        7.1558935347
        -2.3239515406        1.1146384334        2.4653903647
        -2.9401937500        4.9709869906       10.5910515345
        -2.7742303627        1.3301031016      -10.4500985933
        -0.3456419654      -10.3048085767       -8.0937459626
