         9.9431380262       -1.2530635513        4.4348966977
        -0.3827795370        0.9667297596      -10.8137109404
         1.8248975453        1.9376027785       12.8458166762
         4.7477318390        7.0084293079       -4.4932150198
         7.9324119276        2.0050097123       -8.8950229553
         4.1243060460        4.6864593352        0.2758386453
        -0.2405189271        0.6470081584       -7.1524902430
        -0.7431878307        4.3446360506       11.2765105845
        -9.0415942537        7.9166467478        1.0475914153
        10.0515933946       -6.2900933166        2.4303442841
        -9.3822167487       -4.8838536212       -6.6638343506
        -0.1002423842        0.3317756137       -3.5426026729
         2.3894533241       -9.8811663306        3.9753669748
         4.3367622363      -10.3657183253       -4.3892541110
        -0.4013400165       -7.5131301568       -9.4019894540
         0.9647416038       -3.6067617645        4.9791104931
         4.6718900101        7.4473540476       -8.2930706692
       -11.3997461405       -1.2005058457        3.7086533919
         3.6631729627       -1.0464721907        8.8124290109
        -8.1335681600       -5.3998619256        4.7648703596
        -2.2109015424        1.6939047407        5.5653924409
        -1.8071731971       -5.5232310329        6.6871282729
         9.4596729823        4.9241743661        6.7188472527
        -3.2386355704      -11.9252372687       -4.1843034228
         1.9546676104        9.0876324380        2.3844531556
        11.4759352972        1.2422274953       -3.6534464332
        -4.9378728336       -0.4462227532       11.0219303659
        -1.8771700144       -9.0475139119       -2.3293157494
        -5.8194909323        8.9083504792        7.6338155524
        10.4056606938        6.2132947441        0.1877256616
         8.1652532881        5.8238592063       -8.4266771830
        11.6449073505        5.0740193456       -3.2787250874
         5.1850244280       -7.4923930292        7.9603225441
         1.9908533358        5.1452779757       -2.8798631637
         1.0518964685      -12.8479008311        2.1609335983
        11.3946924704        1.6096817717        6.3270210925
        -3.2175051304        0.4386167606       -1.4215488252
        -2.3112460302        9.9218774099       -3.9198181426
       -12.7200553564       -0.5247844898       -2.8216777371
        -2.0894066631        1.3923195950        9.2489913599
         0.2570455698       -9.5065341334        0.8271286342
        -6.8248929539       -6.5108357513        1.3595661141
       -10.3290723978       -6.1733543987       -0.1339810660
         3.2142204149       -5.2807183650       -0.5589358182
        12.2707235719        2.8315848072       -0.2025409974
         8.0489262717       -9.3306479916       -4.3965164304
        -1.0393892219        4.0045069600       -8.6039400885
        -4.6904309833        3.9599851526        3.7983012516
         0.0395428957        0.0205837990        0.0280855988
         4.9269455063        2.1668684535        7.0961964451
         8.8810127385        3.2395253666       -1.6750922608
        -5.1072778969        7.5333962632       -7.9052505945
         4.6970805537        2.4450364044        3.3361584316
         6.2003087246       10.0481098170       -2.6794688172
        -6.9460035363        1.5226900628      -10.2972043860
         3.3166722212       11.9650937384        4.2394284235
         1.0809016911       -4.8214261049       -3.7144664549
         4.7678249250       -3.9196991301       -3.7433302070
        -1.4507186757       -2.5135429788       -5.4410989521
         7.4838641189       -4.1744627030        4.3193792167
        -6.5112785399        0.8621942982       -2.8871890747
        -1.9143395404       -5.1060263287        2.9346975419
        -7.3698092223       -8.1580477200       -7.0006882369
       -11.5933131068       -5.0393917730        3.3344971555
        -4.0572758700        3.7550325107       -2.7658645587
        -0.8881740929        3.6471957357       -4.9252169046
         3.2948517250       -0.3985295863        1.4764127403
         6.8338316203       -1.1549915146        6.6525848547
        -3.3235947817       -8.1031396992        1.1192086321
        10.4096923001       -0.3348937187       -7.0361832452
        -7.9738397161       -2.0010066146       -4.7849764493
         7.5139387529        8.8408845412       -6.0949280481
        -6.3835687157       10.7404927949        1.2133747860
        -4.7436197161       12.0222010564       -2.0347770289
         5.7394650190       -2.3967378672       -0.4054091045
        -4.6672828377       -6.9750796101        4.5507064871
        -5.0904398304        0.1954032706        3.5210641847
        -8.2427263090       -1.7126272938       -8.5906821182
         2.6355160557        2.1532916845       -5.1927625360
         1.2579917378       -4.2747117064       12.3252980253
         5.5098108509        7.5803982850        2.1146368506
        -9.3775443321       -0.9562032610       -1.3324489524
         8.6329874849       -0.5920534566       -2.0296385750
        -8.2448665706        7.5740993330       -5.6203046073
         8.0513535157        2.0412152075        4.8399724419
        10.7167666322        3.4948413033       -6.6862289108
        -5.0412709275       -0.1249944446        7.2842022199
         1.7559534752        5.9308820744      -10.3646324712
        -3.9515667105        8.6800293108       -0.7010084601
         0.4789438570        7.5530589753        9.4568207716
        10.9857653551        3.9429233251        3.2874427282
         4.5902404250       -3.3683108135      -11.1727466734
        -2.0692010232        9.8121332353        7.5939818307
        -9.0258420316        2.8847877593       -1.0095396471
        -8.5564455136        0.6313427538        2.0852890577
         1.9002073312       -8.2813883612       -2.4389961024
        -5.5570444893        7.3612698112        2.5258980266
         8.1826096182       -4.4108481177       -2.3158807974
         6.0877417718        5.3188036328        5.2024912756
         0.8214612100       -4.3059547968      -11.2220090875
        11.5678834972       -4.8676539316       -0.8474259761
        -7.8792276893       -1.6138195600        5.1436906896
       -10.9116704355       -7.2423520611        6.3752980398
         3.0503738202        5.1437165458       11.0845358055
        -8.1049995654        4.4510841564        2.3709159609
       -11.4902757469        4.9082801075        0.9027575008
        12.4459036266       -3.2730834015        2.5540041722
        -9.9400933016        4.2041568800        7.3836222433
        -8.2244400329       -9.4195688538       -0.4777887360
        -4.2589628749       10.4062259238        4.4445943313
         6.0870800726        1.4102694911       -0.0865254484
       -10.3338278973        0.3785208863        7.0932944760
         7.0196737730       -1.4816916280       10.3517304758
        -0.5242484455       -6.1399154503       -0.4882186229
         4.3540531399       -4.1068222570        6.5707434970
        -1.6773504459       -5.8885661863       10.4199780630
         0.5504080842      -11.2361026442       -4.3180803711
        -2.4758760802       10.3353564347       -7.6189701525
        -4.8491913683       -2.1262255225       -7.0424889673
         7.4939643878       -9.2113278945        2.2747875457
         2.3848741322        2.8182649572      -12.5625145411
        -1.6081760089       -2.2257613187       -9.1256954782
        -2.9741765707       -5.1069389792      -11.0304765493
        -0.7339862826        3.2751900737       -1.2706209482
        -5.0335965851       -1.8235863514      -10.7775426629
        -4.0479044272       -4.6469029438       -0.2209247972
       -10.7502448260        4.6434143742       -5.7514690000
        -7.1120678074        5.9784227707        5.7295227078
        -6.7579724249        1.1955450619       -6.5976184045
        -5.2110666611       -4.2928359436       10.5860307263
        -0.2577501918       -7.7173034058       -5.5842444594
        12.0559492913       -1.0280989447       -0.5537602525
        -4.5928522558       -7.4076128549        8.3496898965
        -6.7919897341      -10.4196954502       -3.9161076944
        -7.4064222888        4.2149991488       -4.2644683143
         6.4614554175      -10.6999499305       -1.1580529926
        -9.9739347265        6.3307452916       -2.3750932796
        -1.7534418043       -1.9081782871      -12.8141933767
         9.6655013145        8.3779710103       -2.9132902946
         2.2879259464       -1.6542345867       -5.5115833837
         9.1031540518       -2.8443585094        1.0647110425
         5.8973672967       -8.8677733223       -7.5781487842
         7.6045757971       -2.1491566308       -5.4038383543
        -4.6219837372        3.7017248905        7.5222616046
         5.3992483536        3.9897374593       -6.8263812442
       -12.3685647347        3.3141064357       -2.4987507777
         8.9976647425        7.2613876930        3.6544827130
        10.8275913075       -4.6023846183        5.8067072447
        -5.6624261196        2.4365421619        0.4603833306
        -0.1795865921        9.5470236108       -0.7720655382
        -6.0108025293       -1.3705046560        0.1414622397
         6.9004991637        6.5453255800       -1.3094531274
        -7.4444355394       -8.8227008623        6.1632664404
         5.4555997931        3.6127277320       -3.1125445090
         7.9522587450        1.6595500952       -5.0848295319
        -1.9448362915        1.0713304932       12.9165985524
        -0.9737840461       12.8886745984       -2.1057419696
         0.6010514625        6.1801136917        0.5432365754
         7.5803367706       -1.8519009381       -9.2180723804
         1.8830507603        5.5627282802       -6.6332356505
        -1.1838585309        4.3312957542      -12.2916180290
        -2.6334628335       11.7414320106        1.1774443370
        -0.5260665059        1.2885089636      -14.4990909679
        -4.6198916945       -2.4048552681       -3.2813344538
         2.5240355487        2.4937182289       -8.8744574610
        12.7963930742        0.5661752630        2.8755906495
         4.7923057293       11.0961079282        0.7872419528
       -11.0464210652        2.6549111120        4.0320416957
         6.6446915410       -5.8118840690        0.9307464743
         7.1902746584       -5.9377140253       -5.6739736169
         3.3856449752       -6.6426811191       -9.4732000058
        -3.5932887909        1.0877167471       -8.7592072249
         1.6826593723        2.2593275446        9.1780678925
        -1.8228678008        8.3218544887        2.4940136092
         4.2512693786        8.3078794167        9.2327184058
        -1.8362427009        7.3585409206       -9.9862995453
        -6.5671619268        5.8520344697       -0.8757641809
        -4.8801788704        7.0999919403       -4.1107646697
         7.7425875644       -4.5711466312        8.1158186334
        -2.8128863526       -5.3894485408       -7.3259535749
       -10.1022735057        1.6254935812       -8.0832493696
        -1.6203157002      -10.5959300597       -7.4370216319
         4.0291454320       -8.6396460763        0.7561109873
         4.0712083486        8.5481449424        5.5189629041
         4.7007086118       -3.6624439967       -7.4672812457
         5.1171482509        0.1644906869       -7.2303095058
        11.1239091137       -2.6141211561       -3.9764522665
        10.0178246379       -4.1617991317       -7.3275353595
        -7.6654185803        4.6118049387       -8.0609071885
       -10.9086244097       -3.9024283894       -3.2324003152
        -1.0982997892      -12.4376249742       -1.0157924041
         3.4904129853       -0.7226646199        5.1326077848
         0.1774202399       -0.2918995111        3.6001160863
        -4.7147711685      -11.0562343424       -0.7322733316
        -3.4044230355        6.8981025677        5.7096471285
         1.3643244145        2.8238354378        1.8328235818
        -9.8660568784        1.2939223259       -4.3798501731
        -2.5534977450      -11.5211643478        2.4640917390
         2.6314363068       11.5612033073       -2.4085854954
        -1.2871388458       -2.7834801874       -1.7779296862
        -6.2543056165       -5.0316265180       -8.9577808187
         1.2229477685        8.5028238347       -4.2256724777
         7.4473559627        8.1984302066        7.0557721219
        -3.1371868646        5.3208175125        0.6136507495
         2.7053912016        5.6598315918        3.6590458185
        -8.9202039140       -7.2214276106       -3.5994992227
         2.8897803412        5.4282728129        7.3807289640
        -7.5025042731        1.8924144466        9.2733545498
         1.1024990855        8.9606697293       -8.0221443310
         2.7113157505      -11.7008794037       -1.1222119904
         5.0176526851        0.4865724839      -10.9668022635
        -7.8545519123       -1.9633041585        8.9518596666
         3.3997766310        8.1430301732       -1.0634916689
        -4.4560725120        4.5031124208      -10.2476794687
         4.5324389635       -4.4612450727       10.3025332272
         6.8697409893       10.4587244545        3.9697595709
         8.2301303609        5.4527465305       -4.7199761646
         7.1156205242       -5.6744200032       -9.3897367781
        -5.6717915779       10.4430443050       -5.4422694120
        -4.5093671847        3.4062693000       11.2269614471
         1.1761263195       12.4778857894        1.0710837042
       -10.5172626313        6.4629142966        4.2968134361
        -7.0360761592        5.7139279412        9.4453599444
         0.4619255296       -0.9281522805       10.8936136231
        10.5954448567       -6.4222587113       -4.2416344767
         4.1345809289       -3.7150089372        2.8203042152
        -9.6052683721       -8.3577637440        2.9674675019
         8.3199489892        1.7531890424        8.6455621252
         0.3181418176       -0.6072434963        7.2134140045
         2.1725553510       -1.3567538472       -9.1969242199
        -1.0246658254       -8.9201544357        8.0774264324
        -6.0103579502       -5.2783790159       -5.1474710261
        -2.3124675951        1.9786059892        1.9020238474
         5.6346231390       -7.3208875136       -2.4707953293
         2.3895400534       -1.9384863995       -1.8472813116
        -2.2943897738       -2.7678192953       12.5965282762
        -0.3485958630      -11.8056173795        5.6128551404
        -5.4324585779       -7.5411968503       -2.0607841514
       -11.9788496496        1.0686998233        0.6088091074
         5.1664962433       -0.1553891502       -3.4661452208
        -2.4393463756       -2.4489800967        8.9286866159
        -3.4136169645        0.7628552082       -5.0787120203
        -3.3074486233        6.6829296113        9.5281892488
         9.4538620390        0.9971334393        1.3864925878
         7.5714398690        4.3390886859        1.7809330953
        -0.4725432927       11.2764082551        4.3732935869
        -3.9073439601      -10.3483292123        5.9068471532
         8.3225561759       -7.5334047685        5.6754721045
        -4.1742076843       -8.2694176788       -9.1776790260
         5.2935055834        4.3357476113      -10.5274786556
         2.1471092922       -9.7718075467       -7.5388542634
         0.8110592192       -3.2350695361        1.3253632562
        -2.6525605601       -1.7647296394        1.5873905513
         1.5927800148       -6.5277191196        2.6383049512
        -5.3737192620       -3.5694648387        3.1649086621
       -10.6611551626       -3.4534707947        6.7571321243
        -3.7414865986        1.4101939021      -12.4471636870
        -0.8791579776        4.6282603417        7.5368904049
        -2.6280204993       -5.6195984418       -3.6041097370
        -7.5275954793        2.1909246920        5.4594515914
         1.9131892746       -7.3140249556       10.0412397572
         8.3014237101        9.4569937828        0.5302646668
        -1.5153857405        6.5680068021       -2.5833338988
         4.9577733109       -7.0597673610        4.1658317259
        -8.0970126397       -5.7916841043        8.5053974758
         3.4818660067       -6.8576283419       -5.6545516477
         4.8216129194      -11.9816017952        2.0901744742
        -6.1222122194      -10.0095719562        2.7343234911
         5.7497382213      -10.4025804719        5.4979227214
        -5.3189132089       -3.9485752288        6.8893606351
        -3.9934582163       -8.5084050372       -5.4640396280
         2.0328607022       -1.0379350204      -12.8854837897
         6.3318482746        5.0716531688        9.0126020007
        -7.4161477437        9.2518088061       -2.2194509488
        10.1779216015       -1.5846690381        8.1385494761
        -7.4948022854       -4.2993623334       -1.7249834757
         6.5886111633       -0.8218960072        2.9421321070
         2.5536794085      -10.2929387167        7.6749145737
         3.9871364209       10.3854019758       -5.8504612749
         9.1194643930       -7.8761226988       -0.9923623093
        -4.2764466314        4.1469862725       -6.5172306745
       -11.3171314615       -1.5693211263       -6.2719400848
        -1.0038327814        4.8618416278        3.7689498983
       -12.1962667234       -2.7899401544        0.2554835487
         1.6983598606       10.6357917374        7.4921313879
        -7.9709330011        9.3712456528        4.4519139108
         0.3353776168        7.7575272749        5.6391213071
         5.1097067056        1.8631330578       10.8322517152
         1.7596448027       -6.9502540402        6.3440957736
         0.4280697944       11.8450695427       -5.5570901069
         2.7317209911        1.8062344902       -1.5338635434
         0.9564039043       -4.5874970872       -7.4833108322
        -1.6824930337        6.9921635540       -6.2888248166
        -1.1443931962       -8.4636811407        4.2809949440
        -2.5587170105       -2.1133147574        5.2473091606
         3.8043036268       -1.3663484515       12.4803822769
         1.5276390005        2.5535249810        5.4949717056
        -8.8100055737       -3.1973578972        1.7260544098
         1.1151206628       -3.9565589592        8.6573770059
