        -1.3270928265       -5.3183822141       -2.1779774609
        -4.9011402576        2.6936877995        0.6958675510
        -2.2939259685        3.4293575091       -1.9859952394
         2.3784352905        3.8071441686        1.4765140909
         1.2108880966       -4.1911843458        3.4255839782
         2.9568242489        0.5871952145       -3.8316415865
        -4.5291084033       -3.5182879995       -1.2212670914
         4.3071784670       -2.3585115207       -1.8703257683
         0.8051015006        3.8008493477       -4.3679674844
         1.6037502496       -4.1276651564       -0.2080945874
         1.3718631685       -0.7661632648        1.5612859504
        -2.7555109946       -2.6660633078       -4.4128278532
         4.1689349390        1.1813273231        3.4628527239
        -3.4170862810        1.8531733850        4.0705743273
         4.4159233048       -2.4454456646        2.0305865948
        -1.9537293271       -4.0610902738        1.4219329510
        -0.8990170470        0.5236481455       -4.1313926033
        -1.4854122851        4.4099459691        1.7304990606
         1.1074858415       -2.7716386429       -3.8549408227
        -4.5308117434       -1.1212199352        1.6921291056
        -1.0564291964       -1.7264508137       -1.1807218487
         2.1204742593       -1.2043097890        5.3048788693
        -4.1128104787        0.1258345689       -2.0089117503
         0.5580566260        5.7212048080       -1.1571733649
        -1.4411176063       -1.4093214894        3.9844887988
         4.3466497823        0.8540869833       -0.1735366048
        -1.7430479049        0.9528544286        0.9874153845
         3.7970282417        3.9882315929       -2.1134181736
         0.9008043863        1.8283456226       -1.1560632025
         0.3968419176        1.9288475514        4.0076460562
