        -1.8460498806      -11.6440432159        2.6262568845
        -8.4552114117        4.1658961028       -7.5527167757
         4.6478262528       -3.7176281991       -4.0754421176
        -8.0415245275        8.8412525669       -1.7478495069
         5.4008305562       -4.2037429532        9.9523059165
        -1.7923091735       12.8199260504       -2.0791908469
         3.8581082267        4.8656512353       -0.0384892709
         6.6017850886        9.1715553205       -6.6471761376
         5.0018981402        3.8371979711       -3.5055961627
         7.7369222704       -1.1041231252        9.8307317471
        -0.2285033862        4.3382257772       11.2701561452
        -0.7982236529        0.5764073343       -7.1458292048
        -7.2428858105       -6.1652868923        9.0230681935
        -1.9479268206        1.5894794110        5.6780431057
         0.4750320963        8.5138565366       -4.3417509391
         2.0724210682       -9.7180473935       -7.6802994222
       -10.0325154728       -3.9657520177        7.4503234062
        -0.0000000527       -0.0000007012       -0.0000003247
       -10.0349534197       -6.6991446666        0.5567847311
         4.4971162525      -10.1849137134       -4.6831942466
        -6.5994837729       10.1173653608       -5.0962367438
       -10.9364278349       -4.4765697937       -2.4987362724
        -6.7620819085        0.5025104123       -2.4604887505
         2.9145686085       -7.1858314416        9.8788412962
        -0.5862857649      -12.5095287821       -0.9435720107
        -3.0176890034        6.5374093603        9.6976622161
       -12.0388005560       -3.4125891718        1.0695219057
         6.0418297579       -7.2095308931        7.5767932599
        -2.1270901795       -2.2333172479        5.3896974917
         7.1596694111        2.3267440913       -9.4453278248
        -0.7419215336        9.5068718979       -0.7944312670
        -7.4613227949       -1.9985825480        5.6476979645
        -9.8751522189       -0.1223623158        7.7581399136
        -3.3633543101        0.2499404804       -1.2238085414
       -10.9055687415        2.1028979261        4.7471257830
         5.7725573147       -7.0754350478       -2.8597168380
        -4.0354810693       -7.1969679130        4.8456956510
        -7.9214989890        3.8075709446       -3.7834421889
        -3.8581089509       -4.8656521335        0.0384890567
        -3.1665465480       11.5819312949        1.3117504344
        -2.0724201845        9.7180473843        7.6802989258
        11.6764578476       -4.3187241636       -1.6526807516
        11.0869061910        1.7662953197       -4.4552788843
         5.2242145959        7.8361078666        1.6926830524
        -0.4750321007       -8.5138569598        4.3417513578
        -5.0018991013       -3.8371982849        3.5055958392
         1.2053134340       -0.8703731041       10.7901642034
        12.0387999126        3.4125903337       -1.0695210851
        -4.2390767706      -11.3025380685       -0.4143844382
         0.5862862743       12.5095284451        0.9435718866
         3.0952049845       -9.7324995095        3.7863117579
       -10.7533109576        1.0639791466       -7.4242930700
        -2.0995689986        8.2137676775        2.5749052068
         1.7310186416        2.6323341136        5.3512081334
       -11.0869068162       -1.7662940400        4.4552798224
        -2.9145682758        7.1858308832       -9.8788408091
        -4.3157858473        3.4837863611        7.7973970145
         8.7528079031        2.1839009886        8.0316703467
         5.7666770864       -8.6470799816       -7.9912033841
       -12.9065596122       -1.1968020972       -1.9683129456
         1.8597977261       -3.8826812956        8.5456493556
         8.0415251258       -8.8412517335        1.7478492364
         0.3970230588       -0.2866972476        3.5542232816
        10.7533102425       -1.0639786913        7.4242931496
         0.7419215855       -9.5068720316        0.7944314752
        10.0349522437        6.6991449312       -0.5567839952
         8.2145387747        2.4449896984        4.2550616129
       -10.1206078342       -7.7640046510        7.0930588134
         7.4758940811        8.5824998172        6.5067348197
         9.4041936264       -7.5220724642       -8.2460594009
         4.2390766770       11.3025375727        0.4143846051
         2.5645330445        2.0781888879       12.6881912970
         3.5446170042      -10.1552189033        7.4962089504
        -7.2825492381        1.8158917151        5.9354167664
        -7.5528412363       -5.7941486237        5.2934320074
         5.7734952882       -2.1354207938       -0.8171781249
         1.4937774549        5.2030614770       -3.0426704688
        -6.9783313392        1.5424488999        9.7371743773
        -2.2710746520        4.1832929696      -12.2158988866
        -7.2813112632        0.8055874467       -6.1559484789
        -0.2898935856       -6.1854136813       -0.4665547924
         0.2898930049        6.1854122485        0.4665544159
       -11.9883819180        0.4562804188        1.3997588952
         4.2701251496       -0.8428990439        8.5216026551
         0.0690275823        8.9417507333       -8.1196795138
         1.6150887302       -1.1662770557       14.4585344427
        10.9055693922       -2.1028965497       -4.7471252561
        -6.8541020665       10.4004332727        1.6045718170
         1.3410237270        2.8473002992      -12.7271541578
         2.4917317634       -6.8459620304        6.2037311759
        11.9883821435       -0.4562789524       -1.3997582807
       -11.6878698855       -2.1912355427       -5.5206937451
         3.3890522295       -5.1425580833       -0.7933900297
        -3.0210517378      -10.5227974222        6.1535686819
         4.7487738643        2.6697271062        2.9803920939
        -4.1474924655       13.0412914219       -5.0735570028
        -0.0690272189       -8.9417516545        8.1196801307
         4.9515293443       -3.8768337487        6.2415402236
         4.6848411355       -1.1391732387       12.1918178430
        -9.0177490453        7.1102067944       -5.0840465913
        -6.4254786942       -6.8558949960        1.8089024660
         4.1474933926      -13.0412915691        5.0735565228
         5.2467129275        2.4214587684        6.7166086716
        -2.4878664561       -1.9085632094        1.7436288354
         6.4254776694        6.8558947099       -1.8089023545
        -7.7369228646        1.1041229617       -9.8307321584
        -0.7100260934       -5.9359627548       10.4951925442
        -6.6328380605       -5.4007502069       -8.5279641981
        -4.6756679026       -4.1949838803        7.2182017548
         7.9214986498       -3.8075704525        3.7834418936
        -4.4971151315       10.1849137347        4.6831936091
         2.2710745702       -4.1832929273       12.2158984248
        -1.6150885645        1.1662769375      -14.4585346861
         2.9621769043       12.1414203320        3.9619815083
        -3.3890522840        5.1425575827        0.7933895481
         5.9526576255        1.6873752256       -0.5288317084
         4.8828289049        0.0605029149       -3.8360596954
         7.5528405284        5.7941491489       -5.2934316390
         8.8164573230        7.6934193927        2.9950305996
         1.4411251818       -3.5530789012        4.8846536025
        -5.9526582468       -1.6873762573        0.5288314577
        -9.4041921114        7.5220741727        8.2460594512
         8.1828853470       -4.0356529287       -2.8837630261
        -3.8255684636        0.5459402639       -4.8608652051
        -9.6040357961       -5.3993223883       -6.0276180040
        -6.6017853250       -9.1715547059        6.6471765662
         4.6756674975        4.1949840357       -7.2182019487
         6.7012354355       -5.3918651583       -9.8948022769
        -1.1596563491        1.0225087887       13.0190463854
        -5.4008308906        4.2037428066       -9.9523061299
         0.6321433639       -4.5958496531       -7.5487004726
        -1.6313958687      -10.7441815507       -7.3339629455
         1.9479264413       -1.5894805111       -5.6780438698
        11.3944117174       -4.0702451025        5.0484015044
         0.7059065151        7.5929211439        9.3668597983
         4.4608048730       -8.4526955654        0.4640478758
         8.4552107827       -4.1658958738        7.5527162635
        -1.7310191918       -2.6323358769       -5.3512083412
         2.8723683630        8.2753758575       -1.3311594129
         6.7620815905       -0.5025104856        2.4604885823
         9.2503847122       -2.4123214402        0.4162655368
        -2.4917313629        6.8459610268       -6.2037304909
         6.9783313409       -1.5424478648       -9.7371733167
         2.1270893774        2.2333161396       -5.3896977144
        -2.1528383513       -2.3698795882       -9.0172690170
         1.6172633599        9.1701958778        2.2032094582
        -4.2701256327        0.8428988853       -8.5216030585
         6.8541028271      -10.4004324277       -1.6045720527
         0.2285036195       -4.3382256533      -11.2701557619
         5.4575722696       10.3082635993       -3.1374303105
         0.2883784832        7.7749474747        5.5703859719
        -9.3720934653        7.4442354524        1.6235941518
        -9.4314920631       -1.4519730953       -0.7077422311
         1.0247208178       -4.8051484539       -3.7975705266
         4.0354804818        7.1969678207       -4.8456958174
       -11.1155017026       -5.6126323612        4.1024228140
         1.1097602349        5.5950028333       -6.7800237816
        -7.8027330713       -9.8404109997        0.0778414643
         7.2813106631       -0.8055873586        6.1559480445
        -8.2145389185       -2.4449893589       -4.2550614551
         2.0498111940       -6.4453865390        2.5075003513
         4.4588805017       -3.5156858287        2.5138378871
        -9.6722315510        3.7215919379        8.0301654667
         6.5742753413       10.8054285586        3.4507267303
        -0.5736190350       11.8254932283       -5.6315720145
        12.9065595862        1.1968035498        1.9683137768
        -8.8164574851       -7.6934193577       -2.9950300874
        11.6878697896        2.1912364902        5.5206946001
         3.0210516501       10.5227972984       -6.1535685624
        -6.7012345862        5.3918663807        9.8948027439
         3.8255678560       -0.5459412618        4.8608650640
         3.9395331615       -3.2146023778      -11.4834129675
         5.5164993504      -11.7642448413        1.7483356194
        -8.5427659912       -3.6431164792        2.3045676067
         1.7923098886      -12.8199256044        2.0791906084
        -6.9350048582        5.4953197801       -0.4598768386
        -8.7528084380       -2.1839009535       -8.0316703706
        -5.5422467815        6.8081623536       -3.8071780632
         3.3633531107       -0.2499418745        1.2238083870
        -5.2467132571       -2.4214588684       -6.7166093245
         1.6313961159       10.7441810775        7.3339624762
         9.4314917978        1.4519736917        0.7077425096
         5.6984277226        2.1460541160       10.4312595359
        -3.0740340694       -5.5785479134       -7.1408900287
       -11.3944121036        4.0702461655       -5.0484015309
        -5.7734956357        2.1354201327        0.8171780552
        -2.5645328015       -2.0781888200      -12.6881911746
        -8.9951935401       -8.8299950103        3.6060503629
        12.7251939557       -2.6730050436        1.6764207326
         5.5422470381       -6.8081624888        3.8071783800
        11.1155007630        5.6126333986       -4.1024217247
         6.9350052036       -5.4953195124        0.4598768195
         4.1891460208        0.6567354214      -11.3096676897
        -1.4411257872        3.5530774743       -4.8846542425
        -1.0247208832        4.8051477342        3.7975706215
         1.0195432482       -3.2058351849        1.2471911745
        -1.0195437842        3.2058338629       -1.2471925293
        -8.1600841677        8.9886399603        4.9500771863
         8.9951926113        8.8299954775       -3.6060495305
        -1.5660447883        1.3157032409        9.3476524155
        -8.1828845121        4.0356532106        2.8837632371
        -5.7666755937        8.6470808226        7.9912032563
        -3.9395327695        3.2146027544       11.4834132722
        -1.2053135118        0.8703731672      -10.7901646273
         4.4210266071        8.5446467495        8.9067064518
        -8.4560420413        0.1973065419        2.6383191462
        -1.1097600656       -5.5950037463        6.7800234216
         2.3117557519       -1.8490906652       -2.0270613940
         7.2428858893        6.1652877507       -9.0230677683
         6.6328379042        5.4007501050        8.5279642727
        -3.6805498694       -7.6059714206        8.6308533838
        -2.0498112924        6.4453856893       -2.5074999933
        -7.0181924201        5.6135990873        6.1538969896
        -4.6478257395        3.7176280141        4.0754420662
         5.3066768739       11.6921026485        6.9391534899
        -6.0418292233        7.2095303957       -7.5767929346
        -2.3117561438        1.8490903548        2.0270606806
        10.4549069325       -5.7976168658        1.7237728348
         9.3720946898       -7.4442345180       -1.6235941776
       -10.5738511330        5.9445205783        4.9741577459
        -4.6848411892        1.1391733394      -12.1918181888
         6.1245490028        5.6163459649        4.7443367573
        -7.1596690337       -2.3267431771        9.4453278788
        13.6820787163       -1.0167544972        4.9784387253
         7.4613224198        1.9985831167       -5.6476978041
        -1.3410235926       -2.8472999867       12.7271536155
        -5.6984280991       -2.1460542859      -10.4312600933
         1.1596566457       -1.0225085259      -13.0190463136
        -5.3066769572      -11.6921030439       -6.9391533887
        -0.7059063168       -7.5929218390       -9.3668606916
        -4.8828292526       -0.0605032314        3.8360590484
        -2.9621767105      -12.1414210975       -3.9619815868
         7.8027324721        9.8404108696       -0.0778409904
         2.4878658315        1.9085620928       -1.7436287993
         4.3157861328       -3.4837861788       -7.7973967700
        -4.9515299754        3.8768331396       -6.2415402868
       -12.7251936446        2.6730066205       -1.6764202873
        -7.4758940791       -8.5824998401       -6.5067345590
        -0.3970237282        0.2866952252       -3.5542241531
         8.1600856406       -8.9886387413       -4.9500772500
         7.0181937100       -5.6135981656       -6.1538967608
        -4.5606595694       -0.3585963557        7.5878916824
        -1.6172631999       -9.1701969149       -2.2032097072
         3.0176897291       -6.5374092020       -9.6976622448
         0.5736195765      -11.8254936375        5.6315720293
         3.6805500071        7.6059717779       -8.6308536322
         9.6722325709       -3.7215903096       -8.0301651864
        -9.2503845234        2.4123221752       -0.4162654433
         3.5008553453        5.3236980641       10.8224130690
        -4.4608047101        8.4526959529       -0.4640477141
        -2.6227146626       -5.7785779438       -3.4295322020
       -10.4549063111        5.7976180241       -1.7237728777
        -5.7725567187        7.0754352040        2.8597167783
        -0.7735196384       11.2404256168        4.3523915550
         2.1528381859        2.3698790727        9.0172690358
        -3.9602849372       -8.7256224699       -5.1785752855
         1.7471529548        2.5485921511       -9.0561763359
        -3.3825583028        6.7343627148        5.8965098924
        10.0325153634        3.9657532826       -7.4503225928
         9.8751525771        0.1223636832       -7.7581392338
         0.7100262453        5.9359627577      -10.4951928987
         7.4126202418        4.6955316945        1.2285542087
         3.1665470807      -11.5819305327       -1.3117507412
        -4.7487743051       -2.6697279436       -2.9803925447
         3.9602850753        8.7256215956        5.1785750082
        -1.8597979491        3.8826808425       -8.5456497446
        10.1206075218        7.7640057209       -7.0930577555
         8.4560417938       -0.1973065491       -2.6383188474
        -2.8723691034       -8.2753765541        1.3311596622
        -1.4937781182       -5.2030623466        3.0426698915
        10.9364274929        4.4765705357        2.4987370387
         0.7982230143       -0.5764082573        7.1458286934
        -3.0952044827        9.7324994503       -3.7863112181
       -13.6820789554        1.0167555883       -4.9784378739
       -11.6764568187        4.3187256032        1.6526811023
       -10.2107084263        0.7587881827       -3.7153253737
        -1.7471532737       -2.5485923145        9.0561758325
         2.6227146124        5.7785766511        3.4295318824
        -1.3044978174       -2.8741749993       -1.7057957104
        -3.5446161201       10.1552179290       -7.4962083768
        -5.2242147481       -7.8361085967       -1.6926830638
        10.2107081293       -0.7587870967        3.7153255013
        -4.4588810200        3.5156849106       -2.5138379425
        -0.6321433435        4.5958484963        7.5487004949
        -0.2883780159       -7.7749481568       -5.5703865852
        -4.3018778128       -4.5167121393       10.9002543466
         8.5427648626        3.6431166605       -2.3045672310
         3.3825592359       -6.7343627066       -5.8965100375
         2.0995693759       -8.2137679856       -2.5749058960
        -4.4210268610       -8.5446473583       -8.9067069121
         9.0177494401       -7.1102062396        5.0840462863
         1.3044969334        2.8741733498        1.7057955125
        -6.1245490676       -5.6163462830       -4.7443368197
        -5.5164986288       11.7642456314       -1.7483359259
        -7.4126208982       -4.6955320821       -1.2285540530
        -5.4575729529      -10.3082639769        3.1374307675
         1.5660448226       -1.3157033046       -9.3476524911
         4.3018779174        4.5167125174      -10.9002543926
        10.5738528191       -5.9445191740       -4.9741576479
         0.7735201554      -11.2404260325       -4.3523921445
         1.8460500262       11.6440430171       -2.6262568345
        -6.5742753911      -10.8054288687       -3.4507264621
         6.5994846288      -10.1173653230        5.0962366586
         7.2825497368       -1.8158911103       -5.9354164266
        -3.5008554525       -5.3236983814      -10.8224133685
         4.5606592726        0.3585970930       -7.5878917958
         9.6040356718        5.3993226998        6.0276187066
         3.0740338743        5.5785468143        7.1408894170
        -4.1891457522       -0.6567349191       11.3096676434
