        -3.2032888564       11.3163163333        2.6091399574
        -2.2065699461       12.2897623864       -1.0116188064
         3.9518588095        4.2049230397       -4.3270810399
         1.9947048012       10.0370783847        3.5897494497
        -6.2588551053        7.0765806619       -1.5543506545
        -7.4593576117        1.0841151176        5.9039096755
        -5.4863921771      -10.9507804773       -4.7778827576
        -8.6458838488        1.3186187119       -3.9585558028
        -5.4035391022       -8.0252178825       -7.2999260369
         6.1711066683        6.3312557996        0.0489488424
         2.1839797409      -12.3369053685        0.9793811336
        12.2967666998       -1.9035105914       -1.5796794995
         8.0862293753        5.1647434031        6.7791192524
       -10.3843180441       -3.4316568739        5.1722936935
         0.2272146819       -4.5645804485        7.5713902638
       -11.0045680839       -5.5567455297       -4.5771113893
        -3.8392636599        0.2177528649       11.4517649331
         1.4730695227        4.1689743955        8.4051407005
        -1.2462697551        2.7674931101       12.7301929892
         1.9921552510       -5.0301325714       -3.0990031625
         3.2983204054       -1.5763898356       12.5380645444
        -8.9069666066       -3.5874807484       -0.0498453034
        -0.4409292669        9.4950582075        0.6883800228
        -1.7751477493        2.3725503718        9.0912964441
        -0.5227965845       -1.0228804124       13.0192766338
         1.1178814066        3.7416646299        4.7619772786
         2.3154143801        7.6025293203        9.7213181081
         3.2550828095      -10.3674538203        7.3099248025
         1.7015941030       -2.6800153558        1.6400180679
       -11.5311604764        3.0118163229       -2.1067001124
         9.8641671855       -7.6865067464       -3.9450777943
        -8.3045635592       -8.5718548780        2.0287406276
         8.8854020177        3.5321196015       -0.0746193830
        -4.4644445126        4.3186696627        0.1350830660
        -9.5872482269        0.2205270819       -0.3592773285
         7.5684499161       -5.3356681476       -9.3084050739
         3.1776319266      -11.3665591210       -2.6466491768
         9.2398523466       -0.9187575819        7.6721726936
         3.0050385067        3.5277326905      -11.6953918560
        11.5395191576       -4.2394674846       -4.5575788936
       -13.0491447297       -0.4860009076       -1.4757506255
        -1.0432927580       -1.4061598661        9.3832825332
        -7.6512491440        5.2864807906        9.2456929985
         0.9826152239        1.3702321339       -9.4472201766
        -7.0599168365        1.4867835214        9.6875209369
         4.2705504771        9.1911754245       -8.3175728729
        -3.9425329315       -1.1022671993       -4.7248666319
         7.5894087317       -4.4075100942        8.2693825871
        -8.7767861371        7.4772879461       -6.2744063302
        -9.5540060623       -7.1981125804        5.4134401134
        -1.7482708151        2.6479646738       -1.6983603941
         4.6147856756      -11.6317752159        3.8957705671
         4.0485096904       12.3353461540        1.4407693605
         8.7627877070        4.7936486873       -8.4989459659
        10.1397006510        2.0951898410        3.2563834002
         8.2728796840        8.2505346073        4.5991031591
        -4.9298312852        3.6352498896        7.3547251960
        -9.5295029331       -1.0600100867        8.1222646536
         0.2421015277       12.9189661453        1.9159435897
         2.2310179939       -2.3489886196        5.2635703563
        -6.3720024571       -2.3281150373        9.9989978481
        -8.9976444853        8.7614547181        0.3057719173
        -1.5392564466       -1.7749907850        5.7354228722
        -6.7628659495       -1.4010506210       -2.2060859873
         6.3349053882       -1.2347342963       10.1698385984
         1.4961729469        1.1550159415       10.6880676608
        -4.7540139944        6.6668708660        4.9225574547
         3.8736851835        1.0448342571        4.6375264228
        13.6127759228        2.7784494615        4.3509816549
         2.6761334413       13.4597133371        4.8152886631
        12.9865557387        0.4465594149        1.4039686113
        -2.9990800680      -10.6324270517        4.9068133888
         5.6297310971      -10.6840454881        0.2915727084
         4.6916375037       -6.7090809272       -4.9908909273
         7.3184104872        1.6948846781        5.7950887758
         4.8661234971        4.8144873215        9.5477621799
        -1.6386451205      -11.8904357465        1.4943735990
        -4.3221978584        7.1655148280        8.7048147810
        -7.3868270738       -1.8112006048       -5.8746281745
         2.6434373664        5.4975917817       -1.0081352447
         0.4587104377        0.3540874065        3.5010400938
       -10.7979808460        5.3667642476        0.8931266754
         5.5049095592        7.9274743108        7.4054599170
         1.7452660499        6.7311187864       -9.8915273980
         0.8133836617      -11.2079297760        4.4326561090
        -7.5115454574       -5.0250374198        3.2141887574
        10.7972811220        2.5275857622        6.9289220812
        -6.9930080624        4.7241388839       -4.5521002492
        -0.6931037317       11.8195907940        5.5175975921
        -1.7952193343       -6.7677630123        9.8311227135
         2.0884651994        4.5820853771       12.1038810738
        -4.0630856804        5.0428321165       -7.0712400877
        -4.0018413716       -4.2467839118        4.2580684763
         4.5894567514        4.4919332992        5.9061045743
        -9.8534918341        6.4667334096       -2.7078476481
         1.6116988009       11.8400527329       -1.5307753989
        -0.6791291914       -3.3430956065       -1.2128021455
        -3.3430861404        1.5670025964      -12.6143566309
         6.0716082821       -0.9471416975       -0.8083798336
         7.5266733668        4.8274368138        3.2002648261
        12.3346181144        4.2447138508        1.0533776810
         3.7501597536       -0.2811586727      -11.5066157979
         2.8316921588       -8.8788503029        2.1701873000
        -2.6659645164        1.5778341930        1.8065903035
        -2.4012855419       -7.6351096823       -9.7292615681
        -2.2401671130       -4.6034245017      -12.1127218455
         1.6628654523       -2.4377791357       -9.1377608391
         6.7246838999        9.8683525635       -5.3881553520
         7.4716259571        4.9841816985       -3.3080187130
        -2.2137153445        1.9941732294        5.4409506958
        -0.5243291854       -0.3950063194       -3.5648240669
         3.4962955483        3.8867604542       -8.0305083958
        -2.0097517373      -10.1102825169       -3.6165114056
         0.6287233067        3.3003239847        1.1487660425
        -4.0687014729      -12.4081129431       -1.4656615255
         4.4400057598        1.3817960466        8.2699344998
        11.0201017398        5.5535976102        4.4244807840
        10.1192088617       -2.7846790121       -7.8752799087
       -13.6565303405       -2.8152660066       -4.4355292685
       -12.3674989865       -4.3003003404       -1.1651697554
        -2.7015487294       -5.5406766396        0.9366316795
        -3.2914880986       10.3494814699       -7.3544170081
         4.6699828697        0.4894079213       -4.0735532578
         6.7234097289        2.6268040345       -6.2903998891
        -3.8628526613        7.8431125984        1.3668541440
         0.2307494774        4.8293757833       -3.9018338963
         9.5375494410       -0.2552604049        0.2859005896
         1.5105110623       -5.5123687469       -6.8135654610
         5.4100464795        2.8234252987       -1.1139416740
        -5.2463403306       -4.9906798066       -9.7209963489
       -10.1984256230       -2.1061553047       -3.3168562038
         1.0661700432       -6.1089535045        0.4671877191
         2.6112723995       -1.6217923091       -1.8693955522
        -8.0158538865        3.6877284336       -0.9834105481
         3.4455163294       -5.3730551952        3.3276186572
         8.0054647081        8.5310114401       -8.7288070908
        -2.2888291271        2.3095532031       -5.3220327691
        -4.6918409612       -4.5652739022       -6.0344614302
        11.4838864690       -3.0439470743        2.0490832272
        -3.3920382697       -8.9743441803       -0.2506611320
        -0.2844134465        4.5286927938       -7.6308845861
         9.4625191987        1.0057911317       -8.2070300426
         3.8182893256       -7.8792550186       -1.4210505356
        -3.4895883635        5.3422584139       -3.3827728222
        -8.0400413659        9.8329714914       -3.2716217983
         0.4908188775        9.7935345856       -7.8523870456
         4.2376712798       -7.2076104566       -8.7550415629
         7.9700188522       -3.7223798224        0.9141466626
         6.2993316420        2.2711008271      -10.0717407125
         3.3524019826        8.9130217521        0.2113585065
         1.4704330183       -7.6205008087        5.5785744067
        -4.7249424100       -0.5324976869        4.0041807998
         4.9554785858        1.8921608769       11.9516898991
        -8.8659700605        2.5420915444        2.5985382370
         5.8083228535       -7.8102606553        8.7519969221
        -7.9494015996       -2.2085358021       -9.5250660364
        -1.8758830751       -7.1996390073       -6.0775752802
        -8.8261618314       -4.8454058572        8.4139032585
       -11.7978595428       -1.9723480489        1.8615333378
        -1.0310150294       -0.7775863720       -7.1343170953
        10.7020763343       -6.5355010816       -7.4874727437
        -1.6157118778        5.4842676214        6.7440378562
        -1.1315641927        5.9185427286       10.4796136069
        -5.2569975411        8.0772955544       -5.0923769462
         2.1488110429       -2.0315099737       -5.4935687265
         1.1480684520       -2.8301851633      -12.7858214834
        -6.1200975298        0.9083952902        0.7333135941
         6.9512391931       -4.7608021114        4.4923199496
        -1.7208083738       -4.2087083531       -8.4649828095
        -2.0618680697        7.3142440204       -9.4070671722
         2.5628024443       10.5421279846        7.2768339142
        -8.2644258320       -8.2728548036       -4.6881479393
        -2.8679868592        8.8434839145       -2.2168742021
        -0.8038310702        4.1786492823      -11.3300318439
         8.9548186848       -8.7883105180       -0.3586139157
        -0.2567845215      -12.9853983767       -1.9414253339
         4.8033269560        7.4491251182        3.5630685319
        -1.3398586808       -6.7018028040       -2.4061794575
        -4.4695291591        4.0379342056       11.0252774742
         7.1401295271       -6.0281581149       -2.0595050136
        -5.1878995917        1.9942158968       -2.8294193843
        -1.1055060473        6.0724192490       -0.5175597535
         8.5990798403       -1.3562079846        3.8859944793
         5.2178128165       -8.1035666650        5.0434798592
         2.9573812766       10.5989397309       -4.9637638423
         9.7167359628        7.0985344230        1.1522702247
       -10.1872831738        2.7324105821        7.7942797365
         8.2724840998        8.5354641950       -2.1240635606
         0.6805704835      -11.8915246437       -5.5490734633
        -4.0903109963       10.0920795388        6.1751174545
         1.8907689322        7.1323208805        6.0672788188
         4.4135478598       -4.3559056624       -0.1988509524
         9.8131172128       -6.4884885762        2.6587765665
         8.7392636497       -7.4914563633        6.2319814889
         4.2338087341        0.1068711268       -7.8064190523
        -4.6037973806        4.6925477217      -10.7302448214
         6.9817465038       -1.5427146356       -9.7590061436
        -5.4324955386      -11.1848278335        1.9287869801
        -5.0169613769       -1.8868137661      -12.0094603871
         7.3955219268       -1.1331041959       -5.9815939419
        -6.0256898751       -6.4039176080        6.4456672976
        -6.9428763419       -9.8281766848       -1.3830750808
         0.9169987820        8.3630271793       -2.7428512597
        -6.2209394029       -6.3533341792       -0.1660836922
        -4.6449631174       11.6034225493       -3.9344550947
       -12.1069798158        0.6137367244       -5.0791826941
         0.8497207000       -8.9805601471       -8.0831305248
         6.2159630670       -7.1043194363        1.4983796133
        -7.4731644642        8.3240231895        6.8191215318
         8.8142450427       -2.5845506713       -2.6717933245
         2.7622425607       -1.9910920211        8.9044926144
        -1.1989560208       -3.7838411657       -4.8269396015
       -10.9865888398       -5.7627966377        2.1288208592
        -8.1804123190       -5.3098244578       -7.1982884727
         1.3211134623        6.6450907582        2.3772028846
        -5.8428916818        7.7964132977       -8.7969614305
        -6.6116454845        9.5580966610        3.2636633567
        10.9607151656        5.7163132767       -2.2416103030
        -5.6642316592       10.6546321991       -0.3351484235
         1.3509438807       -8.4584399947       -4.3286651892
        -3.5556064170       -3.9300447455        7.9637741297
         5.7505566302       -1.7140203598        6.4714296227
         7.0018582530      -10.8471414990        6.7713531164
       -11.5971010542        4.1922661885        4.4830523387
        -6.7726036680       -9.9106133314        5.3134268040
        -7.1906024939        5.9913741525        1.9953666959
        -9.2986968735        0.9475140028       -7.7074794385
       -11.0682290238        0.3819958124        4.8608461531
        -2.2885396854       -7.0537342251        6.0472411783
        -7.6234529675        4.4017151979       -8.3097107361
        -4.0996277966       -4.0993526180       -2.3329492416
        -3.3771145364       -0.7053090121       -1.1120061529
         6.5658077299       -9.5920341767       -3.3170530382
        -9.7213340556       -7.1138400886       -1.2824591881
         5.2779573821       -3.2374008458       -3.7206794058
        -4.7345659550       -7.7343888113        3.1137351079
        -7.0352941261       10.8315350460       -6.8122146005
         3.3288888525        0.6662820912        1.0332678565
        -9.9169211893        7.6479748560        3.8807821290
        -0.5332878735       -9.8203517247        7.7992364277
       -10.8459372985       -2.5208428499       -6.9977212850
         4.3682216781       -4.0926229978      -11.0732073939
         4.0148718905       -5.0801965885        7.0170009423
       -10.7696646553        6.4888021407        7.4140047004
       -12.3505157567        1.8574780641        1.5072767752
        -4.8071908710       -7.5184829303       -3.5572440939
        -5.5892830224       -6.1026023626       10.1697226122
        10.7503163854       -5.4031592567       -0.9554975671
        -1.5158553657        7.5924867247       -5.6323709318
         8.0037567222       -9.8509306010        3.2270267577
         4.0558698482      -10.1527584808       -6.2292855816
       -10.4658370548        4.0549223560       -5.6900779195
        10.4121323490       -4.0604029571        5.6499470888
         5.9728110513        6.3609721655       -6.5220044991
        -0.9593965863       -8.3989340374        2.6867917148
        -1.5458479270       -1.1649976785      -10.7563211153
        -4.3087667931       -0.1607699650        7.7396985570
        11.7645383665        1.9150101171       -1.9643463618
         1.4772461816        1.7347736537       -5.7988642684
        11.0142078379       -0.4369813805       -4.9496233070
        -2.0054909315       -2.1239671881        2.1000862159
        -8.2811572250       -1.2544072190        2.9539182906
        -5.3334229834        3.1949436292        3.6563825279
         5.4719882009       10.8585658403        4.7755225449
        -0.0261640155       -0.0198120433       -0.0329364675
        -4.4939386242       -1.4965356609       -8.3619264310
         5.3917347428       11.1234614937       -1.9775234704
        12.0395888873       -0.6255841906        5.0223433438
         4.6815708605        7.6931992408       -3.1901367511
         0.9642733330        0.7347527279        7.0715013362
         7.9818987077       -4.8802832280       -5.5980224046
         6.7159883472        1.3603777162        2.1261905272
        -6.7845372880       -2.6754985381        6.2103863360
         6.9031748808        9.7622844209        1.3286002348
         2.2372981306        7.0168665722       -6.1107205459
        -4.3214053036       -9.2295008490        8.2516419891
        10.3321781778        3.3785572324       -5.2661607553
        -7.5452870815       -4.8422480156       -3.4571104188
        -2.8221760958        1.9520744918       -8.9657650363
        -2.5516154326      -10.6315590737       -7.3011965677
         4.8484396283       -3.6806166831       -7.4128957604
         7.4118428349       -8.3677417338       -6.8823247011
         0.4149284557       -9.5501762119       -0.7255935542
         0.7579615491       -4.2106277052       11.2712066440
         8.2329877199        1.2034222291       -3.0436717912
         7.8690697170        2.4139198777        9.4576172053
        -8.0622035581       -8.5765302547        8.6460084778
         2.0221203884       -7.3359313185        9.3574560623
         9.5103011589        7.1531777191       -5.5097675547
         4.5727026726       -4.6955693415       10.6706738587
        -5.8011891565        1.6408096821       -6.5395797764
         4.0525979406        4.0608791626        2.2387152895
        -6.3647852008        1.2666412080      -10.2300492505
         5.5301451021        6.0552317302      -10.2429131818
        -0.8893852905        8.9146718921        8.0286256004
         0.4661024513        0.9840794872      -13.0961271424
        -2.6841951400      -13.5412684656       -4.8349830211
        -0.8476183406       11.1785454495       -4.4764616177
        -2.0487596010        4.9872116798        3.0262048040
        -2.0647391742       -1.5544038774      -14.4021228631
        -5.4478542868       -2.8578145380        1.0380253138
         8.0683347063        6.3661582909       10.1893639922
         1.0062727637       -5.9469769421      -10.5060289918
        -8.0440102027        4.8363335073        5.5296255927
        -0.2815104288       -4.8665970784        3.8379484893
         1.9570503383        2.0806893458       -2.1682672053
         1.9925059949        1.5144888477       14.3420618789
        -3.0627803814       -3.5741998328       11.6264209424
         5.1436051854       -2.0321808463        2.7593353881
        -1.3762865001        8.3986722248        4.2770740844
