        -3.2853900233       11.2949571133        2.5535867536
        -2.2312952247       12.2425887709       -1.0407660801
         3.9725106809        4.1816987530       -4.3107310494
         2.0044958260        9.9598417747        3.6912145798
        -6.2777581300        7.0192231522       -1.6440815033
        -7.5516995789        1.0162828599        5.7961018245
        -5.4089480190      -11.0148438232       -4.8499228536
        -8.6186612205        1.2477312163       -4.0746127061
        -5.3108194604       -8.0898267501       -7.3732520009
         6.1873647869        6.2857359413        0.0692601980
         2.2059712185      -12.3666691978        0.9943627275
        12.3116751073       -1.9098050107       -1.4720462642
         7.9994398510        5.4907859011        7.1710388173
       -10.4454595177       -3.5140395080        5.0325121960
         0.1475702494       -4.5964111852        7.5557218683
       -10.9488073868       -5.6398153501       -4.7166007228
        -3.9805532292        0.1569527986       11.3836799808
         1.5338919469        4.1210271156        8.3868693122
        -1.4210087576        2.7221117711       12.7080607282
         2.0269373108       -5.0635351340       -3.0978704034
         3.1545579857       -1.5694204686       12.5477586892
        -8.9090854016       -3.6624091699       -0.1695187058
        -0.4752758738        9.4573208081        0.6791172198
        -1.8815873303        2.3239150831        9.0464378188
        -0.6807315328       -1.0622530169       13.0084046430
         1.0518366583        3.6979340330        4.7513381789
        -1.1649894292        8.9196320597        8.0195644985
         3.2030901398      -10.3798312478        7.3341570756
         1.6746474660       -2.7122778537        1.6328113304
       -11.5291621736        2.9294949305       -2.2577441959
         9.9177480745       -7.6963020425       -3.8530134482
        -8.3078774160       -8.6446866228        1.9206567625
         8.8566574810        3.5126273022        0.0076371021
        -4.4891135866        4.2727926422        0.0704113722
        -9.5968233533        0.1459714842       -0.4867743859
         7.6680830552       -5.3645966150       -9.2473047140
         3.2333639914      -11.3976237560       -2.6220141011
         9.1376989328       -0.8929101312        7.7273564348
         3.0969243965        3.4850231580      -11.6925248888
        11.5891475805       -4.2505245010       -4.4553669972
       -13.0443352498       -0.5748567751       -1.6435126856
        -1.1618629893       -1.4545710711        9.3527099268
        -7.8173190190        5.2025745634        9.1353190130
         1.0622180561        1.3259163444       -9.4589065363
        -7.2098126101        1.4024598812        9.5851089352
         4.3096183690        9.1562827359       -8.3150846829
        -3.9020430585       -1.1558933547       -4.7877056536
         7.4946271566       -4.3856119087        8.3269794783
        -8.7436392422        7.4080565406       -6.3912738441
        -9.6008931598       -7.2762541390        5.2886685058
        -1.7538853978        2.6054488359       -1.7409965535
         4.6036431608      -11.6440574673        3.9378688400
         4.0017738508       12.2663202671        1.4997952730
         8.8173884602        4.7650215603       -8.4549666815
        10.0960830735        2.0831743433        3.2978593857
         8.2166649865        8.2227898978        4.3718303489
        -5.0512986273        3.5650741545        7.2839514031
        -9.6412970941       -1.1426784465        7.9887986842
         0.2187659777       12.8287785533        1.9470381821
         2.1570958740       -2.3913843726        5.2613726344
        -4.4133682330       -0.2150472309        7.6721827976
        -9.0468608308        8.6913025727        0.1795737459
        -1.6151288890       -1.8187864868        5.6982313592
        -6.7481579844       -1.4644877355       -2.3005090165
         6.1920140991       -1.2189942207       10.2068546455
         1.3201149313        1.1116841703       10.6849351308
        -4.8557264679        6.6171766306        4.8586296917
         3.8079966002        0.9597855134        4.6501863074
        13.5291433179        2.8109647086        4.4719712139
         2.6447014835       13.3541140439        4.8981776661
        12.9735552743        0.4492618446        1.5150571425
        -3.0248040054      -10.6791184672        4.8614527092
         5.6519380623      -10.6991193621        0.3429714342
         4.7529540076       -6.7377644250       -4.9562744501
         7.2490689071        1.7942906526        5.8305930603
         5.0111189094        5.1599820996        9.6864255299
        -1.6234024272      -11.9352626451        1.4661163927
        -4.5172405243        7.1029236264        8.6343016978
        -7.3308446584       -1.8804674627       -5.9753418673
         2.6486458857        5.4742671918       -0.9904238687
         0.3994109964        0.3168357891        3.4795103594
       -10.8421280994        5.2868651009        0.7464174315
         4.9230409648        7.7316907512        6.8654654874
         1.8093121839        6.6873664274       -9.9027946894
         0.7949933004      -11.2367780151        4.4312520673
        -7.5438719784       -5.0939489477        3.1112369587
        10.6486804700        2.5998306166        6.9881019743
        -6.9703114907        4.6613096811       -4.6499862744
        -0.7602626330       11.7391678438        5.5081875588
        -1.8876650420       -6.8051277115        9.7957750040
         1.9565664496        4.5612476124       12.0517181121
        -4.0178882482        4.9881399212       -7.1351564574
        -4.0510555625       -4.2970984070        4.1940553187
         4.5224461551        4.3291760923        5.9420800368
        -9.8571573523        6.3928376563       -2.8400200349
         1.5781097137       11.8333414593       -1.5402111023
        -0.6700143354       -3.3836630588       -1.2409809768
        -3.2309587646        1.5066346292      -12.6703898078
         6.0707980681       -0.9679625630       -0.7713141617
         7.4259569470        4.7732722913        3.4272877113
        12.3129406387        4.2424452713        1.1476581645
         3.8529271745       -0.3231197630      -11.4928958259
         2.8258231503       -8.9053231670        2.1859662139
        -2.7049066733        1.5405485667        1.7538438799
        -2.2860659799       -7.6921806398       -9.7700496293
        -2.1121334241       -4.6616045905      -12.1547749288
         5.1462774173        9.0721374105       10.2259576842
         1.7509930515       -2.4823495621       -9.1425239110
         6.7325273350        9.8499020498       -5.3784868055
         7.4870175133        4.9530524618       -3.2700397251
        -2.3029644979        1.9399760531        5.3910262026
        -0.4984391528       -0.4365154827       -3.5930576085
         3.5531625329        3.8509840766       -8.0215379605
        -1.9485777027      -10.1606100179       -3.6511864291
         0.5911559843        3.2698821074        1.1323323790
        -4.0201457749      -12.4648880463       -1.5205283249
         4.2970842894        1.4675091696        8.3153939827
        10.8861396402        5.5497417606        4.5353469818
         8.0425229018       -4.9002293798       -5.5329846621
       -13.6116096738       -2.9067039909       -4.6073247427
       -12.3541364322       -4.3889607647       -1.3233450635
        -2.7081367170       -5.5877028232        0.8878267610
        -3.2591477708       10.2990926614       -7.4125698232
         4.6948423257        0.4654446189       -4.0523385892
         6.7650764006        2.6011348763       -6.2548886126
        -3.9212238380        7.7984369134        1.2967195381
         0.2475643187        4.7971379299       -3.9166356742
         9.5256504300       -0.2714747930        0.3566116873
         1.5866085072       -5.5542379759       -6.8156153801
         5.3982555535        2.7924929274       -1.0913919703
        -5.1399794808       -5.0562206471       -9.7950119222
       -10.1683006874       -2.1847427337       -3.4498032497
         1.0658761661       -6.1453568513        0.4580892725
         2.6216026387       -1.6489066535       -1.8671800329
        -8.0279045838        3.6220610310       -1.0928560918
         3.4102295640       -5.4001866911        3.3412187721
         8.0514832537        8.5025533330       -8.6976956122
        -2.2516348586        2.2631900655       -5.3671217922
        -4.6254136923       -4.6252121605       -6.1033396002
        11.4534437578       -3.0305536764        2.1576073705
        -3.3699735675       -9.0269229323       -0.3020093208
        -0.2325439251        4.4849994311       -7.6545160859
         9.5270849516        0.9792412359       -8.1459784993
         3.8467702519       -7.9064186379       -1.3950297183
        -3.4824484130        5.2957248641       -3.4407539440
        -8.0481428883        9.7689558658       -3.3814854014
         0.5254282322        9.7509450566       -7.8777962530
         4.3393327912       -7.2446537197       -8.7249951691
         7.9593743763       -3.7316527947        0.9802205586
         6.3770828594        2.2364366526      -10.0395941291
         3.2854930737        8.9157900685        0.1568291031
         1.4245508813       -7.6430934210        5.5797759553
        -4.7861874145       -0.5840954036        3.9282151401
         4.7742247937        1.9495347571       11.9328611314
        -8.9196823502        2.4702531636        2.4773434734
         5.7300867709       -7.8039550099        8.7999170999
        -7.8543495679       -2.2826259596       -9.6312901923
        -1.7999678071       -7.2508710938       -6.1137446867
        -8.9169420315       -4.9205726069        8.2942536727
       -11.8273875298       -2.0589143027        1.7058386357
        -0.9672335627       -0.8245453432       -7.1665393130
        10.1944509715       -2.8049615712       -7.7925537192
        -1.7449613013        5.4076358927        6.7462092698
        -1.3647387557        5.8078509993       10.4346692799
        -5.2386652882        8.0234274140       -5.1684424562
         2.1983357620       -2.0683463064       -5.4948105221
         1.2746656744       -2.8802664641      -12.7952411586
        -6.1441667706        0.8511783679        0.6460888972
         6.9007349596       -4.7560587599        4.5556714671
        -1.6311515520       -4.2612672001       -8.5023244218
        -2.0015049141        7.2624502960       -9.4524299653
         2.4953568939       10.5048814509        7.4496419612
        -8.1976336744       -8.3465851396       -4.7940517903
        -2.8808974600        8.8015269714       -2.2650458062
        -0.7149455846        4.1266175370      -11.3604933928
         8.9749218349       -8.7917638690       -0.2731636317
        -0.2020248447      -13.0287597483       -1.9534494125
         4.7395607787        7.4742840671        3.2890310209
        -1.3054601650       -6.7472058972       -2.4382479811
        -4.6583065196        3.9447969598       10.9549136102
         7.1688039814       -6.0428319889       -2.0007582570
        -5.1766058118        1.9393987583       -2.9050593104
        -1.1336587124        6.0348458971       -0.5531496111
         8.5334361115       -1.3426190231        3.9621016847
         5.1791679502       -8.1101561800        5.0863528342
         2.9542242590       10.5652922984       -4.9703832520
         9.6826824876        7.0307887214        1.1356226736
       -10.3155130578        2.6470294906        7.6499449486
         8.2662534518        8.5180428732       -2.1260651336
         0.7685079937      -11.9347891065       -5.5513257493
        -4.2562700830       10.0749790187        6.0926998253
         1.4870222759        7.1142315732        6.0268199173
         4.4129956695       -4.3804859347       -0.1778350691
         9.7911022042       -6.4820870761        2.7521772846
         8.6834438377       -7.4770215921        6.3139608882
         4.2987883779        0.0716121093       -7.7881746429
        -4.5201711638        4.6314505174      -10.8001068728
         7.0704704341       -1.5750444221       -9.7113315007
        -5.4239945293      -11.2449052518        1.8566140028
        -4.8988076410       -1.9529115918      -12.0829805815
         7.4469623617       -1.1543755009       -5.9292730518
        -6.0875916184       -6.4644181086        6.3608858251
        -6.9048716115       -9.8964438403       -1.4733744315
         0.9015276021        8.3323104492       -2.7627789252
        -6.2107091704       -6.4173928760       -0.2523078949
        -4.6474439690       11.5525993263       -4.0019326961
       -12.0653145298        0.5286805694       -5.2341668748
         0.9522680258       -9.0266666770       -8.0870364759
         6.2110424747       -7.1132338468        1.5507985194
        -7.6216505190        8.2609096504        6.7039860084
         8.8394034393       -2.5996198466       -2.6030727024
         0.6422681954       -4.2273391728       11.2577969718
        -1.1494054426       -3.8298512376       -4.8598513285
       -11.0035169970       -5.8471255061        1.9863985556
        -8.0981130156       -5.3836830038       -7.3050351875
         1.2425979517        6.6219890590        2.3470990738
        -5.7870831560        7.7353442652       -8.8799227767
        -6.7013527636        9.4964299934        3.1570934223
        10.9657812526        5.6743668390       -2.1964923065
        -5.7077986803       10.6049558811       -0.4205186333
         1.4127803592       -8.4974771313       -4.3278405762
        -3.6464954024       -3.9817955782        7.9067970381
         5.6718798412       -1.6773442385        6.5176957519
         6.9568085095      -10.8414253491        6.8390240504
       -11.6839257294        4.1065905672        4.3236594867
        -6.8054727612       -9.9749670258        5.2236639401
        -7.2506293904        5.9281113068        1.8944682657
        -9.2312413085        0.8712132577       -7.8296521289
       -11.1444851691        0.2968173784        4.7089951888
        -2.3431498564       -7.0957952295        6.0058257372
        -7.5616857165        4.3327467646       -8.4135986233
        -4.0752443689       -4.1537385928       -2.3970582490
        -3.3781304965       -0.7552943364       -1.1691086462
         6.6208807570       -9.6113513626       -3.2576978734
        -9.6953480936       -7.1930932112       -1.4073806420
         5.3133545416       -3.2604680929       -3.6883352594
        -4.7531830755       -7.7900837496        3.0454133288
        -7.0068223711       10.7700431468       -6.9078288582
         3.2985115140        0.6377630671        1.0392240553
       -10.0121991235        7.5708724977        3.7401491575
        -0.5923906601       -9.8508552395        7.7800179608
       -10.7748959025       -2.6033885285       -7.1368471781
         4.4811173360       -4.1329926379      -11.0476242545
         3.9490981813       -5.0828017681        7.0401795958
       -10.9095775708        6.4035838151        7.2625708866
       -12.3899782733        1.7706391080        1.3434069734
        -4.7562411548       -7.5781275130       -3.6253337437
        -5.6924156495       -6.1635751857       10.0912011155
        10.7652931711       -5.4044587217       -0.8547152595
        -1.4928906403        7.5489030353       -5.6716915708
         7.9909136872       -9.8498242536        3.3040585071
         4.1432748794      -10.1858186400       -6.1965312858
       -10.4284232221        3.9774130707       -5.8268998962
        10.3483709906       -4.0397282311        5.7409878942
         6.0078556055        6.3338477448       -6.4968873372
        -0.9717323630       -8.4398217914        2.6608926387
        -1.4439788791       -1.2189692700      -10.7934062993
        -6.4922675537       -2.3968753552        9.9073783798
        11.7626276266        1.8997061073       -1.8679713345
         1.5195488501        1.6995436864       -5.8047603292
        11.0544679631       -0.4544703624       -4.8623955195
        -2.0399475036       -2.1649353271        2.0566292166
        -8.3261065004       -1.3259505412        2.8386933791
        -5.3999088146        3.1441817230        3.5784010192
         5.5316782332       10.8409989712        4.8938515747
        -0.0424105588       -0.0552967085       -0.0576565628
        -4.4143385033       -1.5576132186       -8.4302792110
         5.3550099601       11.1389376273       -1.9974903909
        11.9658170216       -0.5940236719        5.1309772342
         4.6898465122        7.6738615346       -3.1762523156
         0.8648890664        0.7023866267        7.0528049468
        10.7874058647       -6.5516602025       -7.3907744086
         6.6692129958        1.3449189998        2.1670783609
        -6.8605986014       -2.7382073846        6.1139608942
         6.8871507313        9.8109954336        1.2417632236
         2.2672014869        6.9817253003       -6.1170621960
        -4.3885719701       -9.2799964947        8.1891761972
        10.3667883493        3.3481709549       -5.2098037359
        -7.5050840192       -4.9115054945       -3.5580056793
        -2.7483226764        1.8975717003       -9.0159063559
        -2.4499280768      -10.6872833465       -7.3406457513
         4.9232914183       -3.7138470560       -7.3828624650
         7.4981108904       -8.3915754425       -6.8162224011
         0.4426342459       -9.5900849485       -0.7353561420
         2.6642879340       -1.9923273951        8.9023933250
         8.2496757610        1.1867382883       -2.9867967846
         7.6997877752        2.3383837401        9.4550009960
        -8.1380317213       -8.6466861539        8.5395071589
         1.9377677120       -7.3514427942        9.3626363916
         9.5363968481        7.1236125631       -5.4719824247
         4.4571286643       -4.6918823475       10.6998770927
        -5.7491903065        1.5789414133       -6.6224830777
         4.0018880615        4.0245015204        2.2681645182
        -6.2741221462        1.1985633251      -10.3187750566
         5.5974610711        6.0196220293      -10.2227597291
         1.8858364139        7.5219740325        9.7007364457
         0.5827047824        0.9336424248      -13.1139254595
        -2.5969684272      -13.5956681052       -4.8732373001
        -0.8496800453       11.1427445755       -4.5097869740
        -2.1030625254        4.9482580543        3.0092748607
        -1.9247945395       -1.6129856370      -14.4445744195
        -5.4662962940       -2.9168130461        0.9568102540
         8.0020019055        9.3882628111        7.8221828083
         1.1218090317       -5.9956451502      -10.5126051834
        -8.1458389147        4.7670486079        5.4168309154
        -0.3264521476       -4.9051378453        3.8115437473
         1.9565270013        2.0565644486       -2.1698671738
         1.8180743477        1.5145619852       14.3296362808
        -3.1921641055       -3.6260634394       11.5781419533
         5.1049829364       -2.0650564643        2.7800207970
        -1.5268069566        8.3830735002        4.2075302189
