         8.6127708093        5.7688245912       10.2227132038
        -4.6154723005        6.0938671086        5.5931791528
        -8.1661684788        9.4637814304        1.1499796762
         7.0451276859       -0.7107674510       10.1508495788
        -6.8070138684        6.2438939364        2.4094728958
        -1.0617376086        7.5392535333        5.5363876076
         7.6095750052        8.4894900195        3.4821159774
       -10.6456140370        2.3362086299        7.2309025402
        10.6073812709       -6.2893738358       -7.9124893023
         4.2575725325       -5.9738902978       -9.7829885367
        -6.1327142784       -9.2441676340       -7.3614988642
        11.5299675826        4.6648308478       -0.3735882363
        -0.8149878375      -11.9260814668        2.0673414188
        12.0564884996       -3.0277144899       -1.1003624869
        10.0973264662        5.5281933646        3.1097769168
        -8.4546123271        3.3429844826       -8.2161983281
        -3.4843101630       -8.2846300053        8.0257350753
        -8.9467359199        7.8749761089       -2.3045104411
         1.3459255297        1.9894880032       12.6799582170
        -2.1397434255       -3.0455430354        8.6841045991
        -4.5054431790        5.8317062452        9.4140474289
         2.2014553112      -11.0406594513       -4.7032000659
        -3.6268749778       -7.8078747563        4.2289234338
        -7.2973890521       -6.8093176870        4.4651356519
        -1.8445513031        9.3209072143       -0.8374039358
       -10.8244621329        6.1380649310        7.5380701200
         1.0909417536        2.2936237916        8.9707234676
        -0.9148575287        7.2907572906        9.3609477710
         5.6263273576        7.5110537368       -1.4365293525
         4.4113712340      -11.2034924738       -1.5154098230
        -7.6530625109       -3.0390101617        4.8994879586
       -10.3356253436        6.2469417070        0.9367263233
         5.2305716947       -8.0024660703        0.4085516217
        -6.7523636789      -10.7118374071       -0.8414645539
         8.2516833678       -3.5422829397        7.8453539577
        -1.3925284425        3.0341662676       -1.4409481681
        -5.8552623865       -2.4216944154       -0.1004635771
         5.0794209829       -2.8501130095       -7.7368050344
        10.1882486962        1.3401286554       -7.2485141430
        11.3767667628       -4.6821405664       -4.5341494320
        -0.8841766482        1.3007019625      -14.6963347260
         5.1910925807       -3.1481930415       -4.0068446572
        -6.1059417213        6.1867519147       -4.2271339137
         0.0829416463       -8.7153895065        3.9388034590
        -5.3075561443        2.6925971404        7.3689367231
        -1.8183105170        3.8127374638       -8.7615947704
        -7.8473440325        0.4161192549        9.0829739879
        -0.9700199384       12.3922117472        1.0591371786
        -4.7505201133       -4.9605816577        6.6187700809
         3.4106749919       -0.4027258477        4.8694606289
        -0.9632376478       -3.0305263240       -2.0324650329
        -9.5176349650        1.3167700309       -1.1872717068
       -11.0033150780        4.5840841672       -2.5076765050
         3.7984934457       -9.5248872632        3.6031743936
         5.0559876258        6.0632135944        4.9614522205
         1.7454834604        3.2476709482      -12.7346663369
         7.4976178973        3.1901073133        4.5847945974
        10.5751952732        6.8358363957       -3.4311099747
         0.9079536040        2.5743550634        5.2847623094
        -1.6016085989        3.9156944873       11.1230229451
        -8.6856210941       -0.8818296502        1.8698035197
       -10.7710518150       -6.9860702871        3.0332264280
        -5.1941727042       -0.7803540709        3.3044741316
        -1.9194785701        4.4957314627        3.6183461273
        -2.6058244046        1.1226607001        5.3793812742
        -9.2483411608       -2.5351053427       -1.5677722002
        -5.1420549655        2.3643451064       11.0644944244
         0.7449545833        2.8826998124        1.6416397639
        -0.1574166409       10.5666141565        7.4612224956
         0.2753837405       -9.2110231597        7.7291521986
        12.6634802825       -1.3524773316        2.3449398277
        -7.9222483435        0.7630349699        5.2709558891
         3.1786585234        0.0002642331        1.2393560628
         3.0625127930       -7.9378488923       -2.7775019559
        -2.9489391280       -8.8052164908       -9.5451124422
         2.1134748648        2.5267526951       -5.3726839228
        -0.8493433631       -6.3530756036       10.1250315456
         3.9203933859       -1.1082616705       12.2494222186
         1.5333005941       -4.3660475680       -7.7650988233
         0.5138091638       -1.0750956223       10.6344265786
       -12.9092562414        1.2283315884       -2.6785161065
         5.8553763963        9.9453924245       -6.1969575310
         1.9059686967        8.5151254136       -1.1625517156
       -12.6392619725       -2.6284945791       -3.0587203718
         4.2990007831        2.6412120965        6.7344430056
        -3.1452988193        7.0152161994      -10.0965221121
         4.5527337483       -3.1684352987        2.5408638028
        -3.3916029073       -5.3379774750       -0.5099586478
         5.0637637392       -4.0219893128       10.0141946673
        -8.6284211491       -6.3286466158       -6.9647706721
        -2.3398409412      -11.0399366701        5.5301035743
        -4.5778238335      -11.0058538497        2.3606754695
         1.8031257014       -4.3273322434       12.0689831990
        -4.3178619094       -3.1676466614       -3.5359289805
        -8.1338616287        2.9420435417       -4.4273181043
         5.5081902172        5.3441342950       12.3828602333
        -5.3349688561       12.5689998220       -5.2684889538
         3.4138765230        7.6546126698       -4.6077566880
        -8.0095237781       -2.9854094825       -8.8398562179
         4.3747553679        5.1810953860      -10.6802065534
         5.9062159050       -6.3630823433        3.8433906215
        11.9334848650        0.8298734547       -0.7616915827
         2.2692529118        2.1469567314       -1.7163982224
         9.8931073173        5.1673001610       -6.8629105234
       -10.2857051989       -5.6559881289       -3.5179552932
        -8.1028695343        4.5632834669        5.5824612496
       -11.0850308801       -3.3843811275       -6.5377593869
        -7.6959502715       -3.2899838684       -5.0413587762
        10.1633910146       -0.1336011926        8.0247924075
         6.9837021253        7.0909537295       -8.5803574159
        -1.7992719739        4.2203102908        7.3822966731
         0.8190631186        5.7925364792       -6.7646807476
        -3.3869969480       -0.1620493994       -1.6304351852
        -5.5166017281       -5.9347946527       -9.2542285508
         9.0424583938        2.3752837242        1.1771960638
         0.7674498920      -12.5471422892       -1.4245295655
         2.5339558047        8.8529848358        5.4511084262
        -6.0711208151      -10.1000262071        5.8093182525
         7.3652160033       -4.7955389099        0.6295508046
         0.2796252213       -0.7585159227        6.9786794653
         1.9410571811        2.8965265057       -9.0504803663
       -13.4558108517       -0.4312698289       -6.0703159908
        -8.3207795061       -4.6981475632        1.4557261152
         2.9168378918       -7.2050227336        9.7240971339
        -7.0071752498        0.0950260915       -6.8086271922
         6.5368656301       10.5857380913        0.4357770884
         2.4814396302       -6.3329447653        2.3281011148
        -0.2963056850        8.5603299237       -4.3166974376
         0.3425410936        9.1537328591        2.3150258937
         5.8002463346       -9.5729973730       -4.7546025849
         7.3581969183        3.2787922787       -9.0764185461
         4.9844167440        0.6245164633       -3.6813779940
        -1.5794243708       -2.0746846856      -13.0590333393
         2.2117190650       -0.9552286290       -9.4305043218
        -1.8346421694       -6.0119040068       -3.9020652997
         4.3910157986       -6.2333057561       -5.9704849873
        -4.7524793072        2.9979718143       -2.9299986095
       -10.0681210508       -0.3408679714       -4.5768429860
         9.1607041203        7.7214302999        0.0328614032
        -7.2507788288        0.4418276308      -10.4995447551
         3.5411126195       -9.2921587672       -7.9001860728
         6.6009264036       -6.3946978674       -2.7853250907
        10.1364788538       -6.4012471602       -1.3105466043
        -2.9291661399        6.6249820111       -6.4079632056
         2.5283734352       -1.6063283040       -2.0913388454
         4.1078420904        3.0235256598        3.0806597602
        -7.4381221726        9.3937335030       -5.5184496079
        -0.4989607927        9.0398693548       -8.1049288650
        -3.1709525717       12.5296162231       -2.1225600770
        -5.4373144618        7.8503627133       -0.7857075694
        -0.4880111930        0.6061636831       -7.3572701746
         9.5339177695        8.9444979280       -6.4361566549
         8.4626430619        6.2556567035        6.5137699203
         1.5911492707       -3.9924461660        8.3914274682
        -2.7182673409       -9.0378860558       -5.7990087427
         2.6952464783        8.6207756294        9.2178518555
        -6.7689890762       11.0591758891       -2.0723078672
         1.4041258805      -11.9304434749        5.2241255103
        -4.8272451186       -2.5469258489      -11.0229896028
         0.6599990051       -7.4402637889       -9.7306479101
        -2.3254910675       -2.6864713817        5.0056711794
         0.0706462813       -0.4312126166        3.3717892452
         4.8788547119        0.9886310809       -7.4378986313
        10.4355314787       -2.4918750079       -7.6052971754
         4.0842565332        8.2600211403        1.9945774320
        -4.9309343065       -1.5021763396       10.8044360523
        -4.2572469403        9.8323895536       -7.7024378517
        11.2683182117       -0.8387819987       -4.2146363830
        -5.2728208932        3.7814186069      -10.3997631571
        -8.8600718984        2.9563359983        2.2094166827
         7.9362998170        2.4442814240       11.9584131282
       -10.3954042073        0.0048143674       -8.3072129905
        -1.3795168356       -2.4193016070       -9.3745316674
         4.8146045771        2.0157873714       14.0878258940
        -3.7611762506        9.1507217873        7.5214178291
        -7.5627993006        4.6363176558       -1.0111471218
        -3.2743831400        7.7969633097        2.3978499974
        -2.0188429880        4.1657697122      -12.4447032401
         1.3493353662       -4.0524944128      -11.4993571972
        -5.2386386417       -6.1977439379       -5.4499499448
         3.4576807864       11.8474468454        7.3986310106
        -1.0393709415       -5.9598542853        6.3946420436
        -4.5756592905       -5.3278341787       10.3105358811
        10.8012533925       -4.7345179608        2.1434041139
        -6.1206683817        1.3904000090        0.2776916828
         6.6647345573        5.3938669833        1.5740485073
         4.0398889857      -10.0155773655        7.3255710765
         7.2368015995       -9.5708210710        5.1345889957
         0.6281907535        6.1871641345      -10.4911853178
         4.3605829359       10.8658400969       -2.7527108529
       -11.1945299961       -3.1718883078        3.4629092639
        -0.5375017267        6.1006661590        0.4180243671
        -9.7434417079       -9.0966020434        6.0428317243
         2.8089991135       11.6259839832        0.7384043981
         2.0183453498        5.3267774218       10.9894915971
         7.8909756799       -4.7134741508       -5.9527173848
        -7.3315894021        7.6719311146        7.5576766208
        11.2862102659       -2.9798663649        5.5729354531
        10.9966539652        3.0153866357       -3.8446961456
        -4.6210938338       11.0589928636        1.1377714449
         7.6307922768       -0.5767109939       -9.4514444514
         2.7132045158       -6.8055961329        6.0380032870
        -4.5929844933       -2.8724764128       -7.2919836687
         7.7966161373       -4.4260647465       -9.7017173060
        -7.5710134458       -3.4384934943        8.7067147769
        -4.3012989479       -8.3900008369       -2.3907082349
        -2.4774897751       -2.2979140216        1.3428595287
        -0.1057667053       -0.0776681013       -0.1899865380
        -2.6887808768        6.1773091329       -2.6990089850
       -10.3966466563       -1.4979833463        6.8729700612
        -2.2686427377       -5.4521970496      -11.3272682744
         9.3198989136       -7.9746921646       -4.7427907692
        -2.2136572647        0.4611475706       12.7371515944
         8.4880990272        0.7229100626       -2.2515586833
         6.7784494938       -0.3442688564        6.4300467194
        -0.5417950512       -9.3055430628       -2.6799424260
       -11.4675701296        0.6839590244        3.8410849418
       -11.7316386093       -4.8182473025       -0.0124625295
         1.2458249197       12.1767704064        4.2457416622
        -4.0735261488        0.8757896427      -12.6449933803
        -4.0908275054        4.6420746812        0.4734967666
         9.3004909305       -1.4557630604        0.8364163508
        -1.6210618234       11.7699529814       -5.6087054937
         0.3289691689       -6.2432662354       -0.7939739320
        -1.9174674842       -3.3693433122       12.3621596727
         1.3868619505       -3.6072010091        4.7203277194
         4.8286927577       -3.6294255618        6.2849906237
        -2.4078990681       10.8973704226        4.3307986855
        -9.3462134589       -7.8493253753       -0.4525646555
       -11.5854288757        4.5315829688        4.1644500126
        -1.1732375756       -2.7336038131       -5.6931768067
        -5.0951283801       -1.1511537930        7.0695420495
        -2.7363581214        1.4537373440        1.7180079335
        -3.6364391602        0.1812302708       -5.2843328528
         2.0174096559       -0.6088174407      -13.1144442777
        -9.5020545774        6.1391233410       -5.7331587501
        -0.0417344642      -10.7285587865       -7.8310620253
        -7.7932939357       -8.6055393569       -3.9326981346
         1.6978923392       -4.6353852362       -4.0018085577
        -6.7028160045       -0.2509636725       -3.0930475650
        -3.0240356727      -11.7618385536       -1.1202504863
        -6.8511404070       -5.5221864010       -2.0134542819
        -8.0235977094        4.2710323185        9.3332404212
         3.6617559552       -0.7887842944        8.5387903225
        -2.0591246474       -5.7592595214       -7.6307841807
         0.8432995295       -7.6803775492       -5.9193935112
        10.8618605500        3.2990489089        6.2326503380
         1.7623650972        5.5933572474        7.2479768589
       -12.2741665708        2.8867164893        0.7454591179
         7.1073461849       -7.8135075448       -7.9331783183
         0.7668054139       -1.3769517978       14.3029130481
         9.2981846968       -6.3033451353        5.3527522152
         3.2643171347        8.1218145492       -8.3993980521
        -2.1204063298       -8.6535945692        0.7774514785
         7.9590694947       -9.6152546464       -1.5288534163
        -4.0065759292        9.3635029342       -3.9784772719
         7.7177893738        2.7434125966        8.2626326778
         9.8225791113        0.2329943181        4.2745247323
       -10.1026656664       -5.3242986481        6.4812845643
         4.9184178430       -2.5233406163      -11.4340961230
        -9.5290685156        7.8235109939        4.3660555539
        12.3989866998        2.4889117927        2.7177579824
         5.9192790981       -1.5439911275       -0.6503677705
         7.4454712927        2.8827397069       -5.2744701169
        -5.1940799217      -11.4390507044       -4.2976349896
        -5.8325623686       -7.6438648087        1.0416106672
         3.1799221132        5.2048588022        0.1196688630
         4.5127787632        2.2970719617       10.4220195226
         8.6552611337       -3.1074246639       -2.5786326332
        -6.3993576527        6.6331051653       -8.0136476412
         8.0717730427        9.7992661096       -3.0194957935
         6.1972851631       -6.8423990971        7.6364445809
         4.9812425899       11.2916399453        3.9145255632
        -1.2095274083       -5.4989662123        2.6421335829
         3.8816113115       -4.7952610624       -0.8517840473
         8.7480671855       -8.0353748914        1.9247606989
         5.1221587084      -12.7372556562        4.8835992626
         8.1262017376        4.5471179004       -1.8526808055
         4.5410737082        4.8043872886       -6.9877027830
         7.9272973735       -3.1052135469        4.0384918600
         7.0917167795        6.6597803691       -4.8466256606
        -5.0346598063        3.4049734617       -6.6742049062
         0.5988648246       11.7822844845       -2.4509328588
         7.7150797031       -0.9191507944       -5.6440357831
        -0.2925848406        0.2654213330       -3.7532351612
         1.6370248115       -9.4676686285        0.4635477352
        -3.6076532389      -12.0839264292       -7.7083988317
         6.5595544012      -11.2155692237        1.6903685976
        13.1983176519        0.3172763668        5.7516174930
        -8.2796361188       -9.9357899145        2.6182640637
        -1.4295193455      -12.3559994273       -4.5881979756
         2.1210278105       10.8831681481       -5.9156570962
        -2.4346151147        0.7921992033        9.0589344898
         4.6629020807        4.3879322145       -3.2691260698
         2.3794499578       -1.2858451776       -5.7505589294
        -1.6070827177        3.4321119374       -5.0887049941
         5.6579774021        2.2633236695       -0.2949855592
        -6.0129936745        9.4310989699        4.3763738486
       -11.5232454468        2.8562083343       -5.9222101140
        -3.8702199135        0.5274005833       -8.9610580421
         1.6253575292        5.8551326005        3.5257820892
         0.9970231490        5.3452067768       -3.0194643406
         4.7216616887        1.3449892756      -11.1695826724
        -5.3994755209        2.9974461267        3.6368909363
         5.9972710381        9.0986208289        6.9205428608
        -0.6854949564        0.9522499393      -11.0147254766
       -12.1351232691       -0.9782272234        0.3963316066
        -7.1949163523       -7.2463013862        8.2021816450
         6.4854628612        0.1058171246        2.7303242104
         2.9600129123      -12.6836170037        1.7436832481
        -4.8689494152       -4.5372074523        2.8948965017
         1.1837682153       -3.1876974376        1.0687534185
         5.2021617496        5.6850690623        8.6531913610
         6.1648338624        8.6515407879       10.6233876996
