         5.8106908986        9.0227596379       10.4742779899
       -7.6169431287        7.5242649173        7.4232058651
       -5.7340668425        7.6402630362       -0.9219705767
        7.0735147702       -0.3028650328       10.1149939776
       -1.5294430867        2.9531103400       -1.5127502886
       -1.3431854015        7.5727241932        5.3944727055
        7.2946800826        8.7664799794        3.3231537451
      -10.7460575056        2.0722242763        7.1832764030
       10.7661023045       -6.0594292295       -7.8746284097
        4.4059697194       -5.9838916081       -9.7339921017
       -2.4557650933       -9.2201114113       -5.6893525186
       10.8505462863        3.3118629330       -3.9491835088
       -0.4442052250      -11.9243089952        2.2155339756
       12.1261759633       -2.6515706816       -1.1144976351
        9.8752835820        5.9067222678        2.9489461056
       -8.6082016031        2.9234231320       -8.2788649989
       -5.7506944375      -10.2198889912        5.9418637994
       -9.2442092604        7.5238395342       -2.4351107709
        1.2394827881        2.2244664480       12.6189189540
       -2.0528456319       -2.9911208014        8.7018113408
       -4.7353184354        5.8082546311        9.3040734722
        2.5293475318      -11.0402838267       -4.5748959269
       -3.3882432731       -7.8703471453        4.3221085657
       -7.9691116132      -10.1786341450        2.7527697553
       -2.1912654582        9.2285441778       -1.0003079673
      -11.0542794279        5.8707124505        7.4333467655
        0.9781670416        2.4584400492        8.9056465356
       -1.2015531244        7.3886393632        9.2234028134
        3.9560786912       10.9521303106       -2.9494286737
        3.3525420578      -12.5608793004        1.8943496986
       -7.5737192984       -3.2321124284        4.9290378456
      -10.5744183058        5.8979037627        0.8315400934
        5.4642787601       -7.8276058711        0.4842268358
       -6.4226904212      -10.9542975137       -0.6984040819
        8.3374022331       -3.1821817166        7.8401726930
       -4.2789387195        4.4979138088        0.3822455852
       -5.8043122429       -2.6290484042       -0.0830752125
        5.1267742379       -2.8044421824       -7.7355682009
       10.0919634242        1.5613554026       -7.3239011834
       11.4897796311       -4.3780177012       -4.5226843327
       -0.9845338898        1.0407280133      -14.7428961145
        5.2563024341       -3.0428807352       -4.0016313054
       -6.3503001912        5.9037452543       -4.3367283635
        0.3486924810       -8.6572025117        4.0367667428
       -5.4242379254        2.6104982058        7.3087727921
       -1.9926612295        3.6075713246       -8.8435620673
       -7.8826896094        0.2738843152        9.0601903441
       -1.4137719823       12.3530421512        0.8489082526
       -4.6033597554       -5.0269744557        6.6713506651
        3.3935911775       -0.2222247082        4.8348095342
       -0.8969042343       -3.1016102654       -2.0158188636
       -9.5925115327        0.9671688403       -1.2188441562
      -11.1894367768        4.1625145961       -2.5855586341
        4.0886529173       -9.3481104773        3.7045868093
        4.8330897879        6.2835402794        4.8445474541
        1.5811354752        3.1037576835      -12.8155951490
        7.3520480503        3.4920970998        4.4792784716
       10.3005583870        7.1238187092       -3.5897183090
        0.7802812788        2.6737768558        5.2137617113
       -1.7718996726        4.0178912107       11.0373823334
       -8.6828407012       -1.1565494439        1.8688594169
       -7.0900986317       -6.9934883738        4.5507915152
       -5.1949385912       -0.9156594219        3.2955799320
       -2.1009967416        4.4748464540        3.5242274642
       -2.6716106201        1.1025088690        5.3390632345
       -9.1939018229       -2.8787871669       -1.5422743351
       -5.2459450568        2.3401487084       11.0071964287
        2.9670254045        5.2967306801        0.0047178548
        0.8151443873       12.2558633163        4.0358098868
        0.5652266846       -9.0878739970        7.8351714543
       12.6882032530       -0.9015470217        2.3141165303
       -7.9720671730        0.5636452446        5.2433471005
        9.3234235935       -1.1462245956        0.8015140288
        3.2899660211       -7.8818609644       -2.6971019245
       -2.7004876446       -9.0514754756       -9.4381918745
        1.9860709407        2.5045754064       -5.4440569992
       -0.6460081998       -6.2302732418       10.1886161420
        3.9565651932       -0.7865274199       12.2249201718
        1.6333280213       -4.4382905972       -7.7337110584
       -2.2477669664        0.5631261795       12.7021850062
      -12.9814587057        0.7421361912       -2.7025414647
        5.4734723744       10.0318637462       -6.3854632186
        1.5833549242        8.5438400432       -1.3198380758
      -12.5819902320       -3.1087164786       -3.0253306186
        4.1579327657        2.8805724106        6.6600160029
       -3.4280887374        6.7438467285      -10.2227245670
        1.2606441541       -3.1399685317        1.0820501917
       -3.2443085051       -5.4659776435       -0.4542970737
        5.1864541046       -3.6931713356       10.0283622834
       -8.4551308367       -6.7291006317       -6.8831737465
       -1.9912192335      -11.0373563377        5.6689417427
       -4.2342479077      -11.1263749643        2.5036465175
        1.9439396522       -4.0820094448       12.0943520691
       -4.2476499697       -3.3737050837       -3.5101308147
       -8.2685934642        2.5898014244       -4.4852155550
        5.2630304396        5.7205127554       12.2846589387
       -5.7943748001       12.2924562464       -5.4732214348
        1.7118678187       10.8479574192       -6.1087182761
       -7.9518068406       -3.3950910818       -8.8089549638
        4.1468823395        5.1547454868      -10.7957325082
        8.9834541112       -7.7226857900        1.9890980174
       11.8700139708        1.2001077859       -0.8390623000
        2.1614405656        2.1837561613       -1.7829310323
        9.6686424840        5.3828861844       -6.9937974047
      -10.1284990981       -6.0615597832       -3.4435634185
       -8.2815683344        4.3602448338        5.4983731851
      -11.0084526929       -3.8632835695       -6.4954075211
       -7.6221942894       -3.6324036599       -5.0070133515
       10.1354562081        0.2155026982        7.9339624971
        4.3324479556        4.8383546801       -7.0981372587
       -1.9764367740        4.2592004981        7.2930485756
        0.5797764668        5.7039468569       -6.8811932210
       -3.4157420115       -0.3103001090       -1.6505665896
       -5.3622245027       -6.2647984260       -9.1844656460
        8.9359986399        2.6847511866        1.0911794790
        1.1520290879      -12.5448894758       -1.2706103475
        2.2159266045        8.9952071445        5.2914713108
       -3.2217109006       -8.2845023105        8.1256617227
        7.4922573337       -4.5480786494        0.6536407042
        0.2878804543       -0.6508330821        6.9590206967
       -0.7681647149        0.7536331222      -11.0567596110
      -13.4765396392       -0.9851048302       -6.0677716920
       -8.1891504978       -4.9638909360        1.5117299001
        3.1444975215       -6.9579174083        9.7905114056
       -7.0503493999       -0.2527907760       -6.8257644811
        6.1466590610       10.7849221818        0.2421384500
        2.6650768556       -6.2205143657        2.3850291376
       -0.6235501548        8.4690385859       -4.4709908613
        0.0063428890        9.1787185852        2.1525689247
        6.0765849997       -9.4542633720       -4.6567531414
        7.1948491844        3.3773352969       -9.1718488787
        4.9233605651        0.7252300625       -3.7311153012
       -1.5634532798       -2.3315850635      -13.0545255407
        2.1940242185       -1.0320031088       -9.4506659412
       -1.6708207849       -6.1380701765       -3.8393237420
        4.5553441627       -6.1816034290       -5.9181366849
       -4.8887586117        2.7818893705       -2.9949913753
      -10.0915425960       -0.7583421175       -4.5821019946
        8.8599018307        8.0129994645       -0.1371864454
       -5.4464999545        3.4361571847      -10.4745213870
        3.8044330131       -9.2957611334       -7.8006709320
        6.7751678449       -6.2221425556       -2.7359137630
       10.3118210964       -6.0897626588       -1.2727554719
       -3.1933566646        6.4157079517       -6.5290805968
        2.5456885818       -1.5628429428       -2.1036781543
        3.9711652601        3.1912443695        2.9978384504
       -7.7908586085        9.0448202004       -5.6729914108
       -0.8481657073        8.8854297490       -8.2657783341
       -3.6250565419       12.3718456331       -2.3309069606
       -7.1738915971       10.7832234892       -2.2538240291
        1.7947735143        2.8138494409       -9.1267915436
        9.1826116228        9.1525392429       -6.6202476292
        8.2414080438        6.5993990134        6.4005144325
        1.7089841118       -3.8132890220        8.4136105934
       -5.8637862878       -9.5644684719       -7.2414264846
        2.3579117096        8.8343769115        9.0617739626
       -8.5141494017        9.1895982981        0.9927834741
        1.7782622342      -11.8068984381        5.3671447778
       -4.7898951220       -2.8823229746      -11.0047572980
        1.4322945073       -4.1867419450      -11.4720030558
       -2.2597884116       -2.6961274288        5.0203277835
        0.0551357660       -0.3882057370        3.3469467995
        4.7978254857        1.0296159961       -7.4928450779
       10.4674880975       -2.2655859463       -7.6237243271
        3.7760156679        8.4029089183        1.8394204542
       -4.8973376031       -1.5190632105       10.8050945306
       -4.6296788458        9.5574699885       -7.8682856954
       11.2513942150       -0.5368690039       -4.2610647634
       -7.3113378191        0.0307338883      -10.5210035622
       -8.9867144117        2.6783797400        2.1514111702
        7.8042200755        2.9044272390       11.9161675224
      -10.4358724307       -0.4793245272       -8.3164975549
       -1.3458722565       -2.6145706059       -9.3656305224
        4.6890612498        2.3939566315       14.0415968309
       -4.0981702809        9.1235110690        7.3567065668
       -7.7506004359        4.3530059238       -1.0961280722
       -3.5678689416        7.7084628685        2.2574519788
       -2.2108555390        3.8992246964      -12.5312166200
        0.8600031153       -7.5689930264       -9.6518323554
       -5.0693237342       -6.4614281310       -5.3772005401
        3.0422443024       12.0433042220        7.1931500192
       -0.8610673121       -5.9027416539        6.4546417534
       -4.4062645152       -5.3326458074       10.3665237691
       10.9304185282       -4.3529176702        2.1493178630
       -6.1977108450        1.1774078924        0.2392045506
        6.4426952504        5.6245358778        1.4463455292
        4.3506928971       -9.7747888737        7.4337974832
        7.5284401127       -9.2594518128        5.2269972796
        0.3696857481        6.0370621162      -10.6128391195
        5.3323419003        7.6609243886       -1.5910932508
      -11.1105459834       -3.5062413864        3.5007673408
       -0.7759386965        6.0734480935        0.3009490778
      -10.5580945783       -7.3095908864        3.1281939846
        2.3890037737       11.7067129919        0.5357628688
        1.7892273215        5.5530420347       10.8812610861
        9.5411948767       -7.7399965365       -4.6776509842
       -4.8490613965        6.0098001652        5.4794263556
       11.3794105374       -2.5518543269        5.5418491753
       11.3399192353        5.0298876147       -0.5109270129
       -5.0232697123       10.9041818514        0.9509614246
        7.5963306686       -0.4725390722       -9.4903000026
        2.9142572743       -6.6300034686        6.0996202794
       -4.5385737121       -3.1442766771       -7.2697138543
        7.8910600896       -4.3176837370       -9.6838965370
       -7.4729388139       -3.5734036572        8.7421254351
       -4.0539599670       -8.5747366927       -2.2876084665
       -2.4300967526       -2.3697681973        1.3517762986
       -0.1367067767       -0.0947088420       -0.2189712251
       -2.9324925735        6.0317263499       -2.8141884493
      -10.3662533250       -1.7563634150        6.8833920720
       -2.1360900151       -5.7043399522      -11.2714569817
        8.0031137358       -4.5458155231       -5.9307511444
       -2.4836051136        0.8328274724        9.0215718785
        8.4246669165        0.9624782737       -2.3118853249
        6.7550482809       -0.0361762587        6.3780314041
       -0.2664090703       -9.3677749088       -2.5712064353
      -11.5142869071        0.3432661549        3.8207885014
      -11.5962361626       -5.2211089677        0.0518031284
       -0.5398752283       10.6567851808        7.2702475159
       -4.1541715519        0.5393808254      -12.6788500722
       -7.0461079264        6.0360770813        2.2983379376
        6.4531872291        0.3489987939        2.6774977541
       -2.0564570435       11.6131208761       -5.8076485438
        0.5047462925       -6.2500802005       -0.7327077011
       -1.8089456585       -3.2525588670       12.3817217711
        1.4790624293       -3.4971584802        4.7371801271
        4.9187700284       -3.3818869970        6.2931850521
       -2.8019185620       10.8648971272        4.1406230955
       -6.6981302566       -5.7894059227       -1.9478963193
      -11.7625341223        4.1892533222        4.0861622272
       -1.1226413283       -2.8669214675       -5.6803058124
       -5.0798825689       -1.2275614234        7.0664055308
       -2.8151339319        1.3767021008        1.6730724704
       -3.6820003996       -0.0307067051       -5.3091777348
        1.9817493245       -0.7469096210      -13.1391789338
       -9.7450517762        5.7194227756       -5.8358840663
        0.2722216173      -10.8502449705       -7.7020321088
       -7.5390889910       -8.9310764535       -3.8190492588
        1.8137939508       -4.6457033279       -3.9669166537
       -6.7288625530       -0.5328803921       -3.1058660867
       -2.6623331713      -11.8822202918       -0.9695124244
       -9.1106710535       -8.1758903038       -0.3473063966
       -8.1921392345        4.1248481837        9.2526137541
        3.6793695638       -0.5349601127        8.5139498012
       -1.9100879144       -5.9490940095       -7.5711445466
        1.0580341125       -7.7457229990       -5.8376531039
       10.7359650260        3.7645185641        6.0240490348
        1.5348889177        5.7486683398        7.1349995908
      -12.3985943948        2.4715583172        0.6943428816
        7.3188632204       -7.6993769345       -7.8640261799
        0.8121698782       -1.1364687060       14.2858912853
        6.3990672052       -6.5305790238        7.6894931645
        2.9422858572        8.0899141717       -8.5551921644
       -1.8603231975       -8.7170850597        0.8795372361
        4.7482263603      -11.0822506868       -1.3903712297
       -4.3581161141        9.1525744321       -4.1382704326
        7.5527597092        3.1183807421        8.1693016360
        9.7920440615        0.5995534894        4.1928702428
       -9.9418363291       -5.5753756109        6.5496146522
        4.9478500401       -2.5381481446      -11.4373048925
       -9.8188731512        7.5518958448        4.2343714689
       13.1325160414        0.8615302065        5.7299759699
        8.7225866084       -2.8658991590       -2.5829074143
        7.3032675307        3.0408539214       -5.3646732169
       -4.8470000915      -11.6804307678       -4.1469682187
       -5.6036371270       -7.8290893416        1.1368087753
        0.6147814038        2.9193081323        1.5669966554
        4.3904674716        2.6055521990       10.3653674515
        5.9379417989       -1.3666972382       -0.6726197273
       -6.6640594725        6.2836239357       -8.1287466749
        7.6980059991       10.0078988313       -3.2123266323
        6.0918975528       -6.1146835526        3.8928946595
        4.5782451989       11.4867960092        3.7159432170
       -1.0526919923       -5.5059885568        2.6949191633
        4.0078738454       -4.6853144826       -0.8194114735
        9.4855296601       -5.9295889125        5.3869544579
        5.5195861259      -12.4960113274        5.0299971226
        7.9348063659        4.7769415710       -1.9684726024
        6.6931577990        7.1822217516       -8.7304705757
        8.0093856114       -2.7915490154        4.0382704834
        6.8226219605        6.8096994378       -4.9907959076
       -5.1900748210        3.1232252727       -6.7442616625
        0.1675299091       11.7459772674       -2.6538124128
        7.7002088711       -0.7551324370       -5.6780045039
       -0.3402103687        0.1884599120       -3.7863822021
        1.9215818282       -9.4099093236        0.5696168560
       -3.2456794095      -12.3226769662       -7.5513308821
        6.9006158152      -10.9762043426        1.8099052052
       12.3058279139        2.9232918151        2.5953804024
       10.8856189255        3.3988463132        9.7383757302
       -6.9656190241       -7.3709388171        8.2937427180
       -1.0548017782      -12.4746742898       -4.4320055173
        3.1136400411        7.6836891758       -4.7571427930
        0.5415115741       -0.9006119383       10.6169407303
        4.4756909058        4.4802503588       -3.3736252281
        2.3795860343       -1.3018626391       -5.7664167856
       -1.7629626309        3.2888007796       -5.1657130473
        5.5488460959        2.4356245705       -0.3696683725
       -6.3589277005        9.2793394453        4.2138729237
      -11.6553736448        2.3676040672       -5.9724327052
       -3.9332630633        0.2527079351       -8.9904376257
        1.4038466988        5.9445449232        3.4096951229
        0.7787943986        5.3181293631       -3.1301189250
        4.6216340358        1.3251650105      -11.2294067239
       -5.5272973302        2.8580601596        3.5729926943
        5.6754995234        9.3723947414        6.7578547583
       -0.5529316995        0.4686723411       -7.3947664204
      -12.1291691167       -1.3913195370        0.4032576025
       -9.4544419322       -9.3386040530        6.1676108051
        3.1469736628        0.1131992979        1.1998072617
        8.2409793511       -9.3779964263       -1.4368505103
       -4.7423161522       -4.6643609874        2.9419499262
        4.6314969189       -2.9859261830        2.5479590623
        4.9628678927        5.9884336992        8.5448565566
        8.3658585460        6.2236951641       10.1298890178
