         8.9295974933        0.6474719036      -11.3931809389
        11.4414883484        2.4480125973       -9.1926793315
         7.9293859932       -5.3406391691       -8.5911861429
         5.1932223366        4.5662839368      -10.1807681382
         7.8690474284        6.2967966415       -7.9771246982
        11.4611730011       -1.3485726046       -9.3930101555
         8.8907766664       -3.1444505844      -11.5096602448
        -2.1683782085        6.8186800314      -10.1091198408
         0.0406091025       10.9524758454        7.4351649585
         4.5206447194       -8.2433205106        1.5043355466
         6.8880051423       -8.5743029753       -6.7066055122
         6.7980576168        5.0431553307        2.2720491166
        -9.2890377033        8.7011413758        3.8978165469
        -5.4835908334       -5.9022918246       -8.8804546329
        -8.3255060206        8.4122994962       -2.7241688502
       -12.7145837302        2.0407094339       -3.0683821713
         0.8360851790       -9.4592473840        1.3997136266
        -4.4587476156       -2.8217215090       -6.9976176219
        -0.9995898100        7.8083321837        9.4219984776
         7.9014300678       -1.4561009338       -8.3598227462
         1.7240045704       12.3348890035        4.2197021634
        -5.8312533331      -11.1832502902       -3.6833505015
         2.5377170576        2.4641693606       -8.5825011953
       -10.9571178836       -0.4114046102        6.7200955848
        -1.9893945928       11.2727339871        4.1650792678
         9.5666211679       -0.4251015273        8.9963725341
         4.0757444579       -3.7464974483       10.9161125289
         7.4033302931       -3.6241509217        8.9195365297
         8.5535617745        0.1117878808       -1.2780753372
        -5.7466064747       -0.6083792950       10.9650651799
        -3.1098301220       -9.0290569387       -5.1327143753
         8.7954297623        9.1257468939       -2.4476958313
        -2.1311148635      -12.3672362306       -3.7020897685
         5.5429205792      -11.4749930793        3.0048362559
         1.5410284870        5.7493853754      -10.2468335739
        -7.8114496634        3.5959126058       -8.4067072149
        10.1380083884        5.0121685379        3.9834994328
         2.8019714771       -9.5101148296        4.6662550956
        -2.2609062898       12.6654567625       -2.3812113475
         4.1999831358        7.6071374224       -8.0572576192
        -4.8349055557       -8.1158400169       -1.8583864676
        -8.9195786601       -0.1417583815        1.8100930011
        10.4821699605       -7.2856712844       -6.5476807139
        10.6653556789        0.3787472314       -6.1298689148
        -1.9163209923       -5.5009819730        6.9944464616
        -3.8753036810      -11.5042787822       -0.3681056433
         7.8813879322        2.4094001491       -8.1558555664
        -4.4530769892       -2.6495106139      -10.7447800624
        -4.9195837590        8.2159122987       -0.9966227189
        -0.3266913194       -0.5889119196       11.1286999497
        -4.6865062029        6.5924759296        9.3144081372
        -3.0110795495       -2.6352941883       12.7875871193
         5.1017408788       -6.4789298396        4.9123625640
        -1.0979093316        3.7884187966      -12.2631281278
         6.2683658849        2.6252103124      -13.2371301528
         0.4553356487        8.4267268683       -4.2287817336
        -9.9692917124        0.3956888680       -8.4785090272
         0.5401420542       -7.9297519908       -5.0918500111
        -8.3132914298        5.2857761370        9.0820450763
         6.1099570714        7.0790937463       -0.9357269998
         1.7471683874       -6.8390977765       10.6155304502
        -1.2374887255        9.4312525349       -0.8886166878
         5.2346070832       -3.4155943838      -10.6019399319
         8.3313033383        5.9480290452        7.2868433428
        -2.1857323450        6.5814720287       -6.4036285806
        -1.8704477346      -11.6684224423        2.9545634439
        -4.6130022451       -7.5841913843        8.5663602599
        -9.3967165756       -1.9068513612       -1.5840513246
        -9.9336127713       -7.1460970208       -0.2571507219
         4.0427410179        2.6188668314       11.2519881192
         3.6927728442       12.0577295053        7.4760765735
         5.2765772471      -10.0951048633       -3.5421331079
        -0.1653494886       -6.2160291933       -0.0751596012
         2.9550640431       -0.6686245788       12.9618501969
        -5.6846644934        3.2723393404       11.0618131705
        -3.9942588044       11.4384449112        0.8424932753
        -0.3709633197       -0.7843170774       14.8275813150
        -2.8647868809       -8.3792411134        1.4459944547
        -5.6762185208       10.0562741989        4.0572603720
        -1.1092335093       -2.6830463777       -8.8982647580
        -0.0261998656        0.7558336839      -14.3267933847
        -5.5491761243        6.7470440211       -8.2129979194
        -6.1129773402        1.8746186055        0.2828610659
       -10.9524759254        3.4418377604        6.9087507600
        -3.5250043657      -10.5226460770        6.2740421683
        10.5852157504       -3.4850711597       -6.4041842048
        -3.8192609476       -5.0471466110       -0.0581626842
       -12.6944740539       -1.8378395063       -3.2730382837
        -3.1144437981       -8.9572805668       -8.8931673272
       -12.1627591327        3.8054374408        0.3183229971
        -4.4171133764       -2.9623779223       -3.2226450950
         6.2754389958       -0.5480441566       11.0029297352
         8.8879893430       -8.7260467419       -3.3896649376
         0.7389890818        9.2675589665        2.3878544282
         1.5850504755      -11.3115520380       -3.6476963299
         5.0714021962        5.8694783924        9.3920288790
        -8.8021526358       -3.9876625337        1.5752653715
        -4.1030283979      -12.0938529762       -6.9592304061
        -8.2395571485       -8.1645448534       -3.5988650605
       -11.0324906816        3.4222117716       -6.2849184409
       -12.1225827292       -3.9433721711       -0.0905519485
         1.8537655216      -12.6919716703        2.8991321680
        10.1914676925       -5.2984429847        3.4394489976
         2.5524643960       -8.1870339258       -1.8073735647
        -7.7367898841        3.3457223968       -4.5917141804
       -10.9125283295       -4.2628490827        6.5022040772
        -9.8843754675        0.1980795683       -4.7251638967
         2.6996248827        8.9176713694        9.4035749593
        -0.5666496281       11.6588157622       -5.7246805665
         3.1208370150       10.5141359576       -5.7535965921
        -1.9745843860       -5.7407883384       10.7390242117
        -0.8570861360       -8.4417809068        4.7376451828
        -8.2532319463       -6.2978680553        8.4708207491
         0.4972588652        8.7678506286       -8.0429650617
         6.1251653084       -9.7076406415        6.4165115709
         5.1369489622       -6.7725119225        8.7249602747
        12.3202955391       -2.0751186948        3.5951777623
        -2.1862470979        6.2774692456       -2.6712259285
        11.1583889083       -5.5906831930       -3.1900637072
         7.3369101554       -3.3747645489        5.1039450884
        -0.2680735132       12.5286791955        0.9209175563
         0.5835092078       -7.8671387049       -8.9207292164
         6.0279547293        9.0413026345        7.4058199751
        -5.5638753141       -4.2542736090        6.9448681955
        -6.6755160777        0.5188370222      -10.4887071549
        10.5451156812        4.2489424296       -5.9960911013
        -7.2852910939        8.5366360523        7.2216228054
         7.3703242193        2.7417283190        9.2554392622
        11.9017048690        0.0406290732        0.3994906829
        -8.3850388856       -2.4517924804        8.7923898308
        11.7703275240       -3.8478786296        0.2093925718
        -3.3506572258        0.6395479874      -12.4496625788
        -4.5771835395        6.6882802891        5.4933659321
         9.0076490352        1.8820930497        2.1023030926
         0.6990800307        2.6506343105        9.3992654013
        -4.5047795627       -7.2762154699        4.7565134944
        12.3001384359        1.8125412365        3.8003142420
        -8.7373752129       -5.9774733665       -6.7687404155
         5.1699711897       10.4658305246       -2.4572127461
        11.3311548191       -1.7424836768       -2.9994216099
        10.4026963831        8.0422699949       -5.7388854915
       -13.1783378587        0.2702627953       -6.4168162300
         7.8623350837        2.1848336416       -4.4251175218
         1.6821462704        5.7016812887       11.2772584460
         2.6069436378        2.6202825742      -12.3103223057
        -6.4358355884       -9.0730594119       -6.8887789060
         7.1272569882       10.1625254876        0.8774945205
         5.2513600065        0.5718587634      -10.3216108754
        -4.4860987836        3.7193508412      -10.4087197274
         8.4506908277       -3.7476539127       -1.4660170783
        12.7772091535       -0.3000105430        6.9411782672
        -2.0279823772        4.5580478583       11.2824537385
         5.4256038075       11.1517574857        4.1987613149
        -6.5330709326        9.6805908849       -5.8992210047
        -1.0653668276       -2.4880040411      -12.5943107893
        -8.8420560922        3.7085102055        1.9813628365
        -7.6352767487       10.0970938147        0.7051386957
       -11.6936792747        1.6967226240        3.5441974406
        -2.1032681432       -5.7390256074      -10.7717417167
        -3.0311914526        1.2436634395       12.9922648068
         3.8213388421      -12.7386968409        6.1676659933
         0.6886361976       -3.8175853351       12.7692310510
       -10.7955400753       -8.0677344881        6.2432325207
         9.4878247279       -0.2273593045        5.2411045474
        10.6285846633       -3.4523211450        6.8051692448
         7.7136047076        5.9876345832       -4.2302789212
       -10.0071157972        7.0303737669        0.4908870316
         6.2879534675       -1.1526463882      -13.4364727171
        -1.9692855174        4.7142541970        7.5334647492
         2.6271823347       -1.2831399823      -12.5162903760
         1.5948072720       -4.6228760335      -10.7941376247
         7.8820917199       -1.6256001493       -4.6261790207
        -1.1417737873        3.5929551690       -8.5671042277
        -3.3860674502        0.4444345150       -8.7554401823
        -0.0541822595        0.5604562167      -10.6268368787
         5.1706966045       -3.5199903652       -6.8589375918
        -1.1495709348       -2.9825622772       -1.5302741310
         5.1302777736        4.2755332778       -6.4475989292
         1.5027248737        5.5074217041       -6.4976515939
        -3.2117536313        9.8107409696       -7.9028510248
        -1.1687951774        3.3659380706       -4.8786381450
        -6.6739257583        0.3232964672       -6.7827548756
        -7.7784336573       -2.7718353910       -8.7427087872
        -2.1210522453       -5.8932797938       -7.0618733589
         5.1691696028        0.3748089483       -6.5952895344
         4.2740245695       -6.6731408019       -8.8107721933
         5.1375328573        0.1798604955       -2.9038233740
         5.0456363737        3.9598571635       -2.7224439035
         8.8515045733        4.4299913417      -11.1099867222
         6.7953122202        9.3032356764       -5.7632776171
         4.1080467367        7.2608868152       -4.2440216427
        -4.2316643036       12.7159850184       -5.6501110252
        -8.8024112403        6.5659285458       -6.1068734487
        -5.5030633675        6.4509911146       -4.4011992640
       -10.9999403867       -2.8557055995       -6.6161799421
        -7.7042833129       -2.9237522120       -4.9225301872
        -7.1934460387       -5.0667460134       -1.7584146540
        -0.4491827173      -10.9968649219       -6.9201333135
        -1.1403816054       -9.2976571915       -1.8768688712
        -0.1585914229        0.1751504731       -3.3349586320
         6.8510827089       -5.1836867502        1.7324187756
        11.3108921882        2.1655336981       -2.7932110794
         8.4106842676        3.9683061010       -1.0588763773
         7.8378409328        8.1389053519        4.1168607125
         4.4359814936        8.0855394502        2.3659455405
         1.4660059836       11.6483944745       -2.4361890450
        -5.9485928430       11.4478748348       -2.4891932979
        -7.2464133355        5.1490034999       -1.2193688518
       -10.5908125576        5.2631163302       -2.9179496228
       -10.5374127862       -5.0360496874       -3.4613969769
       -12.2768060882       -0.0708046630        0.1355251790
        -6.5051369933       -7.1110528899        1.4365148706
         4.1805935119       -6.7310735512       -4.9823228368
        -6.0931104787       -1.9570881376        0.0806765676
         6.1823218758       -6.8777517982       -1.6721749104
        10.5960288133        2.8267214871        7.1364898132
        11.7300208044        3.9259823582        0.6195884837
         4.0219775275        2.9338249844        3.7267113472
         2.9991145859       -0.0839695984        1.8860524159
         2.4666817255        8.3577285336       -0.9343708052
        -0.2296596655        6.1873786680        0.5793202337
        -6.5775374512        6.8527434569        2.1733307133
       -10.8749802158        7.2538538921        7.0516937018
       -11.6735732533       -2.1811089160        3.3395791300
       -11.4960763225       -6.0309298132        3.0934785188
        -8.1060335932       -6.0241628892        4.7226285577
        -5.5697118690      -10.4855606327        2.9733471201
        -0.1380016625      -12.5581224181       -0.4028156577
         7.9238288050       -8.4454694731        3.2417683020
        -0.1940155105       -0.0140680478        0.2475419950
         9.0277754676       -1.9996348040        1.8974796478
         7.3044044185        2.8945920576        5.4347546299
         5.0371513432        5.9784018922        5.5696873672
         2.7060265126        8.9947106512        5.6426824808
        -0.9417487533        7.8870163584        5.5992523264
        -3.6302030466        9.7669420566        7.3446450578
       -11.5561355893        5.5526935340        3.7047017291
        -5.6037795344        3.4420347025        7.3509727721
        -5.6576666125       -0.4102296350        7.2185593580
        -5.4335918771       -3.9943614436        3.2108429173
        -7.1926858144       -9.3240875713        6.2791813975
         2.7968255674       -9.8293562647        8.4143675350
         0.1579195643      -11.6731003478        6.2413014171
         7.2324412404      -10.1241933556       -0.1929561421
         8.3963389958       -6.5953705450        6.6249771963
         6.2769719029       -0.3522215049        7.2919358545
         4.0531180240        2.7909748951        7.5028177579
         1.7131503372        5.8553623063        7.5646146996
        -2.8193095636        1.7732866263        1.9191329504
        -0.2815508291       -0.3947469051        7.4534045798
        -2.9828502648        1.4363759111        9.2911876179
        -8.2193031777       -2.2222152000        4.9791153725
        -9.1964374009       -9.1586051660        2.9554265301
         1.7777341685       -6.6008914717        6.9073467305
         0.7656112811       -3.3892025571        5.3749251499
         2.9956194243       -0.4730885190        9.2601234025
         0.6560902898        2.4595154529       13.1004492863
        -8.4051450124        1.4260599548        8.9970092334
        -2.9627676222       -2.4369384528        9.0868077120
        -5.6444858048       -4.4768814237       10.6529165987
         0.7315803727       -3.6176890049        9.0685103248
         2.4657685583        2.2244211830       -4.8816710596
         5.0848282048       -3.5989815766       -3.1212937355
         2.5583790949       -1.5209207448       -8.7927784304
        -4.4915052750        3.4961994430       -6.6642452173
        -3.3971589677        0.2496819646       -5.0656709700
         1.5560495674       -4.7772156736       -7.0403320846
         5.7266575023       -1.9107885407        0.2259104446
        -0.0972822917        0.3666156716       -6.9574949711
        11.0982382711        6.0104340187       -2.5779185838
         0.7609845551        2.9536419730        2.0252968715
        -3.2058306184        9.4864261524       -4.1557236334
        -4.4492680903        3.2392331017       -2.8954100093
        -6.6108077266        0.1264742763       -3.0464682088
        -5.4384620287       -6.0085620486       -5.0586419019
        -2.1226738566       -5.9837713139       -3.3182045668
         3.2262537118       -9.8174291946       -6.8264143490
         7.7727993542       -5.4291226024       -4.8326960730
         5.7067147234        1.9355187465        0.4288647572
         0.7925915316       -3.1423480993        1.7036351424
        -2.9504913133        8.1504676681        2.3182032471
        -3.8712789720        4.9854767521        0.4712202448
        -9.4167951389        1.9656923433       -1.3797120576
        -3.3866348109        0.0557937057       -1.3901518929
        -5.5158854738       -0.2105440112        3.4481358857
         3.4815258643       -5.0142142059        0.0264654739
         9.6098547573       -7.0675423621        0.0262001906
         6.2196892656       -0.1551504170        3.5514993041
         9.5362703819        7.1245325298        0.7750601303
         3.4723053205       11.4796195495        0.8851528331
         0.7334565216        2.8124801991        5.7021638746
        -8.1653157533        5.4095738143        5.3259428712
        -8.2391247711        1.6007788985        5.1808400584
        -0.9136520592       -8.7664280054        8.5474129186
        -1.8414242471       -5.2106793715        3.2281038022
         3.5913092153      -11.4725030647       -0.3259412082
         4.0541331100       -3.2679719769        3.3994666450
         3.0067848883       -0.2779424943        5.5628957625
         1.7271921007        5.9520472090        3.8196425542
        -1.1811862391        3.1149937082       -1.2085294264
        -2.8891799331       -2.2206225972        5.3926262543
         4.0858548960       -3.5229842402        7.1696546300
        -1.8934460451        4.8227098589        3.7575268939
        -1.1365882184       -2.8457426590       -5.2064048767
         2.4103231502        1.9699931178       -1.2195289507
         3.4295030677        5.0193174588        0.5558956083
         1.4481733606        5.1943549792       -2.7236368720
         2.4859747248       -1.6727231475       -5.0873077206
         1.5003230297       -4.8636322777       -3.2543578503
         2.4298996583       -1.8056856717       -1.4187563825
        -0.2362549753       -0.2033882493        3.8313096793
        -5.4728527681        3.5778821956        3.6104010236
        -7.5300718402      -10.1936439959       -0.3655253667
         1.7907319044       -6.3027819879        3.1730029843
        -2.7997742247       -1.9944609749        1.7203233736
        -2.9090453507        1.6107958359        5.5947954535
