        -7.9877194126        8.9287148195       -2.3851381860
         4.6880180550      -11.7838686880        2.7400749173
         7.0140348028        2.2262015825        6.0909163818
         3.4128448605       -4.0897811229        7.3395305304
         4.8983482824        5.4086955830        6.2502851857
       -11.4242666590       -0.2071439294        6.4551129401
         1.5943411803       -5.0064526899      -11.5477126982
         4.2451624024       -7.4669818984        8.7466776239
         0.1497067538       -9.5416122774        1.1317563274
         6.3905431376       -0.0322615910       -2.1999012121
        -3.5064653052       -8.2929026489        1.1039736545
        -2.4050895417       -5.2682329628        3.0799773210
         2.5561922007        8.2613599284       10.1042481635
         7.4086320878       -5.2621072972       -4.6736432630
        -6.4367504804      -10.7128342640       -4.2401984192
        -1.0183551678       -1.1402250799       11.2648943618
       -11.6106956211       -7.8215591129        5.5929952540
         9.3824800405        1.9379054187       -3.5778839204
        -5.2259930306       -7.2738909220        4.3981163261
         7.8601339850        7.4529838789        4.9836286617
         2.3745564635       -2.4497926101       -5.8034002641
         5.5909753126        1.5606773825        0.9653984204
         3.2262757846       -4.5047555715       11.0678245877
        -5.5309453410       10.0915291488        4.5631654668
        -8.5468742775        1.7371671129        5.1325970002
        -2.7989110059      -12.0947062109       -4.1663959283
        -8.9041068087        4.0224747784        2.0232297416
        -3.8637482933       -3.1308384350       12.7101023860
        11.6536682980        3.1669593303        1.5376310275
         5.5259200666        5.4434781132       -6.6282295097
        -6.8151402564       -8.4178115258       -7.3605939118
        -5.0423922856        7.4095139176       -7.8301941520
        -4.4580541403      -10.6366657055        5.7750127056
         5.7775568680        5.9631371924      -10.4274078330
         0.3893593579       -3.2609029189        1.7601043636
       -10.3589949166        5.9022270253       -2.8655813942
        -6.5091757597        7.0378210930        2.4779862610
         5.5632952489       -1.4291898500       11.4369270793
         1.9805038032       -9.8736847732        4.4546809000
        -9.2186096175       -3.6169606416        1.2215789798
        -0.6107032528       -1.8788601835      -12.3318708441
         6.0793170086       -1.5095014061       -5.7037804089
        -1.9615539991        6.5010854356       -2.2062923949
         4.8237154865       -3.4735834571       -3.0115501531
        -5.5610551872       -5.1910618139       -9.1527687767
         4.6845861382        8.7164329722       -7.9354680132
         3.3516147617        0.2678591121       -3.8658246019
         2.4110517589        1.8951807596       -0.8546626120
         3.8625553058       -8.4505475964        1.4064459503
        -4.6055640759      -11.2783540128       -0.8863761048
        -3.6274026652        9.5349272760        7.8918459914
        -8.9041641208       -5.1884076279       -7.2058159647
        -0.9445042692        3.6707487246       -4.5090714899
         0.2920805259        0.6831838282       -6.6267261540
        -2.4645934241       -5.7210606909       -3.4893439182
         0.2497126126       -8.0435603749       -9.5722529421
        -6.1561442140       -0.4984716414        7.1644010728
        -5.5131470461       -7.7733917628        8.1786252732
         6.6304581731       -4.4535362264        9.2370601764
         3.2339961689        4.3584368595      -12.7095709207
        -8.2932339676        5.5195586656        5.4800168943
         5.8591812742       -0.6627927442        4.0167721188
        11.8636811031        2.3172356414       -8.4308070840
         0.6383763783        2.7825897577        2.3941767138
       -12.7411524796       -1.0286941927       -3.6808845575
         0.1247177869       12.4470760184        1.7767267239
        -6.2357117496       -4.3219129977        6.6958739760
        -3.6656335834       11.5535277361        1.5098623535
         8.1042972139        5.1409989318        8.1185287522
        -2.8298127185        8.1410285974        2.8286369331
        -0.0190608216       -4.1113979121        9.0896629015
        -3.1272078018       -1.9351992383        1.6986329371
         1.1702320663       -6.5351461259        3.1016234980
         5.1858602806      -10.3054855129        6.2869183026
        11.8513203856       -2.9255188880        4.3137363254
         2.3786905234       -1.0997355475        9.5464989014
        -7.7735550536       -2.2883254959       -5.1689641630
        -4.6510407188      -11.5750138181       -7.4775997646
       -11.9189817915        2.0878576678        3.3621400513
         8.9348848810       -1.3762690410        9.6101450767
         0.9856792084      -11.1850341180       -3.9462981590
       -12.0746526295       -5.5935023291        2.5237892363
        10.2035456010        1.9188550512        7.9725879933
       -12.1345787105        4.3680930627        0.2245152458
        -7.3410203289        8.4994904498        7.5710021292
         8.6727196466       -2.5145560465        2.4164504966
        -0.6267908329        4.0992073282       -8.0597433402
        -6.4862801372       -4.7275965377       10.3812872378
        -6.1688396046        2.9846160219       11.1906473837
        -0.3505617453        4.4370819620      -11.6685771487
        -7.6204876088       -1.9472140544       -8.9648589783
        -4.3278522064        3.5869608567       -2.6877440068
        10.6342282093        7.2557761497       -5.0118284498
        -5.9206537201        3.3325550769        7.4991422968
         8.8274015973        1.2454706829        2.8109890401
         0.1859418171       -3.6943190481        5.4147967868
        -0.8888534857       -2.2755697545       -8.7291958456
        -1.7800207155       11.1123116347        4.8657590372
         5.3626361072       -4.1217934922      -11.4858003870
        -0.2310481514       -4.4965109044       12.7723991650
        -5.6169660023        3.6415031930        3.7747009417
         0.1221808178       -7.7142257175       -5.2919295202
         8.4025909171        3.3637966423       -0.3539167903
        -1.6291405206       -8.6126989022        4.4491026076
         2.8771599113      -11.5570290413       -0.6169717326
        -4.6544947464        6.6044422185        5.8544828014
        -7.3602521328        4.3755531452       -8.3013112249
       -12.5834303106        2.8016128244       -3.2789399979
       -11.6009763045        5.9117892965        3.7311781856
        12.2381264203       -1.3159769416        7.7392811968
       -12.0775060020       -1.7632040598        2.9580349923
         2.7389449291        8.5416268323        6.3870425753
        11.1860063415        5.2769104426       -1.7042055129
         7.8513582845        5.4965454520       -3.5447048104
         0.9858168862        1.3980949731      -13.7075005511
        -0.3405671067       -0.0269828638        0.3903635361
         3.4873849952        1.8356345938       11.7330203512
         7.1850584608       -8.9377634421        3.2637888102
        -3.4023281733       -2.3497560995        5.3544972879
        -5.9264169849       -3.8758996832        2.9858374738
        -4.5820302732       -2.5881673020       -3.3359058319
        -9.0438395102       -2.4750192336        8.5208312825
        -0.9380644568        9.5080866998       -0.2318395895
        -6.1475507251        1.3482243195      -10.4372530194
         0.1032741457       10.5065932872        8.1546626684
        -4.1408482340        4.0414228895       -6.4094400670
        -9.0827960962       -6.3004428008        8.0074729154
        -3.4877083544        1.1053879368        9.4336275656
        -1.7715124066        7.0476253408       -5.8894543899
         2.9773655247       -1.8773830905      -13.3636090314
         7.7799844513       -6.2733065375       -9.5418184028
        11.7075357849       -1.4760926204       -8.8288711020
         5.9530280238        8.3223055535        8.2415669174
         9.9452293210       -4.3525528722        7.3146300744
       -10.9545964105       -1.9454251193       -6.9937827423
         1.9253348554       11.6422129127       -1.5505618732
         4.3243311548        7.1078011086       -3.5984829997
        -3.6307852883       13.2123339788       -4.8761487705
         2.7238625642       -0.3421127069        2.1907500449
        -3.2573670809        0.6531807675       -4.9478951963
        -2.2879658806       -5.5064281427       -7.2075258458
        -8.6665149393       -7.5608436829       -4.1157685351
        -2.7975012789        9.8530821595       -3.5367935996
        -0.0189918618       12.0165623865       -4.8381235677
        -3.8211701967        5.1246089657        0.7838318574
         0.4396160043        2.4643156802        6.0609031815
         6.8179572367        2.9943422825      -12.7050556897
         9.4452102988       -0.3380895976       -0.4832198340
        -8.8850849586        1.3820856769        8.9255993556
         6.4315067827       -8.3249536355       -6.7300242736
         6.3298126587       -5.5451319177        1.9178444215
         3.5589900598       -3.6369041309        3.5871925488
         0.0263873318        1.7553767775       13.4283462733
         3.8123739837        2.5127940058        4.2323702538
         2.1674561381       -1.4775698130       13.2298764061
         1.3711817098       -5.2150474017       -7.7291159921
         3.9803173927        1.0244304965      -11.3197323822
         0.7939458954        8.6075454487       -3.5790951527
        -1.5612363866        7.4491981161       -9.5086690412
        -2.6949202370       10.3897712309       -7.2498360447
        -1.7708021306       12.8823976339       -1.5449966156
         9.0840849306        8.4973293333       -1.6331106649
         1.9952156241       11.9461059672        5.0955437270
         2.6150568901        3.3980439862       -5.1896131512
         9.2239579160       -1.9104247654       -3.9818033091
         0.9844293795        9.8054688885       -7.6988941510
         9.4035301627        4.5644173904      -10.3778197984
         9.0895439298       -3.0630861343      -11.1783484222
        -8.1959821349       -9.7859626851       -0.9613841803
        -0.9544239619      -10.7105507726       -7.2234489409
        -0.8043441202       -0.7647070630        7.6028255172
         8.9964205586        0.3740257996       -7.0926317234
       -10.9836013857        7.4099919296        7.1915021731
         4.7636214020        5.1217190221       10.0674917865
         0.9155538102        9.0555648405        3.0833697146
       -12.4510656011       -3.3183739087       -0.5820708223
         8.8173083471       -3.3964000885       -7.4805635319
         6.7574408306       -4.0029346406        5.4373765386
         8.1042256495       -3.8891524093       -1.1149532503
        -5.8389443109       -0.1182654737        3.4168186904
        -2.0806402296       -5.1648749892      -10.8331657692
        -7.1080095869        5.5425329937       -1.0269099600
         2.2562973769       -1.8664524345       -1.2494166648
         1.2947523427        5.0293065793       11.8046089068
        -7.5260539176       -4.6127402135       -2.0927269142
         5.6972582250       -6.8870239709       -1.6819542545
        -2.6579854072       -5.7505247172        6.8220284122
       -10.4314532767       -6.6175568736       -0.8089601528
         6.8916526252        1.8884101375        9.9024099584
         3.7629902480       -6.5350669430       -5.0300165836
        -0.9611543543        7.6066881155        6.1510337725
         9.5710766178       -5.9650478450        3.7864522629
        -9.1611549620        0.2040128592        1.6495789896
        -7.5173888338        3.9339464130       -4.5159378182
        -0.8210720620      -11.9416389087        5.7989720765
         4.0282806954       -7.2338913703       -9.6098648449
        -8.3910265417        7.2753269301       -5.8977296188
         1.7894907876      -10.3560479254        8.1506628910
         4.7236135299      -10.0116981774       -3.7069702460
        -6.6167668530        0.5970840511       -3.0950361149
        -4.9324001253        6.3312367123        9.6587792422
         0.2378146083        2.1259586916        9.7440481134
         4.3885755744       -6.9665523123        4.9518928874
        -4.1335184988       -1.9043012075      -10.7512221463
         5.6072979362       10.5392232977        5.0826011704
        -2.2396565619        4.4082964486        7.8880152021
        -1.1919096992        7.3537368230        9.9629760502
         9.0327048713       -7.3869269144        0.1734531065
        -0.1342021411        0.3379349829       -3.1680319301
        -6.3719606040      -10.3343992929        2.4194785610
         8.3765095946       -8.6839570976       -3.4360521126
        -0.9028754587      -12.5128271400       -0.8428042447
        -6.3458617184       -1.6571465269       -0.0574640085
         9.6017247549        6.4312938736        1.6233458661
         1.4930092712        5.3599809400        8.1019978405
        10.7341977863       -5.7008860758       -2.8560786236
        -9.8092629222        0.9201985743       -4.9214740591
        12.4536358646       -0.6580069876        1.3836962996
         0.7806321687       -7.4549343869       10.4946789277
        -2.9350286025        1.0177153414       -8.5491398960
         0.9735899538      -12.8644557402        2.4917769427
         3.4502272718        4.7353830075        1.1062642437
        -0.6460935913       -6.1916791041       -0.2048552080
         6.2526320564        6.5998816341       -0.2668526371
        -8.7609899114       -5.8426339540        4.2876548378
        -3.7047508267        0.7321712031       13.1155145826
        -9.5585402503       -1.3520399357       -1.8580510505
         1.1902576028       -4.7604084343       -3.2612754200
        -8.7032802069       -2.0625436684        4.7338822585
        -9.4007438160        2.4802477121       -1.4559274579
         1.8558554125        6.5745677794       -6.4921141059
         5.1218332475       -4.3826396302       -7.6595338938
         3.0440098504       -5.1261883035        0.0715588054
         2.6582163037       -2.1294320735       -9.6186745521
        -3.6463610858       -2.7492870783        9.0290991424
         2.7506994727       -9.5886211343       -6.9903473573
        -3.5589179303       -8.6452549238       -5.4784698843
        -4.4006980761       -2.2753616717       -7.0724972986
        -3.4686959175       -8.4076112619       -9.2229745766
         5.7401907762       -1.0490423902        7.7447930424
        -2.7192184253      -11.6972228799        2.4720062624
         9.0425527387       -0.9891832662        5.8784924811
         4.5250139346        7.6331492424        3.0940433585
        -1.2309444021       -1.5177846828       14.9462978127
        -1.1450651130        3.2038951143       -0.8928707813
        -4.6718002205        8.4844637938       -0.5354737609
        -1.3939974754       -2.8453470011       -1.5279649304
        -5.3412656750       -7.7805908506       -2.2426476737
         9.9918720872        4.2524714104        4.8584472878
        -6.0451974662       10.2859519412       -5.3975209950
        12.0126706474        0.9944422358        4.7249615319
        12.3412640166       -2.2067068962       -2.1566432711
        -8.0722468315       -9.2586956841        5.7073727395
        -3.4742771511        0.2815521702       -1.3206872088
       -10.7000616379        4.2365005505       -6.3450402699
        -9.6043470197        1.3004270590       -8.6256992099
         5.4372070626       -2.1762775085        0.5733279252
         2.7004139719        8.1986565971       -0.2440759410
        -2.6297642151        1.3874233277      -12.1893356806
         2.0945016288        7.1450926914      -10.2727577366
        -2.9738922286        1.7886725650        2.0894486213
         5.5534641686       10.1448956586       -1.5916169871
        -9.2012277195        8.9299530358        4.1900650362
        -6.4153792903       -0.8786990148       10.8891852203
        -6.4300701798        0.9761455669       -6.7813235072
         7.5896805820       -7.3534122769        6.8075914629
         3.8125675306       11.1611425215        1.7671348748
         2.0268410839       -8.1617262457       -1.9609051413
        -7.0806632391       -6.8455137884        1.0209041706
         6.7432609630        4.4939389218        2.9711333839
        11.3442085864       -4.3538836719        0.7486205519
       -10.7798103705       -4.3180288215       -3.9381351947
         5.1154822410        3.6185640095       -2.2673658851
        -3.2456031006        1.4576455521        5.7540657846
        -9.8515908988        7.4673127240        0.6692265617
         1.6009350952        5.2201985461       -2.2138268318
        -0.5907798484       -0.3939876044        3.9863050044
         3.5805915173       10.5734728831       -4.8742463204
        10.0515222946       -6.8995566399       -6.4972671870
       -11.2408042153        3.6222849904        6.8444949836
         2.5610519210       -0.7206532618        5.8626195899
        -4.2315906545       -4.8477905110       -0.2628516441
        -1.9948296609        4.6930590148        4.1251918131
        -6.1894083605        2.1432504073        0.3413477767
        -2.8884143606       -6.1793018539       10.5433697512
         3.6714332375        2.1886080891        7.9981911721
        -8.6085049943        5.2210499353        9.2165977541
        -1.8710066751       -9.1373530495        8.2324595873
        -5.1830060408        6.9299162527       -4.0568564652
        -0.1386637392        6.1313813840        1.0884358887
         6.4066301628       -1.1950205763       -9.4190606538
         8.3449612474        7.4609177580       -8.1001752796
        -2.4662578093        4.0737971224       11.6192833021
        -1.7059971038       -9.1449332476       -2.1895234193
        -1.2011216564       -2.5675338163       -5.1641012598
        -9.9322162134       -8.8260881887        2.3265371960
         0.5198595742        1.0439259182      -10.1534243463
         7.1441448933        8.9881600618       -4.9129058526
       -12.4294689540        0.5289659077       -0.1643407021
        -3.8731949315        4.4204800164      -10.0873087925
        -5.6943853385       -5.4939072093       -5.3609420214
        12.4979103934        1.5947327868       -1.7577960662
         3.7260400997        0.6417107052       -7.5729392794
         0.9828739379       -7.0260279594        6.8024267421
        12.3550923308        3.8100281258       -4.9332347849
        -5.5081960526       11.8461802038       -1.8725652470
         1.6715481722        5.6332142664        4.3783368291
         9.3441684674        0.7565550517      -10.8724212399
         6.6601120141       -0.8397451200      -13.1073609488
        12.2541339127        0.0516394952       -5.2992809502
         2.9040149290        3.8538069731       -8.9911333281
         6.5491880547      -10.2720850797       -0.3405526529
         7.3656548859        9.5526791907        1.7397583829
         6.2304371243        2.1594648984       -5.3185480257
         6.5627099186        2.5967121020       -9.0211510310
        12.0459904654       -3.6964865947       -5.7209264520
        -7.3647905281       10.4061015361        1.1578556492
         9.1276864979        4.1447085604       -6.6890846142
       -11.5560779333       -4.0360914316        6.0408394309
