        -6.3023444375       10.2300669378       -5.1766377414
         4.5620634357       -7.0069777845        4.7529314131
         0.4702368910        2.3386336455        6.0710267425
         1.1818398785       -7.1533325725        6.6469407889
         9.4982870409        6.5356944836        1.5792036849
        -8.8964601626       -2.8024185350        8.5736112155
         4.0132731485       -7.0485512912       -9.8243999891
         4.4767433697       -7.5721746705        8.5396439375
        -2.4973496807      -11.8147657751        2.2874665409
         6.3252245772        0.0789124884       -2.3206230012
        -4.2098908212      -10.8389598846        5.6308552507
         1.3121163178       -6.5984328851        2.9529461878
         1.5012095888        5.2155444472        8.1515480032
        10.7764132517       -5.5107570894       -3.1186698211
        -5.2482678149       -7.8667567831       -2.3250302935
        -0.6985906712       -0.9364170106        7.5759707212
        -8.8774850798       -6.6194743583        7.9970294964
        12.4088697122        1.8017190133       -1.9190660111
        -2.2840391261       -5.3925290717        3.0003291565
        12.0461888065        1.0865852899        4.5592611480
        -0.2039936080        0.3509138642       -3.1812879527
         5.5672050139        1.6034292516        0.8901988345
         2.3588733321       -1.6922655526       13.1492434752
        -6.6053142430        6.8482043042        2.6539771329
        -6.0608047159       -0.7545792748        7.2127499729
        -4.4351177688      -11.3730847367       -1.0381039395
        -2.9410148015        8.0082125700        2.9738709561
        -2.6532620863       -6.4334944673       10.4524843599
        11.6054715440        3.3114453752        1.4150129876
         9.2687095221        2.1208019554       -3.6991573245
        -5.6020318993       -5.1705286758       -9.1894044307
        -8.1809822040        8.7911447408       -2.1603400155
        -6.1730019480      -10.5140955093        2.3065330226
         3.7996309528        1.2402447220      -11.3884567932
        -5.0531907405       -7.4674581130        4.3214348356
        -7.2257374656        5.3996550481       -0.8670088696
        -5.6365609429        3.4486809629        3.8854819527
         2.5147390997       -1.2507286615        9.4700981817
         6.7020312372      -10.1849738664       -0.6260810700
        -9.1499867249       -3.8293470254        1.2595072093
        -0.7499808297       -1.7241739506      -12.3766461062
         8.8714083560        0.6080258523       -7.2357212699
         0.5876245070        8.6363258690       -3.4717883596
         2.2613844836       -1.8383012486       -1.3385092215
        -7.7140522779       -1.9669014796       -8.9205703484
         1.8267209454        7.3148915552      -10.2144391464
         0.1751634197        0.7600958803       -6.6405399253
         2.3576881587        1.9094595591       -0.8861964142
         2.1960751237       -9.9443959823        4.2381425527
        -0.5545936911       -6.2324425220       -0.3222407899
        -7.3924858107        8.2141686180        7.7816869752
        -8.6006941864       -7.6738799133       -4.1514389505
        -1.9793302225        7.0741414614       -5.7758738272
         3.5910025135        0.7920476608       -7.6491454071
        -8.0507753540       -9.9414975519       -1.0405055404
        -0.8797691389      -10.6368303423       -7.4138806897
        -8.7971547719        1.0501675599        9.0400100049
         0.3160477777       -9.5892130642        0.9462047871
         7.7932968026       -7.3716796610        6.5599837476
         5.5263142979        6.1972098328      -10.4353738804
        -8.5811517146        4.8881883933        9.3899211072
         7.3667499140       -8.9023597373        2.9942719858
        11.6907897674        2.6215330484       -8.5728386653
         3.3745568415        4.7359618867        1.1118082534
       -11.0218403018       -2.0537904786       -6.9064119548
         1.8408763474       11.8860873397        5.2286730635
        -6.0820786558       -4.5706033680        6.6816899430
        -3.8540356076       11.4256821656        1.7193287842
         4.8006601181        4.9972079540       10.0648049860
         2.5453324283        8.2076120670       -0.1684101675
         0.1614365400       -4.2938683389        8.9958688949
         6.4662485244       -8.1323082262       -6.9833851839
        -5.2816721364       -8.0332916625        8.0959055126
         4.9108110770      -11.7788042703        2.4540825701
         9.7099597265       -5.9007150456        3.5367272465
         9.0752472584       -1.4198133785        9.4427689953
        -5.6813498433       -5.5363845047       -5.4011404547
        -4.5635036595      -11.5627904957       -7.6327650722
       -11.9170494064        1.7930476490        3.5288759205
         5.7290096208       -1.5584803006       11.3125999982
         2.1271792149       -8.1245049064       -2.1475274050
       -10.3377747216       -6.8156212252       -0.8061875223
         6.8874757815       -4.0132737906        5.2568655709
        -9.4709615238        2.3066803399       -1.3147648878
        -8.3217727793        5.2523303814        5.6552066325
        12.3524144188       -1.2726620957        7.5296784019
        -0.8116349894        4.1828763459       -8.0065919096
        -2.4794930253       -5.9397092717        6.7364804999
        -6.0776359017        2.6619211227       11.2947616044
        -0.5897782132        4.5828214742      -11.6135412827
        -6.7787257666       -8.4461017429       -7.4345983569
        -8.6029468107        7.1886597405       -5.6941948475
        10.4269964292        7.4832954601       -5.0595687836
        -5.6516460393        9.8840059069        4.7754246137
        12.4398166828       -0.5032718140        1.1833045530
         0.3104664278       -3.8133755482        5.3261208727
        -0.9738302671       -2.1839838958       -8.7764744223
        -1.9182368617       10.9638316691        5.0432704741
        10.0642590784       -6.6550281374       -6.7736401121
         0.0052573119       -4.7431199743       12.6739366866
       -10.5058938947        5.7328811471       -2.6580559735
         2.8057130465       -9.4519785420       -7.2151961118
         8.3276041092        3.4804530240       -0.4337053597
         6.4378782417       -5.5019666417        1.7172726842
        -1.4338776948       -8.7449893588        4.3021067135
        -3.6935238420        9.3090319711        8.0711983861
        -5.2810561331        7.4117233438       -7.6672031095
       -12.7798967512       -1.2224129406       -3.5550489281
       -11.6594206444        5.6155061641        3.9559719198
        11.9477692189       -2.8330957008        4.0842008608
       -12.4479951465        0.2827193097       -0.0166078581
        -1.1166914312        9.4545117043       -0.0925090656
        11.0570266969        5.4649701692       -1.7877170239
         8.9009694702        8.6431474047       -1.6396747308
         0.3581279289        1.1818274654      -10.1661125837
         3.2645023349        0.3518030208       -3.9492225551
        -3.5502931676        0.4206278594       13.1498545356
         3.6584695991       -3.6700041060        3.4555371725
        -3.3000511681       -2.5284612875        5.3370845601
        -3.3608707458       -8.4024834263        0.9880740620
        -6.5479799023        0.9405857465       -6.7035234093
       -11.3415669219       -0.5425628153        6.5767075326
         5.9364590053        8.2490593345        8.2895798974
        -2.8243511641        1.5036462749      -12.1531030305
         0.0238382119       10.3598161787        8.3124284915
        -7.5535104015        4.3472539698       -8.1567516996
        -8.6132943229       -2.3228010036        4.7899093383
        -3.6501517740       -3.4376976958       12.6829481350
         4.1415051069        7.1981836317       -3.5626500998
         2.9794707758        4.5846348514      -12.7086725192
         6.4874132735       -0.5473079219      -13.2423461151
        12.0031313495       -3.4287330592       -5.9645420815
         5.4922455934       10.5370099090        5.1712911188
        10.1053829123       -4.3404838892        7.0861459431
        -9.8989117307        0.7963328328       -4.8014034616
         1.6942544961       11.6571262405       -1.4124637390
         4.4208095244        8.8947797631       -7.8884796043
        -3.9311570057       13.1876299511       -4.6402782149
         5.9142455769       -0.6672586555        3.9010379781
        -1.2386536858       -2.5388872651       -5.2127582137
        -2.2995567709       -5.4609285280       -7.2918213291
        -8.9196246429       -5.2566060255       -7.1990275803
        -3.0244274102        9.8211673688       -3.3658079308
        -0.2995221652       12.0502820050       -4.6676746868
        -9.3054734588        8.6660863824        4.4315885910
         3.8166028437        2.4692214001        4.1979297630
         0.7666321809        1.6016176485      -13.7224498093
         3.7189466169       11.3280793120        8.4839811470
         8.1441263606       -3.7697339074       -1.3133133101
         0.1664311636        1.5016106609       13.4310186381
         3.7926469169       -6.4165921607       -5.2139179098
         9.4033711161       -0.2022073285       -0.6431910867
         4.8300679176       -3.3734850650       -3.1613775920
         3.6019282198        1.6665068795       11.6913553607
        11.4151530330       -4.2161753611        0.5026339326
         3.4391096223       -4.6659379002       10.9234370044
         1.3452118608       -5.1116973582       -7.8732234801
         6.5851740934        3.2824509419      -12.7766699354
        -2.1144427638        6.4625877681       -2.0994489052
        -1.8218489539        7.5386495754       -9.3902989906
        -4.3047070757        4.0375890537       -6.3114389308
        -2.0235643697       12.8358818521       -1.3406640816
         7.2127588467        9.6158930442        1.7748041010
         2.5489812403        8.1173961490       10.1996229923
         5.0116410927        3.7043161471       -2.3045856446
         5.4729102312       -2.1281601378        0.4378209381
         0.7056525969        9.9169045857       -7.5861898016
         6.3803603894        2.8201125139       -9.0973876743
         9.1695795795        1.0580236756      -11.0116493366
        -6.3200740854      -10.7843885442       -4.3576399465
         0.2490672104       -7.9257750229       -9.7506772980
        -6.2635805949       -1.1997091372       10.9335350599
         8.9786130578       -2.7595773434      -11.3804976181
       -11.0205474664        7.0683870167        7.4319594062
         8.1183829405        5.1009155071        8.0714733474
         3.6348207167       11.1567513111        1.8728636652
       -11.9543116674       -5.8754646138        2.5649304077
         7.7486143900       -6.0216958805       -9.7837602915
         7.0476970151        2.2041718907        6.0094441344
         4.8280307727       -9.8976745477       -3.9645462302
       -11.4147399986       -4.3663074564        6.1007286042
        -2.1423817684       -5.0581019697      -10.9133633254
       -12.6822340681        2.6024838256       -3.0917530958
        -4.1629722545       -4.9485955209       -0.3098392681
         1.3576179565        4.8234235465       11.8462689645
        -5.8300579966       -4.0596947426        2.9768343500
        12.3102352498       -1.9947995718       -2.3793388052
        -3.4883519235       -2.9918770797        9.0066112861
       -12.4102952335       -3.5567588799       -0.4980229869
         6.9805833313        1.8041533334        9.8169057404
         1.2153512253       -4.7180230139       -3.3785753286
        -1.0226694498        7.4568438251        6.2652975320
         6.8177882924       -4.5282491840        9.0493926618
        -9.1512415404       -0.0149831327        1.7501175000
       -10.8653172108        4.1181593247       -6.1600435171
        -0.5513753308      -12.0816971703        5.5843470123
         5.0801944059       -4.2128490020       -7.8365055605
        -7.6541423558        3.8413423086       -4.3771340621
         2.0623066943      -10.4911297252        7.9280101682
         5.7780565873       -6.7917705120       -1.8981455757
        -5.3658648255        6.8679968705       -3.9008981142
        -0.8579998741       -1.3757425684       11.2334375775
        -3.2018542471        1.2734093977        5.7971366710
         3.5691903813       -4.1865670138        7.2008515067
        -6.3167557439        1.3761452402      -10.3560456232
         9.9707288470        4.3072136399        4.7731393703
        -1.1912141522        7.1356595025       10.0723657073
        -4.9180124288        6.0539139856        9.8011315349
         9.1445065008       -7.2719517589       -0.0943582646
        -4.5927625109       -2.6464018774       -3.3403223980
        -2.6590675280      -12.1044795775       -4.3556114362
         8.4594921205       -8.5167751171       -3.7198076395
        -0.7123781428      -12.5449577942       -1.0650230196
        -6.3289909017       -1.8004624027       -0.0228367240
         6.6940687468        4.5232607480        2.9323710399
         4.8859624596        5.3455808128        6.2509023467
         7.4214940204       -5.0904639191       -4.8871078713
       -12.2135948740        4.1192651155        0.4314218220
         8.8323883689        1.3144163334        2.6903964181
         1.0356500123       -7.6465256421       10.3336933137
        -3.0757352527        1.0705096339       -8.5153217427
         3.0515744285      -11.5271416084       -0.8745115805
         1.4697596179        5.2423941320       -2.1723616639
        -1.3773868742       -2.8794489185       -1.5783718417
        -1.2235691375        3.1602230702       -0.8479906273
        -8.6133446761       -6.0957280223        4.2817159897
        -3.3889096926        0.8574750498        9.4723695274
       -10.7661605963       -4.4718090842       -3.8925282569
        -3.0815730320       -2.0506797028        1.6864961827
        -8.5156262561        1.4725052319        5.2493686430
        -8.9540528593        3.8009898193        2.1831116054
        -1.0796390931        3.6904944688       -4.4594582020
         2.3226867978       -2.3608256441       -5.9127236131
         0.4587983932       -3.3171307383        1.6766734016
         2.5543484425       -1.9696802191       -9.7241446066
        -6.2764234744       -5.0405337820       10.3622858218
         0.1714010781       -7.6551725854       -5.4448485555
        -2.4248430447       -5.7391248570       -3.5747823380
        -4.4653514060       -2.2701936514       -7.0747181775
        -3.4574378792       -8.3479014942       -9.3404356863
         5.8508160538       -1.1155936336        7.6248539408
         1.2138521590      -12.9195101772        2.2383448347
        10.2670683792        1.9213404516        7.8450611082
         0.7867837455        8.9858373732        3.1872259647
        -1.0144944308       -1.8172991463       14.9102372114
        -3.5099648750        0.2072626449       -1.2895756343
        -4.8345153190        8.3733468870       -0.3611119274
         1.1110805239      -11.1319731511       -4.1721122127
        -3.4950467346       -8.6478526879       -5.5989449954
         2.6633762425        8.4253865123        6.4473020327
        -2.9773967581       10.4209199388       -7.0705096867
        -0.3458798271       -0.0764773046        0.3716824204
        12.1525986539        0.3130366138       -5.4832506557
        -7.8475508098       -9.5224094773        5.6343066801
        -7.4843607474       -4.7406774263       -2.0937955545
        -6.6793494862        0.4982778614       -3.0197796566
        -9.7492639930        1.2398075308       -8.5025441068
        -2.0271064113        4.5564076943        4.2045438253
         2.4730952052        3.4995136904       -5.1994771137
        -4.0898750618        4.4805590337       -9.9854230692
         1.6472333196        6.6846236990       -6.4396576289
         0.6143131673        2.7148597264        2.4038100926
         6.9094145754        9.1487395277       -4.8875481088
        -4.6972221054        6.3937042437        5.9993898178
        -5.8002354028       -0.3082043024        3.4684987890
        -3.3505572064        0.6419986704       -4.9159590771
         9.1275472692       -0.9702559410        5.7162881270
        -0.0796440724       12.3810999864        1.9444912296
         3.1208628798       -5.1048583082       -0.0792390822
        -9.7593747854       -9.0661724995        2.2856981727
         4.4309148264        7.6248275151        3.1310307888
         8.7386337135       -2.4433640447        2.2342229750
        -9.5690049044       -1.5207412142       -1.7779902369
         7.6966845406        5.6507255657       -3.5843709714
        -2.2163192826        4.2070568365        7.9641968210
        -4.4364886275        3.5186243690       -2.5944885575
         1.6233551690        5.5466316939        4.4183055409
         2.6421647956       -0.8085499600        5.7903933609
         3.3213056879       10.6686732033       -4.7763644151
         8.7531287317       -3.1586410046       -7.6864338829
       -11.2181266110        3.2828795790        7.0268376314
        -0.5395004676       -0.5035565810        3.9643274278
         2.7501137870       -0.3687179416        2.1219777097
        -2.9854697276        1.6685882798        2.1363246107
        -6.2313966526        1.9960610824        0.4368173481
        -2.3882539647        3.8073972355       11.6918108729
         3.7307383149        2.0834298731        7.9602283563
        -5.8847908514        3.0738862302        7.6070238092
        -1.6167541908       -9.3357590592        8.0784991062
        -9.9783255238        7.2492127823        0.8955315216
        -3.9085385895        5.0086845803        0.8945238242
         6.0017753931       -1.3489946808       -5.8473907290
         8.0989097841        7.7020163009       -8.1175476829
         0.3225860800        1.9359342560        9.7510452409
        -1.5900359763       -9.1696227780       -2.3433078943
        -0.2404520224        6.0720629693        1.1657386608
        -6.9599538457       -7.0153928962        0.9767479674
         5.2689722563       -3.8800645751      -11.6601643258
         5.3447186499       10.2244118291       -1.5250753051
       -12.0156563337       -2.0533370645        3.0630348187
        -4.2505250350       -1.8356511770      -10.7496737572
        -7.8117963056       -2.3714111762       -5.1283988165
         6.0958020469        2.3177166791       -5.4016390627
         1.5165292385       -4.8312991584      -11.6901677730
         5.4319461591      -10.3542730934        6.0201535253
         8.9455572083        4.3746106353       -6.7708529026
        -5.7455009916       11.7414979904       -1.6339087852
         7.7869544368        7.4694363872        4.9760616144
        11.5945545696       -1.1660424777       -9.0328755873
         2.8202195450       -1.6451150650      -13.4669507242
         9.1698151441       -1.7195753925       -4.1658138480
         2.7079967875        4.0185108832       -8.9951550727
         4.0122501392       -8.4371894561        1.1890315641
         6.1244623065        6.6729426658       -0.2661086999
         5.3313865958        5.6165799300       -6.6415977993
         9.1724262693        4.8578617526      -10.4548282525
         6.2835620822       -0.9685224739       -9.5581648216
        -7.5361241342       10.2214291847        1.3985426197
        12.1959719144        4.0641639255       -5.0559785170
       -11.4109973160       -8.1446104105        5.5905349582
