        -2.2322770991       12.8555540540       -1.1214346409
        6.4673270666        4.6412361665        3.3739057461
        1.0089602332        5.0787920671        8.3443067649
       -2.2936330813      -11.8878587133        1.8819510166
        8.6919648478        1.4890343680        3.1603029478
       -8.7458822315       -2.6038354240        4.3060381993
        7.8016034161       -4.7587767291       -4.6297206843
        3.3477576829       -4.2462544436        7.2709896886
       -1.7479454232       -9.5367404024        7.7676673937
        5.5274774715       -1.9750067159        0.6610022195
       -4.1848268479      -11.0366399935        5.1618057277
        1.0627753424       -7.2542529185        6.5346278076
        0.1507462825        2.2306157973        6.1472722578
       12.3809127207       -2.9606354762       -5.4386283301
       -0.3559392209       -6.1991510673       -0.4947838911
       -1.0100272386       -1.1075899128        7.5116012411
       -5.0433043913       -7.6527397074        3.8916966153
       11.4714050867        3.5866282044        2.0741352075
       -5.9208508939       -0.4937786705        3.1732863312
        9.4413337224        0.0689031679       -0.1810574345
        5.0570815332        3.9167380061       -1.9569581479
        5.7658199800       -0.5886558342        4.1777287929
        4.2699219122       -7.6393583800        8.5754360378
       -3.2422826603        7.8987542873        3.0245478591
       -6.3520816594       -1.0395171891        6.8890819020
       -4.9087865876       -7.8902932357       -2.7646089485
       -1.3060864287        9.4649870700        0.0888473220
       -0.4658177432       -5.0232579537       12.5465903622
        8.8937291676       -0.8620532019        6.1416553692
       11.0263129745        5.8067193508       -1.1014967489
       -1.7826723052       -5.2915562595       -7.5212100550
      -10.1510605835        7.0311362318        0.5861300406
       -5.9929747409      -10.6719364344        1.7532172426
        6.3317993035       -1.0105045365       -5.5705064950
       -7.8486953827       -9.8021587787        5.0176412246
       -3.0606490230        9.8704633031       -3.2635299458
       -8.6792771399        4.9516059556        5.3683818852
        6.4812417356        1.7563022101       10.1969524760
        8.8663594520       -8.1904547497       -3.4962546463
      -11.6001080059       -0.9320776361        5.9996460111
       -0.0848179638       -1.3869356071      -12.4327493422
        4.1636170369        7.4156762769       -3.1763043468
       -1.8352456446        7.2067675531       -5.6834857555
        4.2262644633       -6.1602219015       -5.1663903322
       -8.3991645825       -5.2490760184       -7.7487530210
       -4.9803830332        8.3059627013       -0.3879236255
       -0.0334381071        0.4631127128       -3.1733697566
        7.7530086984        5.9557723925       -3.0575091873
        5.1078146526      -11.7127314088        2.4260367294
        0.4924636235       -3.3080334476        1.6173347910
       -7.9262238426        7.8786771274        7.6102285656
       -5.2466647087       -5.4955690149       -5.8009442509
        0.8676083176       10.1749008099       -7.3093535189
        6.7864505970       -0.5363855311       -9.2504900144
       -4.0759749474      -11.4073786134       -1.5233640053
       -0.2324759812      -10.4294926317       -7.6962266227
       -3.4604720739       -2.7023929638        5.1092321537
        0.5279227504       -9.5686320842        0.7274520654
        1.7873293633       -1.9307588099       13.2111150318
        4.6161264331        9.2422100647       -7.4518252537
       -9.1108983091        4.4865722964        9.0761116560
        7.4573294445       -8.7679981178        3.1440235519
       12.3460075510        4.5078042389       -4.3430124211
        6.3155397149        2.6447311921       -5.0359711278
       -6.4978172185        0.4563259463       -3.3252496303
        5.1940687047       10.4182444423       -1.0110445118
       -2.2619845593       -5.4827499277        2.7574398209
      -12.7527171329        0.9975665560       -7.1901799957
       -5.8684543218        3.2545301774        3.6894707676
        0.6941342681        4.5906062981       12.0169323746
        4.1218576922        7.6841806883        3.5347804312
        0.1776193781       -3.9036237053        5.2453050107
        5.0921088061       -3.1412664195       -2.9994642931
       -5.4401896911       -8.3181858188        7.6360547313
        3.1673672572      -13.2991144694        5.3358648903
       11.0757319670       -5.1471412045       -2.7082221174
        8.6694968178       -1.4070520449        9.8491691907
       -6.1755732088       -8.3779531345       -7.9555515914
       -3.8778738098      -11.4346190775       -8.1207524393
      -12.4061950850        0.0345020965       -0.6193089998
        5.2394388409       -1.6714972681       11.5473687275
        3.2784718191       -4.9902821225       -0.0468454397
       -9.0755827664       -4.0333867113        0.7197065908
       -0.1398866892       -4.4788030898        8.8921289772
       -9.4226219802        2.1617794798       -1.7157926142
       -1.4731485142        7.3072672968        6.3905951586
       12.0323820626       -1.1358207508        8.1040505741
       -3.6771274715        4.6755336213      -10.0574919965
        6.5088647404       -4.5558936332        9.2708285766
       -3.8327857497        0.5763540653        9.3163846066
        7.1584515921       -0.0228589033      -12.9082924445
       -4.3292969608       -2.6313775471       -3.6211895361
       -5.0470616327        7.5176879984       -7.7283566199
        8.7885640173        8.9276971619       -0.9876090962
       -6.0822425188        9.6649215506        4.7354255269
       12.4549451007        2.1743176809       -1.2539971231
       -0.6855567946       -0.5807223415        3.9232175039
       -0.8949285689       -2.3990278690       -5.3238061240
       -0.4407432305       12.3628190030        2.2431451125
        8.3813366818       -5.5514127537       -9.5203648896
       -2.9694319740       -6.7188458289       10.1557212635
      -10.4682277072        5.5967176943       -3.0224200700
        5.2844327810       -9.6480426253       -3.9502975765
       12.3903666468       -0.2064809949        1.7890743654
        6.7528050647       -3.9430258384        5.4994320981
       -1.4021527621       -8.8497688810        4.0208341907
       -4.2728898428        9.0506828522        8.1074181055
       -8.4513435871        7.1773756470       -5.9258467744
       -9.6156610069        0.7255412561       -5.2470699823
      -11.9394046066        5.2810929784        3.5178181522
        2.4036701853       -1.7094360885       -1.2717838644
      -12.0670097029       -2.3677922541        2.4216752669
       -2.1342152552        6.5019230241       -2.0336589517
       10.5040882644        7.8875606467       -4.3554845746
        9.2810941585        6.7551100383        2.2087994986
        0.5036947112        0.9696775845       -6.5987135416
        2.6616307059        3.7433686673       -4.9865638887
      -11.5903834320        2.8816202028        6.5475086161
        4.5333356886       -6.9760285787        4.8119777650
       -6.2546320637       -4.8404456247        6.2662010993
       -2.9802524193       -8.5480018933       -5.9667539127
       -8.1725169980       -7.7289874209       -4.7465874961
       -8.7621189182        1.1792149193        4.8608900263
        6.9149321465        9.7748904401        2.3635431117
       -0.4926140753        4.4013705907       -7.9242341228
       -5.1042849691        6.1666595627        5.9183989284
       -7.2212386689        4.4156574799       -8.4069470624
       -3.0759255049       -2.1279037983        1.4858514773
       -4.1470278443       -3.8031365098       12.4052400539
        5.9999420978        6.8578599297        0.2033491142
        0.8472112662        1.4852154386      -10.0994691358
        3.5334642069       -1.1978697709      -13.3322173136
        9.2129466255       -2.7186280097       -7.3104538974
        9.6524222671        4.4560785448        5.3696845938
        9.8848142650       -4.2418622740        7.4782276615
      -12.5525850795       -1.3933623033       -4.2123686946
        1.5104060317       11.7624819492       -1.0413584593
        5.9068722861        6.6315289288      -10.0022705892
       -2.8476080813       10.5619468254       -6.9457733217
       11.8316857747       -2.6209633944        4.6064375553
        7.0227274992       -7.7693523023       -6.8415797279
       -3.0975304648        0.7248655154       -5.0568547951
       -4.9977559102       -5.0275353647       -9.5705545279
       -0.3309501849       12.1911046729       -4.3794926367
        0.5776720045        8.7686669687       -3.2231103040
       -6.8588234292        6.6634699261        2.4966515149
        3.2351132034        4.8231995485        1.3997032562
        3.5111088885        5.0168900206      -12.4350366105
        3.0587698151       11.2322132150        8.9338647857
        9.4197645398       -1.3635581092       -3.7442661380
       -1.6643878743       -2.1787255790       14.7986915107
        1.5229315524       -4.5666397850       -3.4216411951
       12.4731973483       -1.6118087374       -1.8095242651
        9.2199080499        1.0392744706       -6.7681066776
        3.0186698722        1.4918193438       11.8973810185
        9.6971030769       -5.7256978484        3.8755536504
        3.0461239861       -4.8210658700       10.9711143667
        0.9382020732       -7.6228097821       -9.8945011203
        9.6921640742        1.5876830538      -10.5129701178
       -4.1753887439       11.3260685653        1.8103525067
       -1.5097593455        7.7674290363       -9.2722546435
       -7.4896905862        3.8202779434       -4.6486247802
       -6.2544737026       10.2518627341       -5.2231196605
        1.3288765093       11.8294828247        5.6045487788
       -1.8196362715        6.8870515340       10.1764544229
       -1.2258555295        3.1896012074       -0.8217670611
        5.5122733322        1.7483613548        1.2091275960
       -0.1041893139        4.9010878256      -11.5062091819
       12.0532135241        3.1461128099       -7.9152861203
        6.7717327954        3.2422865368       -8.7000306419
       -7.7198869864      -10.0599223087       -1.6680700520
       -2.2408822251        1.7874749690      -12.2350213604
       -4.1638255227        0.0435671582       12.9697512829
       12.0686051558       -0.6304748854       -8.4683068904
      -11.5043561584        6.6586912868        7.0551025886
        9.8572400442        2.0001714783        8.3943925120
        3.3005514944       11.2266287982        2.3228868043
       -1.1965582503       -2.8343321522       -1.7088546634
        3.4102534559       -9.1674092359       -7.2840172637
        8.2863931889        3.7229660431        0.0675969448
        4.6784102151       -6.6601160255       -9.7630444844
       -6.7250672541       -1.5825509585       10.5837554550
       -1.4663865279       -4.7894989826      -11.1201472108
      -12.5686997833        2.4331235769       -3.6508284727
       -4.0366300907        4.9308183644        0.8289742358
        7.6233485175        5.1223271749        8.5907153168
       -6.7975982954       -7.1609386179        0.4684138197
        8.7077004947       -2.2586384452        2.6098266849
       -1.3377888678       -1.6414389007       11.1456291708
      -12.2545143327       -3.7909560906       -1.1877148146
        5.5314560633       -1.1324328627        7.8817525059
        3.4629588714        0.5851317087       -3.7709964760
        1.8850082696        7.9519464877       10.5106157461
        7.6782080935       -7.3084637652        6.7674790613
       -8.2435492626        8.6926844177       -2.3382577386
       -6.2085501310        0.9975424808       -6.9994126067
        1.4379227643      -12.9311038699        1.9736927057
       11.5049984975       -3.9293765691        0.9709485699
       -5.3002403989        6.8794668321       -3.9843034806
        2.2559272826       -9.9346755984        4.0942547825
       -2.6252136863       -6.1293887178        6.4652749962
        3.4003510358      -11.3937820590       -0.9932037227
       -4.0608819281        4.1327595494       -6.4108411435
       -9.2003429149       -3.1848096963        8.0594861948
       -3.4767418022        1.0881466483        5.6657498587
        2.6872152754       -0.3207494679        2.2505855894
       -5.8161187066        1.5335302724      -10.6192740942
        5.3577882346        8.2121583922        8.7750978905
       -0.1669283371        1.7330840623        9.8043500980
       -5.8355712506       -4.2310923262        2.5908203604
        9.3423712436       -7.0221149442        0.1880528198
       -7.4625998310       -2.3929659485       -5.5606967951
       -2.1242648861      -12.0153066165       -4.7684072486
        7.0026937104       -9.9799507918       -0.5324032070
       -0.3320705835      -12.4933975507       -1.4013315843
       -7.2279580121       -4.8218543087       -2.5688651416
        4.2151177244        4.8900001197       10.4130765920
        2.4098523247       -0.8558923315        5.8976657704
        1.8762591973       -4.8314197971       -7.8993290590
      -12.0833000437        1.4657823722        2.9838119866
       12.4158535864        0.7695875703       -4.8611808214
        1.9664066535      -10.6204528537        7.7865582493
       -2.6596916096        1.2523781838       -8.6270437088
        1.6100317484      -10.9600858385       -4.3717062444
        0.4638896496        2.7035458879        2.5035425988
      -11.5574645340       -4.7422916298        5.4298543083
       -6.2611954909        1.8773327142        0.1814115464
       -9.0608699507       -6.9838864829        7.3942365398
       -6.6504896099        2.2717913984       11.0473086588
      -10.6018364759       -2.1184476172       -7.5001100097
       -9.6076268474       -9.3065568604        1.5909504990
       -3.0926246500        1.5798460514        2.0305517365
      -12.2870120726        3.8632911677       -0.0650211474
        1.8261228336        6.9380333533       -6.1946981057
        3.9613359713        1.1205214977       -7.4369959398
        6.5102717351       -5.3586854564        1.9058887558
       -0.4690903622       -1.9453657931       -8.8608841217
       -6.6167881345       -5.4069049075        9.9208180835
       -2.0792923947       -5.6665302590       -3.8217097005
       -3.8160789757       -3.2619428624        8.7529912785
       -9.3515863672        1.2717783504       -8.9516795228
       -2.7711904115       -8.1509917735       -9.6932841171
        2.1133019395       -1.3930974523        9.5552475161
       -0.4997339029      -12.2167238891        5.2715211603
        6.7261339121        2.2542363736        6.4084058027
        0.4468799334        8.9577148783        3.4449303331
       -0.4929350748        1.2029555542       13.4605317670
      -10.0900494352       -6.9932974738       -1.4705007942
       -7.2720891458        5.2902725269       -1.0849429720
        4.1916007255       -8.3376017619        1.1823544976
       -5.8103055608      -10.7798089881       -4.9168379905
        2.1758314706        8.3580192604        6.7774255621
       -3.9843969560       13.2469204115       -4.5011003185
        0.6496219823       -7.4741028120       -5.6068635851
        8.3179967428       -3.5125629516       -0.9944776201
       -8.6299016657       -6.3615632564        3.7093957481
       -6.2449519807       -1.9091967196       -0.3744421463
       -3.4134721050        0.1942306609       -1.4493124535
      -10.6283699051        4.0894281496       -6.5891723647
       -3.9914852640       -4.9991909791       -0.6295843646
        3.0972346221       -1.6181128047       -9.6151525788
        2.1762214429        7.6626595944       -9.9398362889
       -4.0347861243       -2.1569175043       -7.3358155724
        3.5816380621        2.4888582495        4.4456648223
        6.9437727951        9.4637992235       -4.3194051406
       -0.5983247108       10.1814197878        8.5561201553
       -5.5015299632        5.7260660856        9.6957153178
       -4.3573634849        3.5170758328       -2.7175690116
        9.4019052588        2.4652263258       -3.1834572536
       -2.3931485861       10.8237328925        5.2123120896
        6.0594134861       -6.5738053360       -1.7689094657
       -9.4065923793       -1.6630300314       -2.2770231239
        5.0099301462       10.5680233011        5.6938232104
        3.6082536589       -3.6332257063        3.5474381070
      -10.4246285990       -4.5861769878       -4.5161814185
       -0.3253603219       -0.0569242477        0.3556519937
        1.3058140421        5.5072125583        4.6320063774
       -0.9234999720        3.8131769754       -4.4075647048
       -2.6694249973        3.9893925370        7.9498532431
        3.3207983684        2.0060830556        8.1882375102
        3.3196180317       10.8939336584       -4.3477799753
        5.5816143321       -3.8505962077       -7.6607028576
       -9.2170703827        0.6553664930        8.6226366772
        1.3592521762       -6.5962907921        2.8545959884
        2.3829309930        2.0261573180       -0.7118795358
        1.4763493344        5.3664073848       -1.9608038895
       -9.1923382610       -0.2327418182        1.2980789684
       -3.0139357672        3.4921725390       11.6537354370
        7.3855615514        7.5610044651        5.5388794146
       -6.2877169636        2.7808501964        7.3843118659
        0.7482611963       -7.8434918685       10.1926452691
       -9.1080828158        3.5751969176        1.8356920090
       -9.6854648334        8.3728997085        4.1833592426
        5.9447333912       -3.4208200264      -11.4631169749
        8.3277563552        8.1351075539       -7.5236317767
       -2.3066228166        4.4367287392        4.2135886128
       -1.2249211359       -9.1069259961       -2.6359163433
        2.3838498977        8.3044185472        0.1612515817
       -3.1702643035       -8.4652573128        0.6241962993
        2.2208048522       -4.4529510094      -11.6947217617
       -0.4104106776        6.0719595196        1.3073812065
      -11.8898816080       -6.1742075107        1.8382888476
       -3.6556871279       -1.6199483713      -10.9842181114
       -7.1962302014       -1.8781447572       -9.3314477373
        9.1810383931        4.7941605468       -6.2135061461
        2.6912163914       -2.1085824069       -5.8293550201
        5.4396198294      -10.3409210025        6.0545895549
        7.1453529865        3.7961110293      -12.3524809116
       -7.8081910016       10.0461994511        1.2803887156
        4.4796865421        5.3370578280        6.6176718437
       10.5678978367       -6.2095752600       -6.4222375506
        1.4198691354        2.0067676174      -13.6190888767
        9.6083110405       -2.2234253460      -10.9783544506
        4.3426545034        1.6613807552      -11.1485237908
        2.4556930697       -7.9829462231       -2.2286047587
        6.4436164338        0.3231243494       -2.0006694487
        5.5396089250        5.9555886591       -6.2363912021
        9.5796634233        5.3720014692       -9.8697196772
        3.0709203495        4.3573142613       -8.7538993101
       -5.9081308589       11.6841421339       -1.6225370008
       11.8143638986        1.2907076883        5.1809248571
      -11.4380019451       -8.5051316667        4.8318633114
