         1.4185100269        7.4600717323       -9.6359084659
        -1.5614193670       -1.6107947224       -5.8175348002
         4.5280679747      -10.2639894390       -5.8923373725
         1.8492942806       11.9754977020        5.5922089189
         1.6118963729        5.7165326169        4.2933718405
        -3.6567727530        2.9130666336      -12.5051107539
        10.6584534082       -4.9575847943        7.2401964613
        -4.7011587646        4.9772190284       -6.3701971818
         2.2048367215        0.1007310102       -9.1156293136
         2.3340787139      -10.3201990182        6.5708097396
         5.6451520657       -7.6070177469       -3.7056712210
         6.5308620486       -1.2121906426       -0.7521350951
         7.4596919129       -0.7475339205       -5.0022253802
         3.8149141982        1.9655139325        7.4696679037
         4.0990740859        8.9238183048       -7.2520919934
        -3.2583554112        0.6831600711        9.1349331428
        11.4786146004        3.8634738886        0.6623850095
        -1.5567585172       -2.2667905465       -2.2035801219
        -0.1292759909       -6.7422400144       -6.4549604153
         5.8672780133       -0.6567598118        3.0065410508
        -4.8872824515       -1.2173085426       -7.5777290146
        -8.2107145291       -0.8039930762       -9.2793209325
       -10.4786889844       -6.2669195692       -1.4684283450
        -4.8404128977       -1.8925790016       -3.8618466494
         0.7156848032      -10.9466407124       -5.9920438021
        -6.1575154695      -10.1491226523        1.2109783844
         2.1361131543       -0.5831761564       -5.5016205869
        -3.1604531462       -1.6813454649        1.1514894312
        -8.2894391371        5.3230927987        5.7818994368
        -4.6874703417        5.7173617009      -10.0496754357
         1.2914505376        5.8913681072       -2.2739012621
        -3.0571185782        2.0041380190        1.8666737518
        -8.4905632682        1.5729630057        5.1084071106
         9.0880727340       -1.7302689363        8.3356968157
        -2.4714570946       -6.6443390994        9.5531245489
        -0.9773185843        7.4876578464        6.3467642825
        -9.6686183506        2.8907056213       -1.3178012106
        -8.8658127692       -6.8411135685       -4.9427844899
         6.6319841842        4.8377865518        2.5515689700
         4.9428606197        1.5782677531       -6.8535952489
         0.1478295292       -5.0981066429       11.8934843978
        -5.4455455270       -7.1643821152       -3.2504309154
         9.8311926128       -6.2633822970       -7.3747381413
         6.7295614347       10.2809118018       -4.7719481347
         4.9706409622        4.7132918073        9.7440210366
         3.7280681147       -5.1333524116       10.7656640033
       -10.2034505230        1.6306518298       -4.8706811073
         4.9132197151        5.3241452102        5.9571007043
        -1.2922751607        5.9152082451      -11.8934196565
        -0.4699476543        1.0719449425       -3.5468587715
         3.7949188678        2.6153523260        3.7321455109
        10.6086860789       -4.2492377821        3.6338753557
        -0.5175254205       12.7854964028       -4.3385548221
         3.5418134179       -5.7112459819       -6.0252971102
        -2.3007068730        7.0826736846       -2.0416768959
         3.2699898480        5.2033864143        0.9278148562
        -7.6092436034       10.5882304446        1.8612430489
        -3.2151679749       11.3460704426       -6.7324516200
       -10.0839573384        7.6608329122        1.2386843635
        -6.9237244809        1.2098501859       -3.2375080308
        12.7949840403       -3.3423583283       -1.1410380048
        -5.9992762772       -4.6022637303       -6.1129811682
        -9.3040769406        8.8191131757        4.8363015704
        -1.4630766342       -0.2464110963      -13.0828287337
        -5.0925628516       -8.0953089521        7.1357984636
        -5.6121448898        7.6172458847       -3.7145589972
        -7.9484218339        4.6494607212       -4.3188007825
       -11.9446564654        2.0079641271        3.5299033755
        -9.2326005290       -3.4380534348        0.7753586176
        11.0657226050       -8.9992060536        1.1301355185
        -9.7777388633       -0.9107841215       -2.0561983356
        -2.1623282256       13.3772970777       -0.8712847844
        -2.2631744315        8.6525271501       -9.3379624235
        -6.6109038227       -9.8950041968       -5.4870648215
         4.9365053132      -12.8667148747        0.1898383412
        -1.0294275445        6.8873302687       10.1193738798
        -9.7645311553       -8.7475872983        1.4206373313
       -12.3493643832        4.5649885718        0.6358449005
         4.9663748736        5.3718248953       -6.1133229075
         7.5886796404        3.0454516037       -4.4488148397
        12.0514429783       -8.4454005097       -5.3205256039
        -2.1965385359        3.4702780185       11.5241382401
         2.2747857464        0.7913551653      -12.7638763656
         3.5374520652       11.5474533250        2.1576110073
        -2.3490902636       -5.8757216760        5.8709638081
        -8.1355807581       -1.4991793161       -5.5185678166
         7.2208510389       -5.0650539734        9.0921151536
         3.9170757563       -3.1951242150        0.4007478740
         1.3760029041       -6.9484126159        5.6056091449
        -3.4133297636       -7.9287444818       -0.0506378536
         2.3113707610        3.9282428325       -8.4523204675
        -3.8144631687       -7.6576060995       -6.6528128587
        -6.9965881473        1.9363074123       -6.9131601710
        -0.9043356347      -11.8549153464       -2.5440334024
        -8.1933289498       -9.3429518550       -2.0281862559
         2.6675067717       -0.7478769211        5.1728346502
        -5.8990534716        2.3485022506       11.1525940711
        -6.0875274337       -1.4822826080       10.5150801025
         2.7296729585       -0.0544651321        1.5585282300
         7.1108730967        1.5006538478        9.0947276030
        -3.7113347301        2.2143509578       -8.8675659149
         6.6047877676      -11.1993763988       -2.7720427970
        -4.9517343924      -10.3849746555       -8.9003253601
         6.0139655629        7.3925866345       -0.2832515790
        -7.6967633074       -9.4185828253        4.6486337684
         7.2224568234       -4.5832229302       -5.5296588576
        -5.8857722537       12.3113980294       -1.1243137248
         3.5461825804      -12.7660228090        3.7880962139
       -13.5003754286        2.0518363316       -6.5126369324
         5.0330968502        2.2661716425      -10.5385832551
        10.2966522926        1.6413088340        6.8839608903
        -0.0453739605       -6.0763463120      -10.2148945154
        -5.6509039324        8.4433558176       -7.4503166022
        10.3283478801      -10.1918059386       -2.4434200948
        -9.2348984698        0.3401864077        1.5408722181
        -2.1181225233        4.1229342513        7.8292518616
         7.0353354693        2.0994247828        5.2864057489
       -10.7333860128        6.4077826542       -2.3762891917
         1.4961968290       -6.1819279492        1.8721010042
       -11.1406323159        3.2449180091        7.0920112757
        -5.8268747844       -0.0678966363        3.1252580843
       -12.5596681631       -3.0521690557       -0.8387823108
         9.3387700425       -6.6975494221       -3.4258750246
       -11.3254706190       -4.3498941950        5.6196147609
         7.6676825355       -8.4399325004       -0.4997540620
        -6.6592597736        7.1365768691        2.8569509829
         9.2623177430      -10.6436944547        4.0941855592
         6.6376496093       -4.9669838670       -1.4551670123
       -13.0787132012       -0.4942616288       -3.6946763314
        -1.5260393334       -0.9416393293       -9.4486051710
        13.3417427524       -5.9494361947        1.6969758518
         8.1883600461        4.8556492130        7.5566489699
         4.9414823486       -7.4039960032        4.9222351726
         6.0421407203        8.0584445275        8.2026590352
        -0.2420232598      -11.8199383187        4.1408617409
       -11.2645836502       -0.5534812077        6.3693190468
        -2.4411812251      -11.3600750460        0.9604946683
       -12.0449969648       -1.8095679623        2.7913883183
         5.5091021756       10.6714507143        5.3720995104
        -4.6624102331        4.1924291466       -2.6721435226
        -3.6847739926        0.7939248265       -1.6250634236
        13.9489423340       -4.7872871201        5.2336776850
        -2.9892559673        8.2793166087        3.1566090787
         2.4512176460       -8.4176741610       -8.4115961684
         4.8476461166       -1.5872194480      -11.0308828714
        -6.4672852705       -1.3039795430       -0.4403075816
         0.5154788548        2.3936670735        5.7352211968
         2.4149695620        8.7501062247       -0.0758152482
        -4.6579557439        6.4469650858        6.1004732388
        -8.4434677665        4.6902832173        9.4818276960
        10.2832875437        5.2449661163       -5.7809223046
         3.8851223412       -4.5464675297        7.2627560852
        -2.2966343121        7.9057116506       -5.6975465102
         4.9970191568       -6.6340922824        1.4006607035
         3.9299988889       -9.3559738835       -0.7089280342
         7.3060696886       -4.4012385249        5.5369822101
        -1.3945479018        3.7031389512       -1.0331488385
        11.9103565779        1.1408460665        3.4036295940
        -1.8029549436       -8.4591549803       -3.5263993196
         9.4255533205        7.0710117743        1.3706692481
        -5.6433566649       10.0183357028        5.1596699371
         0.4511050109       10.1931566226       -7.0381880031
       -11.2441878286        5.0761239629       -5.9621435068
        -0.1600667016       12.7097460427        2.3687284650
         5.8419909643       -1.2795705619        6.7661742619
         2.0960554943       -1.2726411631       -1.9653673790
        -7.1408352067       -7.3280295312       -8.3629004933
         5.9710833957      -10.1269526648        2.4368001218
         3.8378390122       11.1530580761        8.7513972216
         8.6811955262        1.6109319279        1.8045135377
         7.7058641163        3.7543983811       -8.2001842123
        10.0037103222       -5.4798441394        0.1009914768
        -2.6350515747       -3.6475085952      -11.7462375927
        -2.6758233429       -4.3252592200       -8.0953284290
         2.9217902936       -5.7883107669       -1.6914375413
        -2.0420275974        4.7442977201        4.1052293368
         4.7660322467       -2.2772214666       -7.3436530775
         2.5555321315       -2.0314033491       12.5237878749
         0.4145995923       -2.9791622176        0.9567446385
        -4.9630077590        8.8695838853       -0.1009873368
        -3.7210237597        1.5066942937       -5.2365542784
        -6.0429254450       -3.9483444500       -9.8780168857
        -5.6569085913        3.6533213248        3.8119257761
        10.2875699309        8.9595227213       -4.9530682648
        -8.0190603419        5.4356151846       -8.0626950526
         9.9779401876       -1.6839751832        0.8689796452
        -9.0286680536        4.1254344865        2.2443038389
        10.9421185631        6.5165942972       -2.1092488382
        12.2582077748       -1.5840220766        6.1242153946
        -3.1593687400        1.3480337078        5.4879548175
         8.3060430936       -7.2080510339        3.0519401561
        -8.9078532222        8.0830224487       -5.3667016309
        12.1163740969       -4.6338976897       -4.6690138693
        10.2116676587        1.4196635821       -6.3917065407
        -8.7143241390       -6.7220069366        7.2636772077
        -8.5856475608       -2.1894052629        4.3769818711
        -4.1363888463       13.9468677755       -4.0913190336
        -8.7558537656       -2.9437158869        8.1177316435
        -0.4354683031        1.7679663239       -7.0985434681
         7.5561477930        6.7757255604       -3.7059201172
        -0.7751950174       -2.3301973667       14.3372415815
         1.5704713166        4.4641042529       11.6558181406
        -3.0199467278      -11.2066776399       -5.7260264987
        -6.9924640823        2.6470602397      -10.5609278200
         8.3096695121       -7.9089940170        6.7142392170
         2.7146426388        8.4279055384        6.5129566713
        -1.2744208367       -9.4166475516       -8.7822976096
         7.6080625141       -0.1127530187       -8.7908350628
         0.4004380037        9.3409713023       -3.3094169971
        -4.3002334014       -4.4137480912       -1.0325185447
        -0.5352100547       -0.2997966930        3.4702807067
        -4.0208568607        5.4295361940        0.8971139016
         3.1136175044       11.5505365505       -4.5627614159
        -5.7961798840        3.0124143854        7.4967514709
        -7.6848188788       -4.0826923595       -2.6892283760
        -8.3625595580        9.4200461063       -1.7633668009
         8.6167045870      -11.8893120762        0.5024314914
       -11.2958364511       -8.0920165624        4.8356256991
         1.5187692770       12.2530031164       -1.0954711256
         3.9109830084       -3.8794411465        3.8105471772
        -4.5946642906      -10.7390158348       -2.2574370016
        -6.5361568697       11.0566560429       -4.7447998985
         1.2223673596       -7.7528927615        9.2822801389
         7.6852755432        7.5643133619       -7.3857209279
         0.1326772329       10.2227867836        8.5849720201
       -11.4345187598       -1.0794888826       -7.1627941263
        -6.3616159141        2.4555180383        0.2918287080
         1.2687669344      -12.3748044130        0.6480579266
         4.8197697118        0.8754700402       -3.1873783300
        12.6329982321        0.4412209174       -0.3643266170
        -1.3477463669        5.2158212364       -8.2562243425
        -6.0910030073       -5.2882898715        9.6676647493
         8.3388780063       -9.4339731412       -5.6676878745
        -7.3913473130        5.9444075934       -0.7329172518
         7.7925874488        7.5889382548        4.8190429188
         1.3577481052        6.7104296769       -5.9605857927
         1.6085206499        5.1031552851        7.9921451368
        -3.5935652152        9.2030239018        8.3547716841
       -12.5934731828        0.7566045359       -0.0802486548
         0.3653104072       -3.6617195302        4.5725142014
         1.8935527123       -8.3899350108       -3.8215400346
        12.7070915650       -7.1724845221       -1.8310455013
         9.0377825115       -1.0825135406        4.5731454127
        -7.0330840185       -6.5832996599        0.1762211222
        -5.9816820435       -4.5558660338        6.0244367623
        -9.3007867477       -4.2129056859       -7.7755654075
         4.8737066771       -8.0339647094        8.4894405256
        -4.9635814544       -7.2413370123        3.4022724844
         5.9923094896      -10.8309137252        6.0605975730
        -0.6863647200       -5.6898736948       -1.2757510424
        -0.3113893665        3.1488499307      -14.3419423337
         2.7254636387        7.8329270557       10.2269389710
        -7.2997837901        8.1296664361        8.0859390930
        -0.3441417458        6.4795172799        1.1436286310
        -1.9094089211       11.0769716504        5.4135366132
       -12.9675786183        3.3137650484       -2.9553233801
         4.8385636948        4.5917718064       -2.4606408861
         2.1625194553        2.4490876840       -1.2368617249
        -1.2459538717        9.9325496999        0.1508364656
         5.4479045212        2.0894396036        0.3169271725
         8.7402966876        9.5992971755       -1.5134639650
         4.3931391956        7.9438576341        3.1332271763
        -0.3794356842        2.4599524525      -10.7061349318
         0.5473992146        3.0327580905        2.1105282789
         0.4677193718        1.7355518379        9.3910008093
        -3.9840110692      -10.6446706913        4.4061114568
        -5.8519857381       -3.7780484699        2.3615458313
        -3.3515421705       -3.1257380840        8.3984714326
        -2.2577725372       -5.0781150556        2.1657437742
         1.1435887791       -2.6676201936      -11.5503602262
         2.3720014407        4.6199334818      -12.0877835785
        -8.6631476449        0.8793224883        8.8595577706
        -3.3396740598        0.0030015349       12.7853518844
         0.9845901947       -3.9887730845       -4.1845239823
         2.4048212580       -9.4763211872        2.8513127113
         0.7384750783        9.2401126587        3.3550000509
        -2.6734206329       -4.9415419961       -4.4086791454
        -1.3754740906       -9.3046871545        6.8885883947
         4.6723659294       -2.9601242622       -3.6452417761
         0.3018563255       -9.0223589813       -0.3743372745
         5.0411800401        6.0913287262       -9.7555161233
        13.3969501414       -2.1690123112        2.4417706289
        -4.8722227806       -0.5244524315      -11.2645458846
       -10.2912851459        2.3591883742       -8.5623182831
         1.0588238952       -3.3482005297       -7.8643072047
        -0.6126745481       -0.9696101280        7.0493646493
        -3.8210563887       -7.0352964758      -10.3679060598
       -11.9727525599       -5.5991635803        2.0161442505
        -4.7698917087        5.8328299204        9.8679039850
        -3.2172929570       10.5055849245       -3.0636709426
         2.8204386163      -11.9944249638       -2.9299827196
        -3.4585275497       -3.8155588856       12.0492397282
        -0.4547953466        0.3466914843       -0.0376307478
        11.6132698111       -7.7131407947        4.7053308843
         7.1426608808       10.1446072566        1.9396973186
        -3.2591445741       -2.4068295659        4.7559185204
         5.8500936174       -1.8652968637       10.4895128480
         2.6221485169       -1.4408284493        8.8464968002
         0.3121903853       -4.3781203629        8.2424882104
       -11.6780730503        5.8018061936        4.2224705133
        -8.5675936851       -5.9225834067        3.5931781832
        11.6991706587        2.9815355171       -3.1359309759
         0.3874275110        1.0819620992       13.0496499266
       -10.9352330162        7.0006840419        7.7639614353
         9.9353946555        4.3759457058        4.1610585407
         2.2349985087        3.2068505175       -4.8312587147
       -11.0360239179       -3.6978147429       -4.3434923087
         3.8009030621        1.3410994806       11.1839229515
        10.0576447353       -2.4315746894       -6.9048709693
        11.9886946124       -0.7974887153       -3.9372815699
         9.3285141051       -2.9343850677       -2.7357001287
         6.1640622610       -7.3657864894       -7.9200123952
        -1.2449326317       -8.4298211374        3.1452217634
        -1.3818113298        4.4780955036       -4.6317304300
         8.2204580594        4.2663561015       -0.9245383698
         9.1520902644        0.8170161607       -1.9265464256
         7.3940057556       -3.9550330064       -9.2603027802
        -3.9241264765       11.7749117107        2.1618928213
        -5.9740246340       -0.7827448695        6.8299740625
         7.2568606719       -3.7734139523        1.9844047808
        -0.6965857473       -1.6461370878       10.6892041882
         5.1662248911       10.9826676926       -1.3117092977
         3.7128441359       -5.0514015656       -9.8066709383
         4.0002270802        8.0931765347       -3.5237329985
