        -0.7531327984        2.8339075203      -14.4091288335
       -0.6588192923        0.4972831889       -3.6660819185
        3.7127775864       -4.2037508901       -4.3972657346
        1.7758006958       11.7725206304        2.2678447110
       -1.1494976280        4.1433879675        4.0801284702
        1.9044161777        6.6417201609       -9.6945937245
       12.1488200472       -3.6044878155        5.3677517956
        3.7596556367        8.5970543921       -0.4236677932
       -0.7088662671        1.2579350154       -7.2046886238
        3.4627263371       -8.1650551794        3.0620930476
        6.3873434939       -9.8839805176       -5.7273284097
        6.7754793341       -2.6228248847       -5.8230508170
        7.5768815370        3.5831030964        0.0838644140
        4.6253424447        0.3924851955        8.1412413209
        4.9034780364        7.5496390525       -7.3447968575
       -4.9894242950        2.2123507748       11.3328491105
       12.7530116982        5.2306021300        3.6996876217
        4.4925948804        1.8551138802        1.3007152878
       -3.8066406815       -5.0878052174       -4.4737052880
        6.2970736935        4.3096313352        3.4684568755
       -5.5949620528       -0.9998760673       -7.4772997344
       -7.2272963955        3.2144975898      -10.2741932507
      -13.3511560644        0.9003731184       -3.1223135596
       -6.0406551076        2.6764884652        0.5207162558
       -1.2481456411      -10.8962580427       -5.8637146132
       -7.8551752272       -9.8296422935        1.2532594588
       -2.2823592010       -1.9352582497       -5.9149998828
       -0.5483074825       -0.2274579979       -0.1587286768
       -9.3497404300        7.7135189955        8.3247991805
       -0.7361761925        2.0407255703      -10.7939748374
       -1.0815257737        4.0190004618       -4.6426324460
       -2.7642466973        1.6924293577        1.9017261834
      -10.2215149348        4.0608441186        7.6065915278
        3.1625431361       -6.3984217762        9.4835519178
       -3.1625371588       -7.1787760992        9.3942324179
       -1.6566818705        8.6163544078        8.4030139060
       -2.7699336612        0.9559808127        5.5061336526
       -8.7283152437       -0.8238116409       -5.2391517507
        8.0067961307        6.8168919946        5.6958654181
        7.5802694510        1.9041051757       -8.5993694511
       -0.5510903080       -2.5833592834       10.4931094442
       -6.7844711948       -0.9999626754       -0.2619675522
        8.1045586417       -8.2926034889       -8.7539644327
        5.4574086041       11.2730611505        1.7359643315
        6.3374845009        3.6374482447        7.0119850234
        3.1062120385       -5.5134070484        5.8229765201
      -12.6007105928        4.6243279267       -2.3269693442
        6.3439686359        2.8420533879       10.5405319928
       -4.4411737315        5.8821240754       -9.8444366328
       -7.1462063586        2.4215059234       -6.6447738699
        2.6152904053       -1.1631848070        1.2385635492
       11.1886379374        0.1013290548        4.2092290724
       -1.0013784275        3.1918705440       -1.0638746254
        2.1249735699       -6.0504845821      -10.4246995614
       -1.9152056247       10.2378138347       -2.9217192668
        5.8981815644        7.8047024401        2.6652458148
       -3.6874616438        8.8098911858        0.1273894998
       -2.3733761999       13.8015859575       -3.8598800619
       -8.8312794314        8.3740716301        1.7654818752
       -1.6010829757        7.8098038696        3.2227483345
        7.8471560352        1.0387973136        2.7444961756
       -8.4789011985       -9.3722168737       -5.3969681404
       -7.6443487451        9.3139216422        5.3296299259
       -2.3707174384       -0.3954586027      -13.1550712213
       -9.1068365672       -8.9319914037        4.7889892683
       -4.3754721159        5.0601213500       -6.1848467902
       -7.5199478210        5.1922174943       -3.9581454359
      -11.4290872266        3.0444768539        4.0753147499
       -8.1627648268       -6.1326512951        0.3150087444
       10.2861955345       -6.1821082754       -1.7045336743
      -10.4048013406       -3.2849909626       -7.4613754148
       -0.3690603201       12.8853275068       -0.7576913964
        1.8999161321        5.8226151484       -6.0358690554
       -9.8346940208       -8.6338597585       -1.8657431165
        5.7879807973      -10.3603155891        0.9425987538
       -2.7904010871       -0.5922471726       12.7741717345
      -11.1517539808       -7.8549932261        1.6714430763
       -3.7678117563        0.6725959982       -1.5691851857
        2.2751066609        2.9834168725       -8.6021378604
        5.2626061569        4.6887779278       -9.8953298464
       10.7702480324       -3.9512599847       -4.8758557528
       -4.9489755543        3.6646903251        4.0084854361
        1.4916750682        0.0654596801      -13.0915216716
       -4.2529769801        4.1982366300       -2.5094149180
       -6.1206949222       -7.2061333140        3.4269662294
      -10.2407376727       -6.0095585647       -4.6991134403
        9.0490067398       -3.6543519560        7.6791062845
       -6.8363775251       -6.8855497768       -3.1926251235
        0.6922303398      -11.6181104533        6.1771444033
       -0.0372841033       -4.6897360885       -4.4789535021
        1.4797305268        9.4215267624       -7.0638219696
       -7.1212503235       -4.2120099701       -5.9894434828
       -3.9662898300        2.2442093060       -8.7766485329
       -1.4257935883       -9.7723651257       -0.5506533962
       -8.7644725323       -6.6929141728       -8.1996146336
        2.6332925631       -1.9435770942        4.8334221181
       -0.1410082812       -6.1782885970       11.5371117198
      -11.0167265287        0.3539921104        6.8302048536
       -3.4926737534       -1.9092657247        1.1323842104
       11.3166741369       -0.6689187396        7.8008145621
       -5.6726166057       -0.2230557086      -11.1478961970
        4.6425554321      -11.3857271776       -2.6482321051
       -7.0786107748      -10.0441598274       -8.8789958512
        8.1332954860        4.7096819022       -3.8468193717
       -6.4954004307       -4.4350120965        6.1146065938
        5.9026691012       -6.2467141794       -6.5740613514
       -2.0826770452       11.4435833803        2.3572174160
        5.3099491991       -6.7643324054       -0.0049473296
      -13.5196136818        3.5365237047       -5.8714625539
        1.5152116899       -0.7273024937       -9.4766933208
        7.9563381213       -0.5578909458        9.7879653854
       -2.3406987124       -1.1828088958       -9.5358625948
       -4.8472105536        8.6517164050       -7.1670474930
        7.0524160981       -5.2298032336       -3.0944754451
       -9.7929725532       -2.6954536074        1.0759877280
        0.5476703712        5.8960595403        9.9987063837
        7.9627351400        0.2094060214        6.2533052874
       -8.0073304547        8.7533769706       -4.9068039371
        6.2582232660       -5.4641715500        3.5394735038
       -7.1457584165        5.6789582845        6.1564525937
       -5.7597139070        0.0386107999        3.2809471951
      -13.0964306201       -1.7571393597       -0.3432871098
        2.1399119405       -6.7453757228       -6.6667410606
       -9.4055769995       -5.3079578941        3.8187624474
        9.2296815902       -7.3583442209       -5.2408911320
       -5.4360536744        7.2837965675        3.1621009596
        8.6005691731       -7.6803848881        1.4264214212
        1.9820526757       -5.7447775294       -1.4052416882
      -10.0737485951       -0.0601007345       -1.6811095685
       -8.8975419419       -0.0453499098       -8.9818757640
       13.4649638970       -1.8884962715        2.1192439293
        7.6592226585       10.3740224326        4.8343163088
        3.0157297560       -4.6319171924        2.1346269880
        9.6922536791        2.6892450953        8.6194463544
        0.2872175004       -8.9135196224        8.8696156041
       -8.0768102233        1.2807581252        9.1873276407
       -4.4536057644      -11.6641486425        0.8195475953
       -9.1415636326        1.0132650922        1.9018013982
       11.0499562930        8.6032784181        4.3991323661
       -6.9865662883        1.6161931578       -2.9888802209
       -2.1930245549       -2.6469196181       -2.3044491650
       14.5335861478       -0.7568326045        5.6582370747
        3.9349759516       10.5405178695        5.2553281074
        0.5297516826       -9.2480385842       -8.8945998693
        3.7206616455       -2.7317237963      -11.7011563929
       -8.5435816269       -3.5056135582       -2.4782920326
       -0.2113876034       -3.6849330098        0.7110148346
        1.8961423604        4.9693152320       -2.4002134361
        0.5918428524        5.7094965909        1.0488747716
       -8.0042820894        2.0319688755        5.4416546052
        7.5020077459        1.0184599744       -4.8601906267
        0.2499023746       -8.0629558914        5.2494655736
       -1.5168571054        7.5778397328       -5.6129381302
        0.1891773918       -7.1675225166        1.6100277584
        2.4278043219       -9.2991825990       -0.5101354467
        5.8841521985       -3.6831917158        9.9369589550
       -1.4521953267        6.6856736630       -1.9842248015
        9.6226578173        3.4662153372        4.9746378238
       -5.0899794634      -11.2120884393       -5.8336315085
        2.3332768488        1.4338626094       -1.4875100396
       -3.8128781991        9.8869764481        5.4251177501
       -1.5548989655        8.3939097616       -9.2353301234
      -10.2449557144        2.5728946315       -4.4263580209
        0.1595020014        9.3047964985        0.1249899744
        5.8159225652       -2.7561416791        6.2843448227
        9.7695589027        1.6891934063       -2.0644854845
       -5.4392239529       -7.5593980664       -6.6703677487
       -2.3337651515      -12.5700493860        3.9255105078
        6.0608603426        9.2358268831        8.2092312148
       11.3329300954        5.9207330703        7.2031908992
        1.5288219564       -1.4841205082       -5.8621545632
       11.9101537491       -0.3176468791       -4.1796430080
       -1.7164015675       -6.4995805428      -10.4626275764
       -3.9134856135       -4.3939532143       -8.1543204679
       -3.1627912805       -6.3356002028        5.7370088684
        2.7764814407        4.4622743880        3.9830038153
        5.9246273178       -5.5391403269      -10.2728743013
       -0.5446082557       -3.3830772996       14.1188821905
       -3.5172440585       -2.7143727243        4.7240085547
       -4.1694142959       12.3782004183       -0.7965677995
        4.5777585364        1.0039271666      -10.9452509347
       -7.2685614131       -3.4796181234       -9.7423890513
       -8.2881407974        4.6974000657        2.6526602247
        1.0684348054      -14.2512611106        3.4630263142
       13.7049466656        7.0563742486       -2.5151645119
       -7.6729522553        6.0601299090       -7.6801750456
       13.2103827633        0.6920586740       -0.6847013801
      -10.5053837903        6.7271871913        4.8168523200
       12.3648771219        7.8568532972        0.9218007792
        8.9299721929       -2.7622448811        3.9698050568
        1.0530012691        1.3880125317        5.5732129883
       10.0533131493       -0.9773656907        0.7243946180
       -7.0586639816        9.9069922150       -1.3186455138
       10.9454652572        2.7152567783        1.4762809912
       10.6344343438        5.3252444265       -1.2530907665
       -6.1650193824       -8.1053271863        7.1390443505
       -5.8169220271       -0.7382259905        6.9764937383
       -1.9834466251       11.1374055158       -6.5775682159
      -12.3946642819       -7.0265899439        5.1793969726
        2.2876892014        2.1924124999       -5.0096233386
        7.2402669855        7.0428400832       -0.8840273605
       -2.7715513668        0.1951930496        9.1415164341
        2.7455535266        3.7183725983        7.7185743449
       -6.5107370645      -10.5927847351       -2.3020945667
       -4.7354707365        7.7518627590       -3.4546227093
        6.7272045790       -9.0640518336        4.4895247704
        4.3734771066        6.8438545227        6.0962646853
       -5.5520371029       -6.8752633969      -10.3696440047
        4.5698398913        0.1933988035       -7.2844333492
        1.4709458695        8.5604992937       -3.3431600029
        4.8088088282       -3.1784955409       -0.9198315616
        0.5624500493        6.5446319137        6.1988789056
       -3.3359991819        6.1683849712        6.2366381836
        4.3983129108       10.2840051760       -4.6675604918
       -7.1847294489        4.9904216961        9.8534818950
       -5.1748085130       -4.3938375455       -1.0137272468
       -9.8849485190        7.3157220844       -1.8303417965
        7.5601203442       -8.8946765220       -2.1460800131
       -9.4860674556       -6.1554499047        7.4781231207
        7.7701395024        8.3636479461       -4.8869631263
        5.7783182171       -1.8562008483        2.5834768371
       -3.4527247982       -8.7205595631       -3.6285323874
       -5.1965730704       11.3156014621       -4.3938732994
        0.6211388414      -10.6973612493        2.5310613272
        8.2347846063        5.5753357998       -7.5314316303
        2.2252366227        8.9865412520        8.3611434203
      -11.8719488998       -2.5704497335       -3.9376111191
       -9.3231213367        3.6571851659       -0.8878348684
       -0.9918036003      -13.3317775930        0.3766952245
        4.5339287112       -0.5878061544       -3.6322377128
       13.9969551394        4.4083977495        0.1579512311
       -1.1444952108        5.6244622561      -11.8595409201
       -6.5174252658       -5.2478619502        9.7418077644
        2.5930453198      -10.4457804863       -5.8265491040
       -6.5660007781        6.3035197686       -0.3918131366
        9.7724631262        9.2887400140        7.8844659775
       -1.1230910351        4.8356549388       -8.2438089034
        1.0842415226        0.6077142887        9.2277975904
       -1.1359388726        3.4321733725        7.8048217138
      -12.4764755575        1.9861622384        0.4827689029
       -0.1726870066       -4.5216803436        4.2931257469
        0.3818549936       -8.3476404836       -3.6369198737
       12.1917724634       -2.9622685194       -1.4133099105
        9.5068345981       -6.3708698716        4.9625721337
      -11.5869198054       -5.2454254085       -1.1391371035
       -8.7584899354       -1.6437925312        4.6584078250
      -12.0030172621        0.1351218817       -6.6875165575
        6.3907108144       -6.4259310570        7.2705474111
       -4.8443427821       -8.0480775097       -0.1043872166
        3.9137710022      -11.7310397289        3.9980474964
       -1.8271792589       -6.2066366854       -1.4459154390
       -3.9966909715        3.0326859272      -12.3956842042
        4.3983908959        6.1534991963        9.8502673130
       -5.5444381530        8.2116732810        8.4130697235
        0.0833885163       10.2856090706        5.4022482138
       -3.2255523134        5.2359378690        1.0273458366
      -10.4188121421        3.3858138601       -8.0970833792
        8.1083184075        6.0973675970        9.2986135217
        1.0217467658        2.1783308212        1.9809913599
        2.2774626291        8.1308674176        3.0967431768
       10.4456089655        2.7208406131       -6.1419481741
       10.3081437748        8.8702864894       -2.1709111232
        4.1413698165        5.2101586626        0.4477682217
        5.2632688054        3.8763658387       -6.2326614845
        5.2512498552        3.0576594344       -2.5614399301
        1.0150459737       -0.1423795434       12.8756964546
       -5.7362204971      -10.7805828785        4.3657576897
       -6.4310629091       -3.5980744465        2.4666799117
       -3.5358558573       -3.5236545164        8.3430228306
       -3.1547040609       -5.4530927078        2.0647173496
       -0.1159709964       -3.2380325128      -11.8653290417
        2.2610614933        3.7810642571      -12.2288107634
       -8.8454334311       -2.4529254875        8.3902669634
       -3.5323317915       -4.3245373072       11.9694374758
       -5.4558336812       -1.7541118513       -3.7756029933
        2.8684299087      -12.8533731978        0.4220725268
        6.7880143556       10.5177374257       -1.7828919241
       -1.6495794965       -7.1856477213       -6.7003260393
       -2.7566901691       -9.9371417702        6.7039565174
        1.5558133141       -2.1973918747       -2.2578857085
       -3.0515834070      -12.3044549958       -2.7337421665
        9.7305002276       -0.9613045268       -7.1662306490
       14.2739635863        1.7958961832        2.8906673397
       -3.9745061636       -3.6433514897      -11.7930556121
      -10.7967237806        6.1581767110       -5.4045407313
        4.1949934073       -7.8125361409       -3.5547946063
       -0.5508249526       -1.7835835449        6.8780237342
       -3.2885772471       -9.6733352032       -8.9112559925
      -12.7854059913       -4.4104850108        2.4338818393
       -3.3476765909        5.5026549892       10.0138575303
        0.9968782931       12.1100433724       -4.3700550055
        0.8136122039      -11.9637321038       -2.7377850075
       -1.1558663844        2.7072830703       11.5002931601
        4.3397809278       -8.7929711175       -8.8485124592
       11.2577265417       -4.9082248491        1.8378855273
        8.9542848380        9.6882997478        1.3063813238
       -5.8425135650       -1.5279074365       10.6455185813
        3.5810185946       -9.1075621408        6.7790971968
        2.6741079134       -2.7444853410        8.4842001616
       -0.1414682912       -5.3510466190        7.9131804843
      -11.5848586987        5.6879827305        1.2495769184
      -11.7507335893       -3.3567079350        6.0229115765
       11.0853402401        6.3836912812       -5.0782502798
        2.7010661503        3.0288840762       11.4234299752
       -4.9759083317        2.9572511050        7.6893901163
       12.9247299907        2.5618719658        6.4589428977
        6.8062201546       -1.8122375253       -9.5556844598
      -12.1918566499       -0.6850168440        3.2773963859
        4.5393231107       -0.4142526801       11.6023191931
        8.9407476990       -4.6412792845       -8.0840865508
        6.6173502860       -0.0321066832       -0.7054426777
       12.9047149200        3.3746057828       -3.3858181495
        8.7443944687       -1.9457192104       -2.7520646629
       -2.7672469892       -9.0109118689        2.9968523399
       -3.8912360557        1.4564184237       -5.1635748062
        9.3445985908        6.0963879226        2.2250079486
        4.5727627042        1.1285105233        4.7018029692
        3.7359231624       -3.4986555398       -8.0677762082
       -5.9088753804       10.8653190602        2.2790539326
       -0.5543523366       -0.9996167401        3.3228896828
        8.0377899001       -4.0174209628        0.4083843559
        2.6719158192       -3.6358457697       12.1013520440
        3.2311566170       11.9870138686       -1.3511613623
       -0.0814115464       -3.9938825265       -8.1912801049
        4.8093927465        6.6938045565       -3.5990168997
