       -13.7444612377        4.9223087996        2.1835145610
        -2.2237093269        8.5529802814       -9.8656131830
         7.5416909009        5.3320496545       -8.5549195167
         8.1138833962        2.5729230758       11.1432934364
        -4.5272548731       -4.5249275066      -11.8213217359
         3.5291883991       -2.8374498693       -4.7988652669
         2.7077774276       -2.2337058589       -1.3428573002
         8.5295612388       -0.0154403838        2.9269374495
        -1.8155363866        7.3470339893        5.0389231389
        -3.6065643362       -2.1427000808        4.4644374209
         4.6946944242      -10.3071598220        9.2149454026
        -7.4181096197       -0.7358123315       -7.2311600809
         3.3939715542       -7.8637474458        6.7026703873
        -1.0250393024       -0.8842396570       12.3274841853
        -1.0725066562        1.0029785456       -6.5212910356
        -5.2991099841       -8.6437138915        1.6792540719
        -5.2646333345       -5.0070169403        2.5897886451
         1.7911469770       -2.7534286121      -10.9668693793
         0.3317520807       -4.8635193812       -5.0435700158
        -6.2116081315       -1.4572893799        1.6931561966
        -3.1875791686       -1.8116697795       -2.6314769285
        -4.4893809481        1.4429937597        3.4864416056
        -5.2765575349       -3.7972496741       -8.2527194564
        -0.3191494005       -7.6973730443        5.9498951612
        -2.1934361976        8.7199832032       -1.2089793555
        -2.2267679671       12.2552111239       -0.3651204487
         5.4399892057       -7.0178992453        3.6223095360
         0.4964490302        4.0808597912       -4.6153983982
         1.1101929258       -5.6192053839       -8.5669814672
       -12.8051436486       -0.2900199993       -3.3658736717
        -9.9667880451        0.9289103536       -1.3067974593
        -5.8613481424        6.1968562376        8.2356527074
        -2.8583018617       -6.3994228800        0.0357342811
         5.5719346328      -10.7200997830        2.6645189951
        -3.2147298080       -5.3861926355       -3.6415673573
        -1.0236832678       -7.0336639136        9.6394891673
         5.8109820674       -1.1501126671        0.6696294238
         2.3995768859        5.5215433598       13.0761795654
        -8.5503280193        3.6061095759        7.7696922328
        -3.0930333115      -12.5183510858       -5.6443563145
        -4.5790646819        6.2763751112       -8.0643169983
        -3.1214411613       -0.9518246274      -12.3492954021
        -1.6916100543       -6.9391824760      -10.8258830007
        -0.3726752553       -1.6890073059        8.7928543298
         4.2271264910        6.9471126587        6.8724559996
         4.3189640753      -11.8476437450       -0.8214776167
        -4.2389978508       -1.3986060988        7.9886182731
         4.9869812869        0.1104310065       -2.7652271170
       -10.9883390874       -7.5349059510       -1.4591167675
         7.5392811791       12.0139303853       -1.4574965112
         8.3989098365       -1.4156691496       -3.4608836505
         6.1472091730       -7.2382644044       -2.9907505086
        -8.2155101091       -9.9924777728       -0.3931199606
        -4.9787004443        5.2491568035        4.6937947651
        -1.5356115030      -12.5674983971        1.5794918464
        -3.4300937469        7.5692160151       -4.6689869880
         4.1911687540        4.0530503975       -3.3897156570
       -12.9080775925        1.3413923395        3.1708463773
        10.2935408642        7.3739015604        7.3141480352
        -2.7003012861        8.4474689500        8.5475861080
         9.9506249960        4.4742053164       -5.6745342476
         4.5105518998       -7.1828865575       -9.4316588152
        -5.6792572537       -4.0578133097       -1.0561446697
         5.2581801048       12.6713935342        4.5881069004
       -10.3936539941        0.6851201788        6.0723953239
        -7.9859059205        7.7211018105       -7.4417979653
        -8.1454558837       -6.2883062821        0.5909673565
        -8.7806123742       -4.2703923666       -6.7622404023
       -11.0687608888       -5.8640598854        5.0772110878
        -8.7941618724       -7.8414063384       -7.8131328508
         2.6135026370        1.0234861634       -5.4123798744
         0.6460707955       10.3897148995        8.7494392226
        -6.6029128958       -0.4759240828       -2.0011148765
        -9.5612003892       -0.0599936498        2.4323324179
         4.9004237401       -4.3773819439        6.3768748984
         7.5991414790        7.4070323972        1.5434589488
        -2.5717504392        4.7048572434        7.7005626476
        -6.0192048091        2.7883082944       -7.6635861704
        -7.4014924699        5.8033332817        1.7291331050
         6.8369644622       -4.3379173444       -5.5003707278
         0.2013263155        8.1010348255       -4.1044940588
        -3.1853885757        3.9683043029       -5.5034079419
        -7.0061298634       -0.7139070637        5.2877975115
         5.9081157968        2.4161562068      -10.5793266798
         3.8957826648        8.2552734974       -3.2418172397
         1.3052877032        9.7602472738       -0.8332364440
        -2.4384752564        3.3051417360       -9.0940673733
         3.7252105629       -2.2201765670        9.1719982046
         7.0405428417       -7.9900721143       -6.6188567795
         6.7427912190       -9.4646790904        6.1157426468
         6.8948122052       -1.2818162243       -9.9109996358
         1.3812409538        5.9249582697       -1.5244802443
         9.0957213227        8.1632330657       -6.4109588181
         1.1944135049       -9.1937646596       -9.6306526898
         0.9409245993        2.0202704537       13.6449528636
        -7.8483257669        2.9036914294        4.2449506219
        -5.7579804432        2.9619767712       10.4530603804
        11.4061823497        2.1326502647        1.5388918644
        -1.8051824647       11.0153260512        5.8180659049
         4.3400175560       -3.5312576987       -8.2925459575
         3.6839053176       -6.4721007740       -5.8544052140
        -3.1707424843       -8.9634552193       -4.6478486938
        -4.0295755682       -7.4703185112        5.1383269764
         0.2911341119       -1.2812227583       -3.9750030181
         1.4490236390       -4.8137204894        7.8099496672
        -8.5050083960       -5.2999024239       -3.1011050678
         3.8522769810       12.0385397285       -2.5998238140
        -8.6531005476       -3.6501157407        3.3888765623
         6.2004579849       -6.8354705209        8.9325611188
         0.9404826838      -10.1906656410       -0.1078371805
        -6.0011760472       -6.6381021234       -5.7271101325
        10.2948526057        9.5313416568       -0.1069265020
         7.8184309921       11.1363529797        2.2666320385
        -0.2249879407        4.1699510252       10.8413465167
         5.0847985096        8.9998616419        3.9277347347
         7.8832228119       10.1303986264        5.9683961519
        11.8104026283       -0.4391917090       -1.3443700841
        -2.7728710760      -13.5374155945       -1.9289211256
        -6.5978860416        5.4224788674       -4.9179363242
        -3.8967253960       -0.2358504235       -8.7446161416
         5.3550500473        1.2583605503        8.8828672210
        -3.5871363005       11.1126106902       -3.7874050954
        -4.6074245858        0.4915687988       -5.1141160029
         0.1484468167       -2.3898114322        5.2660383771
         2.3113767326        3.9583431928        1.2759976067
        -0.3899215117       -7.6520053950       -2.5406861219
        -8.8230391823        1.5688314517       -9.7915054001
         5.9647903720       -3.6641864940       -1.9723544811
         4.9484548122        5.1988219383        3.2151217577
        -3.4726503500        5.8129240656       11.1911807885
         0.6291983818        6.7280411067        8.0985605846
         7.6821389960       -4.9957909745       -9.0464745512
         3.3261866322        4.4521316003        9.6513963212
         1.6283991844       12.8008723620        5.9129550176
        -4.8251548174        9.8744904117       -7.2280972103
         0.0800919367       11.8918325079       -3.4900773368
        10.3877176738        8.4673857919        3.6100717451
        -9.5199316526        4.2377115746       -7.0882643932
         6.5412174346       -0.9477841715       11.4853286471
         4.2666452614       -0.4997388050      -12.5453515223
        -7.3819718783        5.1033505581      -10.2033409309
        -2.9170207835       -3.8262674154       10.6583665573
        -8.5643852212       -8.9891170791       -4.1356691210
        -0.7793451671       13.4054349818        2.9982441412
        10.8724215385        0.7836328633       -4.9673952910
         7.0293869581       -3.5235626828        3.3168150130
         0.6452064032        3.0819726958        7.3945762108
         4.5329996832        2.2613098630       12.4514284756
        -4.1243642269        4.3378794689        1.0971916348
       -12.0127233662       -2.2635816693        4.1468059784
       -10.3927071802        3.5420526284        1.4422385279
         2.2423410608      -12.6661530613        2.3585191222
         0.9850447555      -13.7410632200       -1.1121728911
        -0.8580456486        6.3332857047       -7.2443547909
        -8.0864190148        1.9021513414       -4.5242104608
         5.3922848585        8.3757973223       -7.7880980939
        -0.4230707644       -0.5521123158       -0.5981101503
         7.5031140124       -3.3189599798        8.7360933061
         7.4725292625        8.3699486934       -2.1705504317
        -6.8733615343        9.1283569424       -4.0344895254
         8.5034855391        1.6492705850       -7.8718341205
         8.7587869297       -8.5528097546        2.9688475313
         9.7619933846       -2.4551728771        5.6190080111
         8.0723685025        3.7142290557        2.0549907507
        10.3857672900       -5.0819929110        2.7328917059
        -7.5317818766        9.4144371879        2.6321993130
         2.8834955117        6.2903318998       -6.1968129381
        10.7358726464       -7.5963341664       -0.2079852887
         0.4650922909      -12.0072660182       -7.0922584336
        -0.3162839572      -11.2294307573       -3.5365761646
       -11.5030747785        3.3173195868       -3.8614942818
         2.1788194433        2.5708309446      -11.7747048601
        -7.0688658372        2.1204431792        0.7168106094
       -11.9213901289        5.9180719592       -1.0385493086
        -5.2775733268       -7.4550918757       -9.3852466171
        -5.9664877125       -3.0332633652       -4.6808398306
        -1.6394549387        2.5934314504      -12.6592872050
        -2.3431289671        1.4708728905        9.6271534739
        10.1710403683       -5.7872332226       -6.2211770959
        -5.1546381532        2.1978384813        6.9631495300
        11.8414355168       -1.5656213927        2.4107381051
         3.7869482390      -10.0750592564       -6.9094528251
        -7.7434963206      -10.8420337535        3.3434254294
         0.8751366725       -6.6105573228        0.8459980952
       -11.2218483636        4.2925851125        5.0044423779
        -8.8524834050        8.2432075267       -0.8161343711
         4.9786168460       13.4926559288        0.8669029051
         6.5885351018        6.1162915382       -4.9417054277
         1.0075691587       -2.0168587283       -7.4363357494
        -9.1453647854       -2.7010793098       -0.3317832150
         4.3015456911       10.5622538942        7.5284677036
        -1.6051382773       -5.2561058154        3.4368211218
        -1.7877055629        1.7026864047       -3.0108162863
        -2.3029143037       -4.5838550234        7.0647115275
         2.4239429821       11.3856745935        2.5413808530
         6.3119344727       -0.9012095273        6.0774078046
         6.9145184104        4.7281176730        8.4276002755
         4.2367655226       -8.2279460222        0.1865369702
       -12.2025164480       -2.9112538091       -6.1297933153
         1.7201025789        0.9769685209       10.1593929334
         7.5782379152        6.3979485443        5.2280347704
        -5.7221908121       -7.7204689523       -2.0385948279
        -0.9514519731       -3.9892600110      -13.1945305421
        -2.7614607248       -9.9061501518        7.6595531210
         5.9964983122       -0.5789498914       -6.3301079682
         7.4606952693        2.2796611745       -4.2270620029
        -6.0344210739       -4.3262086236        6.1710417176
        -9.4196857358       -1.6840075791       -4.0530836902
        -5.4743792565        6.7588624823       -1.4765364807
        -8.5560388393        4.5226709287       -1.7417401951
        -2.8569618816       -2.7998783591        0.9476922305
         6.4539685267       10.5378999262       -4.9220769090
        -6.6830595986       -3.5741804829        9.7416658818
        -4.2075169838       11.5131735924        2.8536406556
        -2.4649770832       -6.1885628561       -7.2347015267
        -1.7345529428        0.7107534326        6.2085112155
        -8.0664103758       -5.0188452267      -10.3473033285
         9.0026149327        0.1450462256        8.3980792685
        11.2889822634        3.2682159837       -2.1797560431
        -1.7438561224       -3.2904455007       -9.6663483767
        -4.0417589707      -11.1935878325        4.2386117075
        -3.7829253445        0.7165167872        0.0044161541
         2.6828391696       10.4144347502       -5.9067334630
         3.4376666058        0.2197587544       -8.9873966495
         2.1821293110       -9.0777429886        3.3192553670
         3.8258464266        5.5168606962       -9.8286612227
        -0.2597314594        7.8539099900       11.5037134545
         0.0062420986        5.5970758095      -10.8856917514
        10.7615550719        6.9694894937       -3.0127317504
         1.4921464063        9.1623124455        5.3242191681
        12.6050340924       -6.5535173720       -3.3898260190
         1.8040883720        1.9514035320       -1.9086557150
         1.4485922173        1.9324938693        4.0445132068
        -1.1771333556       -0.0040385098        2.7917103460
         0.5246176455       -0.4353079214      -13.5781321599
        -5.2823742714      -12.2409931878        0.7105991058
        -5.1933443995        3.0900165993       -2.4067064273
         6.2541439067      -10.7972493151       -4.0228902575
         7.8363082383        2.5644367283        5.6269925999
         2.9422099769       -1.2393618418       12.7661898396
         5.9962004162        5.7719201729       11.9030749524
        -0.3064050355        0.2884968669      -10.0594218630
         5.1334043665       -4.1929262710      -11.8133530730
       -11.6399115350       -4.9295130476        1.3589164919
        10.4598783223        3.6211960192        8.0464662530
         9.5687150368        6.0701293153       10.7704518991
         4.1587483963        3.3529655005        6.2156098656
        11.7803075925       -2.9006828608       -4.2064539358
        -5.9653867093      -10.2175833473       -6.7528811342
         3.6429167427       -1.9866679285        3.8057773300
         0.9295971015       -4.0807769010       11.3809119140
       -11.3000647318       -6.5228114503       -5.1734954060
       -13.3198576531        2.3351600366       -0.5844624899
         4.9104120789       -4.4624872077       11.6290142560
        -7.7104293370       -7.2237291573        4.2753854238
        -4.8255626941       -0.5865064828       11.5273355714
        -9.4770177543       -2.9247357616        7.0496412583
         0.7892091803       -3.0288382638        1.7529669334
         4.1035024273       -4.5723008517        1.1430122794
        10.1103428348       10.6000677422       -3.7634737483
        -8.3076867617        6.6974773880        5.3280486975
        -5.1413653419        8.9499966612        5.5968472467
         9.3888512894       -2.0806061190       -7.1019365638
        -9.9830960321        6.8484365284       -4.2566968995
        -0.8937675320        2.8487366159        0.5512614179
       -10.9358802465        0.6742713840       -6.6428421350
       -10.7292226360        7.2121823961        2.4084400301
        -2.8602388513        2.4716649008       13.0432828405
        -0.9051367169        9.8346403507        2.2750737968
        11.2155664570        1.0419103530        5.2646530784
        -0.8940872444        6.3114599523        1.4546130662
         2.9280945593       -9.2816883531       -3.2846880545
        -8.4613613929       -6.5077263235        7.8708861842
         2.5591772802        0.2616536452        1.1707342699
        -1.5709729536       -8.9353184328        2.5421851178
         1.5881930060        8.4997661454       -8.9451940622
        -2.1107573762        5.2059718384       -2.0571088796
       -12.5541755197       -1.3043203755        0.3957440192
        -6.4870481562       -9.6501320124        6.8109190419
         2.3961521339        7.6660374058        1.8792487981
         6.9760848918        8.3117904594        9.1146403674
         3.4818433769      -11.5161024611        5.8134817445
        -5.5982970317       10.3759059426       -0.5711144667
         1.3400748830        3.3074651278       -8.1884595327
        12.3413605280       -4.1228199356       -0.4923037628
         8.3176696557       -5.9737100635        5.8823439091
         1.9048109564       -6.3110728437      -12.0967348600
         3.3617017671        8.1493275942       10.3858878339
        -4.1973332017        7.9164168325        2.0099633730
         2.5586437139       -0.0817045947        6.6614328087
        -0.4580988765       -4.1144081865       -1.5678572694
        -3.8158395846        5.5869191118      -11.6549263248
        10.8948027198        5.8499756790        0.6854179082
         5.2935500236        2.5581420534       -0.1421633089
        -5.2901797061        2.0846934071      -11.3473819084
        -1.1094677519       10.2403248891       -6.7095988623
         7.4237194362       -6.0945928841        0.5063982290
       -12.0206386961       -3.9422748656       -2.4015133725
       -10.2051375185       -1.9821523505       -9.3194998637
         1.3025302363       13.5047528610       -0.2356807522
        -7.6800186469        0.0215255343        8.8739391412
         9.4761953608       -8.6998008177       -3.7164239762
         9.0691722272       -2.6214641411        0.1376538919
         2.9821161886      -12.8179544072       -4.2954059114
        -0.2818071629      -11.4197604391        5.0548079327
        -4.7667003497       -6.7966661819        8.8211408514
         2.8229716364       -5.7415256216       -2.2909168396
         1.4638031358        5.5409327380        4.6618549914
         0.4052998244       -8.4509617183       -6.0789098247
        10.8124374641        4.7500798984        4.3953143441
         4.9573163505        9.8456679737        0.1962597053
        -1.7058566386        3.7239722563        4.0993580670
         0.9737869142      -10.1385331962        8.4512175625
        -6.7162477896       -1.4715284572      -10.9149737308
         8.5443849980        1.0932539464       -0.7616408907
        -2.4788307180       -2.5516608508       -6.1282609864
         7.5815192395       -9.7778150470       -0.5225724784
         5.1630383752        1.4371860097        3.3660802011
         5.0400241663        3.1952108462       -6.9911453847
         2.0892824472       -5.4320934355        4.1988898209
        -2.8239639501       -9.9845575126       -0.9329406452
        -5.7044527142      -11.3415608645       -3.0481923863
         2.7038159086       -7.2694947005       10.3553605529
       -10.5851091422       -8.4913609536        2.2622187076
         4.8640340913        6.1651978116       -0.4372193743
         8.0189225642        4.7736033833       -1.6171789562
        -2.4152966615       -9.7965857372       -8.2936016790
         9.2826624710       -5.1102057009       -2.6316664804
