       -13.6781116260        5.3664531724        1.3698316616
        -4.8780352148        9.0262459843      -10.7379151110
         9.8151230213        7.9941340686       -5.5028089688
         7.3890808418        2.0675989589       11.7965429858
        -1.1367612689       -3.0011958132       -9.7920537949
         6.4276048437       -0.6350442714       -5.8527809770
         2.7362361085       -2.2838716981       -1.1515740769
         8.3090546618       -0.3557346145        3.5704285390
        -1.9114943706        7.3130145130        5.1201495000
        -3.9701776592       -2.0962128186        4.1930017549
         0.0442658240      -10.3295916080        8.3030041211
        -5.6976873906       -2.7048087285       -5.1134267781
         2.6568598654       -8.1017748554        6.7855007794
        -1.9194017392       -1.0959857548       12.2482482636
         3.0430264327        1.0662134084       -5.1418391287
        -5.6740420980       -8.4746258251        1.1398153272
        -5.5833231290       -4.8608451406        2.1372815766
         2.4992314075       -2.5602663799      -10.8268493996
         0.5478959306       -4.7465777446       -5.0751399196
        -9.1655351929       -2.3567406407       -0.9946376431
        -3.0332372827       -1.6258257129       -2.8447614601
        -4.6606852711        1.5394496676        3.2401231898
        -4.7772179871       -3.4145041713       -8.6446351973
        -2.9393373148       -4.6372447997        6.8205803314
        -5.1113442298        6.9920061463       -1.6525870935
        -1.7699438818       12.3465492377       -0.1806988632
         4.2958778525       -4.6613845562        6.6478995452
        -0.1027117581        6.5354571450       -7.0918183335
        -3.7979759412       -4.0908881646      -12.1675012965
       -11.8077391753       -2.3353443767       -6.9968631455
        -9.7948645726        1.3209380499       -1.9390631470
        -6.2112661554        6.2365548003        7.9929672774
        -3.0484037666       -6.2820850169       -0.2731705629
         5.0242401618      -10.9443597013        2.8453077792
        -5.7043624327       -3.8184492376       -1.5044635220
         0.7394522672       -5.0128548099        7.8252638373
         6.6668715009       -3.8171505040        3.7690276629
         1.6530607686        5.1710287415       13.3888109662
        -8.9431404618        3.7506513962        7.2757990971
        -7.1692256662        8.1913340533       -7.7761290366
        -3.1012436688      -12.2736443580       -6.1202916682
        -3.7536973366        6.6120149653       -8.1551640529
        -2.2398873595       -0.5587324304      -12.5104415958
         1.5526595858       -5.4520108659       -8.5513653332
        -1.0427827161       -1.8482092053        8.7505646066
         3.9671431170        6.6642358262        7.3655696713
         3.9908448333      -11.9533120603       -0.7460761344
        -4.8276990897       -1.4055596019        7.6801643080
         5.1855741798        0.0114876069       -2.3541846747
       -11.0840870313       -7.0986483589       -2.3650194631
        10.6029936885        9.1871869051        0.8994704654
         8.5874434657       -1.6153927375       -2.8397483113
         6.1201901544       -7.3650191118       -2.6704178254
        -8.4775563370       -9.6745952351       -1.1653873285
        -7.2929509434        6.0368462134        1.3857891700
        -2.0459714884      -12.5228781589        1.2133879001
        -1.7937404613        8.8299111278       -1.1015078519
         4.5697767983        3.9946598751       -2.9403522431
       -13.0322487854        1.7384445677        2.3280521654
         7.7821240326        9.7387395488        6.8002736599
         2.8925811531        7.8205717794       10.8364028235
         7.1402540177        6.0060722893       -4.2668412544
        -0.1172006166       -3.6515034351      -13.2708576589
        -3.1069803363       -5.1745110674       -3.9407802083
         5.3481844253       12.3982642951        5.2972149064
       -10.7555831609        0.9326440956        5.3837255852
        -3.9571651802       10.2338908894       -7.2574297034
        -8.3544433577       -5.9973613838       -0.0902138965
        -9.1409662083       -1.2502841212       -4.6997380236
       -11.5751698407       -5.5664225887        4.1863978624
        -4.8190501482       -7.0448451644       -9.8628503916
         0.5500746522       -1.1873260520       -3.9255978619
        -3.0087927544        8.3688245939        8.5816851651
        -6.4385825579       -0.1847009446       -2.4270196882
        -9.6890942221        0.2380684384        1.7945688377
         0.5749295117       -3.0755863054        1.7798148507
         7.9004224800        8.1676571377       -1.3879165332
        -2.9437107993        4.6421376085        7.6577721468
        -5.3464837969        3.1720137012       -7.9563813691
        -5.1090166022        5.3343396410        4.5010922586
         4.8212389753       -3.4848671412       -7.9970834602
         0.7795361331        8.1922775239       -3.8390381895
         2.0144450016        1.9461727256       -1.6836073792
        -7.3695994987       -0.5669555877        4.8073645159
         6.7484113436        2.4519692689      -10.0253749490
         4.4060851903        8.2005248918       -2.7124653192
         0.7407914200       11.9703762682       -3.1470179890
        -1.6497429786        3.5990186026       -9.1226108533
         2.0832130198       -0.2961658400        6.8692236722
         7.2459905212       -8.0693079029       -6.2431454635
         5.9850718280       -9.8045457226        6.3997180271
         7.5594843768       -1.2911971720       -9.3757535004
         1.6995367578        5.9231047546       -1.2334919126
         8.3273350181        5.2651757651       -7.8194830850
         1.5942900634       -9.0051719689       -9.6927314496
         0.0419219452        1.7111289789       13.7694541818
        -8.0145095661        3.1004529267        3.7935888968
        -6.3736052096        2.9527095431       10.1336930155
        11.8733466603       -0.8025398346       -0.4621829774
         1.6395580049       12.6243429863        6.3640026838
         7.0824903263       -4.4375829001       -5.0542411005
         3.8940440967       -6.4550474282       -5.6832014438
        -3.1166303459       -8.7267111233       -5.0314118686
        -4.6174872383       -7.4206209704        4.7075457132
         3.7839684484       -2.8401028017       -4.5542805134
         1.7265016760       -7.5640039277       10.3943436441
        -8.4169773535       -4.9159934236       -3.7726382962
         4.4418644398       11.9683862533       -1.9865586445
        -8.9718489647       -3.4024939869        2.7269288314
         2.9952838884       -2.5269690766        9.4048577912
         0.6254337840      -10.1993101739       -0.2318454155
        -5.7785683292       -6.2807564122       -6.2480485347
        10.7170366085       10.3391793548       -2.7347543417
        10.3929342213        8.0407083575        4.5874325390
        -2.9602527140        1.3610990493        9.5172987110
         5.1017104486        8.7500901295        4.5392382131
         7.4078980574        6.0359104975        5.9516632025
        11.3480411653        1.7199687595        2.4446461145
        -3.0655284822      -13.4000173893       -2.4011536929
        -6.0365495904        5.7755515406       -5.1979945345
        -3.2486705543        0.1068275861       -8.9544000306
         4.7563227535        0.8978590023        9.3152025367
        -5.1800695291       10.5899734833       -0.6697955166
        -4.1941337340        0.7782093786       -5.3671270634
         1.2353046121        1.8110878422        4.2271054708
         4.9698397798        1.2037163893        3.8012696176
        -0.4451790283       -7.5574674161       -2.6969500813
        -8.0299028350        2.0947801629      -10.3031726182
         5.9812825529       -3.8105977092       -1.5818243301
         4.8916852922        4.9724357069        3.7281153508
        -4.0553562408        5.7068856791       11.1010298306
         2.7871285524        4.1432864360       10.0136759906
         8.1589492217       -5.0475038585       -8.5458395372
         0.2857541454        6.5448563941        8.3274136906
        -1.8356329150       10.9619575784        5.9842262133
        -1.1925102774        8.8707756081       -9.7725141498
         1.7007522953        9.7434092147       -0.4592766939
         5.1034341376        6.0176635150        0.1018192647
        -8.8284102572        4.7356160529       -7.5931509055
         5.6797081498       -1.4027881868       11.9419601179
         5.1558659952       -0.3621390641      -12.1723918670
        -6.4646039258        5.5840671713      -10.5469253053
        -3.7832678859       -3.9350535244       10.3789747243
        -8.5246061355       -8.5767275342       -4.8980138004
        -0.5309717863       13.3746209967        3.3013205345
         9.1125489295        1.5376891382       -7.1564073576
         8.9609901501       -2.9193354429        0.7668122093
         0.2321821747        2.9166440338        7.5394338447
         3.7157419340        1.8526305146       12.8397108290
        -8.4782667755        8.5786851696       -1.1966805868
       -12.3286739927       -1.9156509575        3.2782927716
       -10.3290972997        3.8877819208        0.8341527506
         1.6634363227      -12.7673652825        2.2604755142
         0.6291158981      -13.7471582877       -1.3098909782
        -2.6313304400        4.2092500076       -5.5699376052
        -7.6578002956        2.2974959810       -4.9927428095
         6.2311689712        8.3656031282       -7.1373229548
        -2.9928147252       -2.7031823182        0.7233646403
         6.7556111755       -3.7448360645        9.2105584205
         7.7269640534        7.1226577724        2.3023195818
        -6.2477756341        9.4626645182       -4.2422945628
        11.2345597139        0.5293380898       -4.1106138296
         8.2511538059       -8.8962896773        3.4269150917
         9.2606461254       -2.8940343594        6.2844797819
         2.3634010535        3.8646436866        1.5763394942
        10.0037711559       -5.4790016958        3.3896102314
        -7.3688575186        9.6296779158        2.3637628994
         3.5449306324        6.3362475448       -5.7795572726
        10.4823093888       -7.9407409428        0.4227174521
        -2.1209418854       -9.5079654891       -8.6296576546
         2.8937484840      -12.8237508695       -4.3371236384
       -11.5981914235        6.3677303940       -1.6915185098
         3.1211876917        2.7617123598      -11.4796271864
        -7.0106774303        2.3681104226        0.3109047203
       -11.0650003375        3.8152975308       -4.5384018362
        -8.4547711748       -7.3403856554       -8.5553745456
        -6.8861946027       -0.3069568658       -7.7054723331
         1.5007770296       -0.1446050066      -13.4661444709
        -0.8473983339        3.9596782678       10.9416018170
        10.4106063776       -5.9846789263       -5.5700878431
        -5.5473668389        2.2420961293        6.6780761659
        11.5960639292       -2.0096136911        3.2565520711
         4.9522077752       -7.1147850167       -9.2088299069
        -8.3031124415      -10.6208508552        2.5737914922
         0.6079221689       -6.6384025910        0.7947134307
       -11.3859110309        4.5890777131        4.3462495005
        -2.8163824939        7.8011458754       -4.6626741231
         5.3639073349       13.3077692137        1.5856629312
         7.8282920196        2.1253595485       -3.5825350492
         4.0968014631        0.3105743842       -8.6666170642
        -6.3440094760       -1.2593093474        1.2607453391
         1.4259690174        9.0063855648        5.6799349005
        -2.0057940699       -5.2558551685        3.2354008890
        -1.4930883354        1.8442035651       -3.0406970297
        -0.9852732226       -7.7927217603        5.7750641827
         4.1143576186       10.2601062669        8.1111900362
         5.3903506821        2.3925504534        0.3382530126
         6.4606513138        4.3201803835        9.0544890414
         7.1778676268       -6.3413034457        0.9355143226
       -12.5187542525        0.2453969966       -4.2212029606
         1.0325517284        0.7159967621       10.3238203309
         9.9853145919        3.0999174151        8.9004764536
        -5.7979337956       -7.4560420245       -2.5758792079
         2.5749771313       -6.0948935667      -12.0308659848
        -3.6151067273       -9.9522481734        7.2538581559
         0.9762891125        4.1795786326       -4.4246271533
        10.4889625413        4.2629577471       -4.7928775546
        -6.5847266030       -4.2303870138        5.6705149641
        -8.3958394673       -3.7979191402       -7.4176954071
        -4.0290566172        4.4716694250        0.9531343255
        -8.2393191166        4.8730166063       -2.1894255829
        -0.3815843625       -0.5073867974       -0.5907461535
         7.1525933324       10.4278318816       -4.1520188897
        -9.1985130335       -6.3615965746        7.1415813113
        -4.0010431989       11.6062380574        2.8697945137
        -2.1268652497       -5.9254500503       -7.4885830108
        -2.1331011456        0.6531310705        6.1337667742
        -7.4483819691       -4.4927388168      -10.9605142504
         8.3900990273       -0.3292189852        9.0632447262
         8.6269756269        0.8297645978       -0.0799347426
        -1.1225299322       -6.6242127627      -11.0325886396
        -4.6887171853      -11.1207037702        3.7199118734
        -3.7309827086        0.8662792087       -0.2001351540
         3.4591077289       10.4552068068       -5.4059731189
         1.4885268001       -1.8724495813       -7.3441087777
         1.6518272428       -9.2002817246        3.2970035970
         4.7216557758        5.6060329830       -9.3516364247
        -0.8070214972        7.6276300969       11.6872700484
         0.9948291166        5.8414246304      -10.6771208147
         8.2877439792        4.5435423482       -0.8839288324
         2.6275863659       11.2557558582        3.0236369583
        12.2183827977       -4.5199492931        0.3367943023
        -0.5519002106        1.1979056295       -6.5089599087
        -1.3578331684       -0.0076293861        2.7490940428
        -0.2943745948       -2.4917719330        5.2537001201
        -0.6220485193        2.9382658230      -12.6334106542
        -5.7083382086      -12.0499121811        0.0886894646
        -4.8868616567        3.3395120518       -2.6501497661
         6.1877119380      -10.9017567654       -3.7776240300
         7.5094108813        2.1880026205        6.2742887728
         1.9908925496       -1.5969349742       12.9572607468
         5.3306030862        5.3213676494       12.4801426164
         0.4436044848        0.5327363240       -9.9995482850
         5.8438664422       -4.0977463089      -11.4672738474
       -11.8471232866       -4.5330953688        0.4612842923
         9.9972281631        6.8712773137        8.2480557011
         8.9829133410        5.5192133845       11.6119052333
         3.8276662721        3.0892200912        6.6193521896
         9.2894615972       -5.3545102254       -2.0374722814
        -5.7929860184       -9.8341541244       -7.3571660482
         5.7235540414       -1.3477954553        1.0987773801
        -0.0099606612       -4.3383100471       11.3670111464
       -11.0962713589       -5.9954160861       -6.0662996220
       -13.1426968284        2.8264868003       -1.4219142318
         3.9270822149       -4.8610095561       11.8857944008
        -0.4116705982      -14.6429290322       -4.8610998777
        -8.2159262636       -7.0264144137        3.5922616984
        -5.6394121390       -0.6489581780       11.1866318372
       -10.0320584808       -2.7277451076        6.3367416583
         3.8717998666       -4.7200062964        1.3706128022
         1.6157035979       -5.5740768871        4.2537398067
         5.2708937183        9.6788564606        0.8282598426
        -8.4247775310        6.8839445549        4.9320679797
        -5.2136270756        9.0190577134        5.4781251902
         9.8161814444       -2.2354920896       -6.4150387581
        -9.4064177082        7.3011947931       -4.7441806946
        -0.8184693483        2.8815296593        0.6048720847
       -10.3884886302        1.2132894884       -7.3338558606
       -10.6129018945        7.5449947315        1.8617245862
        -3.6883097534        2.3065818798       12.9105403259
        -0.7229145608        9.8256516114        2.4881136598
        10.8534300061        0.5562224206        6.1195003533
        -0.7688166922        6.3221991573        1.5877685624
         2.8699555322       -9.2927215734       -3.2429843784
        -7.4619453006       -3.5320729774        9.2028654586
         2.4930179539        0.1651693741        1.3994171844
        -2.0287416781       -8.9142271943        2.2562994846
         2.5304376659        8.6477925727       -8.5620123493
        -1.7668406800        5.3342109125       -2.0267882170
       -12.5690727125       -0.8577404376       -0.4769385271
        -7.2596078245       -9.5484498174        6.1493124288
         2.5258750735        7.5540470917        2.2722723533
         6.5918798613        7.8841465701        9.8290666282
         5.3275308823       -7.2175433146        9.2311318647
        -2.9191202695       11.3263915995       -3.7113441235
         2.0491249576        3.4524267203       -7.9458800364
        11.9643347564       -3.1991352904       -3.3771267950
         7.6853079693       -6.3650506709        6.3606223339
         3.9549216387      -10.0339252162       -6.8160419657
         0.3772788768       10.1887224883        9.0653737859
        -4.0493193985        8.0296868055        1.9445227995
         3.6937709253      -10.6417166812        9.3250121826
        -0.4653110834       -4.0440668201       -1.6469294360
        -2.7674352172        5.9967639810      -11.7358608988
        11.0228877784        5.4709856290        1.6453609869
         8.0397177400        3.4055214842        2.7562606745
        -4.3725536156        2.5281927866      -11.5941492748
        -0.2706596585       10.4268848083       -6.4820809881
         3.9527125069       -8.3568250505        0.3373249033
       -11.9264234492       -3.4521499765       -3.2910187103
        -9.5579643065       -1.4111661379      -10.0152596344
         1.7791873743       13.4715706171        0.2244913951
        -8.2736938926        0.1147258865        8.3534587940
         9.4436995328       -8.9238845762       -3.1918710535
         3.3063050642       -2.1739517024        4.0515943443
        -0.4204485711      -11.0973568962       -3.7673671613
        -1.0065931036      -11.4936285914        4.7957666982
        -5.5940510780       -6.8003859959        8.3444989511
         2.8038731399       -5.7724461864       -2.1741827792
         1.3253726664        5.4030274890        4.9303280610
         0.5784918305       -8.3113443077       -6.1946176427
        10.6367032919        4.2944172078        5.3119148219
         8.0164260860       10.8255835156        3.1279822268
        -1.8550519998        3.7083353221        4.1054398949
         2.6883687689      -11.7349886279        5.8189192997
        -5.9448894753       -0.9840696711      -11.3470582492
        11.5387198351        2.9384436657       -1.2432855263
        -2.0992349246       -2.3134865410       -6.2987877727
         7.2884439932      -10.0042558670       -0.1676543878
         5.8399333226       -1.2302597923        6.5318907400
         5.6485419108        3.1845891156       -6.4910579102
         4.9455802316       -7.2619473011        3.8788547020
        -3.0689488065       -9.8476542814       -1.3201793051
        -5.8311159504      -11.0520000845       -3.6670827849
        -1.9298939174       -7.1843571280        9.4207671273
       -10.9797589725       -8.1489172471        1.3510738753
         8.0346019831       11.7912754218       -0.5851282515
        11.1949172532        6.6731994066       -2.0247015415
         0.5935267975      -11.8671234446       -7.2932154663
        12.6091292215       -6.8944760558       -2.5922136882
