       -10.7895688486       -9.0923311976        5.0793810100
        12.3407063162       -7.0326394429       -3.5386432977
        -0.0180194203      -11.4304463235       -7.9106153277
        10.9405379307       10.2258161423       -2.6853998965
         5.6494299552        9.5178967673        1.0963369843
        -8.1581739870       -6.9351744736        3.6116052326
         2.0593985148       -8.1135208534        9.9002337887
        -0.8433170487      -10.8254731010       -4.3039936689
        -3.3409524272       -9.6401771482       -1.6716136439
         4.9801762878       -7.5472526290        3.2635912555
         5.4973208699        3.4182688136       -6.5638049845
         6.1671172139       -1.6924693170        6.1842124611
         7.0518538491      -10.1277139018       -1.0280516892
        -2.3909069572       -1.8771344546       -6.2919870594
        11.6167755549        2.7371409382       -1.6257710079
        -8.3634975256        2.9037180513       -9.7700868946
         2.6895631055      -12.0575448460        5.0730729777
        -1.4888119443        3.5666637812        4.3925104640
         8.5308080513       10.4669727155        3.3184576735
        11.0592333614        3.7620141171        5.0274809839
         0.1189937370       -7.9395838892       -6.6278598175
         1.7744752104        5.1293397509        5.1510383610
         2.6007381623       -5.6785880016       -2.5925969465
        -5.3280455207       -7.0492178075        8.2481825875
        -1.0408864362      -11.6645298441        4.2411607125
        -3.4882462136      -13.1280592330       -2.9363364082
         3.4953407190       -2.4350023023        3.7819550612
         9.0937239905       -8.9429982689       -4.0912892520
        -7.8047191458       -0.0796964471        8.7470054048
         2.2455732225       13.4276368117        0.8605981413
        -9.9937783818       -0.5612889594       -9.6125791414
        -9.2010191272       -2.0163045525       -0.6672196857
         3.7914581043       -8.4235423093       -0.2780807556
        -0.1994663636       10.8039386346       -5.8914022195
        -4.7618827039        3.3026428267      -11.2093057562
         8.3221283893        3.0797916092        2.5560143459
        11.3087511361        5.1231283838        1.4133971889
        -3.0647567464        6.7312180251      -11.2453419729
        -0.5900469179       -3.8972538664       -1.8181568027
         3.8882951068      -11.1804709925        8.5798771965
        -4.6227294198        8.8848218958        6.2012523033
         1.1593003464        9.7092852738        9.5725178082
         3.4123966370       -9.7133778285       -7.5006375441
         7.8559029474       -6.8568552563        5.6559053342
         8.4652804753       -1.6448023569       -3.3158014200
        -0.7515305122        1.5993652253       -6.3906459213
        -2.6893302718       11.6228287347       -2.9532946068
         5.6121768001       -7.8004888144        8.5883155610
         8.4367307139        9.1912641729        6.9357920429
         2.9144002901        7.3905613565        2.5571412541
        -7.1572567594       -9.6543051336        6.0121018578
       -12.5302676842       -0.4542655451        0.0909952702
        -1.6353521972        5.5192825776       -1.6427529484
         2.4490990061        9.0672473153       -8.1953484725
        -2.1091926249       -8.9266056443        1.8933932607
         2.6273792492        0.0634189851        1.2976211399
        -7.0653086560       -3.7898879726        9.3663440587
         2.5170779961       -9.1370918393       -3.8457406306
        -0.4428718700        6.2843694816        1.9670689218
        11.2051319244       -0.0181289256        5.6263945636
        -0.2537569086        9.7321341310        3.0467290450
        -2.9517232248        1.7419291525       13.1881841187
        -6.9004607982        9.7216067686        3.2302092510
       -10.6104268049        1.9246322230       -6.7405888082
        -0.6371896927        2.9040370718        0.8085769322
        -9.3317567718        7.8357440446       -3.8862793476
         9.5074449554       -2.1041996207       -6.9732027844
        -7.9159383570        6.8694161159        5.6976081435
       -10.2229080236        7.7556569476        2.7745689365
        11.3446250233        6.5159342293       -2.1926418157
         1.7215964769       -5.7945054772        3.8850173871
         3.8629301070       -4.8465590883        0.9459521009
        -9.7350555578       -2.7610923177        6.6716076873
        -5.0664256338       -1.0642905163       11.4075881390
       -11.0939607388       -7.8913461145        1.4616265047
        -0.9865777323      -14.3066239072       -5.5817489496
         2.6106539995       -2.3053853855       12.7594607388
       -11.4060905642        6.7990383986       -0.7856429716
       -11.4918922680       -5.3367490928       -5.8323347101
         0.4603459922       -4.9023658684       11.1233567667
         5.7956499366       -1.5149359758        0.7637419571
        -6.3350818119       -9.2359381666       -7.5593423659
         9.0958590893       -5.4380964351       -2.7453764339
         4.2829131471        2.6632763359        6.5944784640
         9.7339478017        4.6875250121       11.4548581833
        10.6332467778        6.1930403469        8.1231009772
       -12.0965308383       -2.9134726556       -2.8813716870
         5.2511037031       -3.5883442240      -11.9200211630
         0.0604214272        1.0966461412       -9.9546068323
         6.1214435988        4.5381781154       12.4851259681
         4.4027537995       -5.5557434303       11.4277340843
         7.9195279514        1.6896289686        6.0259907067
         5.7590259845      -10.8009529802       -4.6228416480
        -4.8376160447        3.6463389179       -2.2231694776
        -5.9753670618      -11.8461579013       -0.2565226333
        -1.0548515975        3.6682841147      -12.4043194767
        -0.0554263855       -2.7234787960        5.1356632751
        -1.1653774991       -0.0828659411        2.8189055233
         1.8445301033        3.8589425460       -7.8289589211
        12.1549851399       -4.8098081653       -0.4733563777
         3.1580722132       11.0427601650        3.4958145742
         8.4334510508        4.4051277433       -1.0269295393
         0.7352803567        6.4191080470      -10.3778417020
         0.0235068285        7.0431176435       12.1096331142
         4.5100071247        6.0139796691       -9.2462817212
         1.6089169754       -9.3649372113        2.7399535379
         1.1563170941       -1.4751649701       -7.4823795452
         3.5743404755       10.6755112568       -4.9954660551
        -3.6421310677        1.0157924706        0.0348272701
        -4.7572841845      -11.1400861390        3.3624649962
        -1.7574799377       -5.9506056226      -11.2847327609
         8.7028104181        0.6460807760       -0.4363186464
         8.8566698963       -0.9957106313        8.6342321522
        -8.0276955316       -3.6678913365      -10.8206394591
        -1.7634500510        0.4140612933        6.2670389023
        -2.5767489196       -5.4173223835       -7.6642610217
        -3.4573777516       11.5766051073        3.6778712589
        -8.9954168982       -6.4754368923        7.2526212697
         7.3187259697       10.4834874777       -3.9233821004
        -0.3545556665       -0.4242227155       -0.5849034224
        -8.1190169496        5.2429027025       -1.5223256241
        -3.7808222735        4.5588199221        1.3922412612
        -8.7552239628       -3.1261174189       -7.1741371186
        -6.3728250033       -4.3175985917        5.7702218730
        10.4424143162        4.2774060940       -5.0467609039
         0.9596205188        4.4251313751       -4.2275164195
        -3.4794945898      -10.1895396062        6.9001457921
        -0.7722837477       -2.8898931467      -13.4107637257
        -6.0592938709       -7.1122043396       -2.6675953794
        10.5395518051        2.3939349040        8.5749893358
        -2.6862715928       -4.8804869688        6.7123630684
       -12.6238498332        0.8483902945       -3.5840003554
         7.0977127417       -6.5278604888        0.2693482412
         7.0611492654        3.6928821050        8.9620923657
         5.5353872986        2.2681981657        0.2179319465
         4.8488207478        9.7346571309        8.4451966221
        -0.8659906645       -8.0219539263        5.4100608601
        -1.5091855629        2.0840569927       -2.8522129999
        -1.9353703134       -5.3268460753        3.0585873786
         2.0151543876        8.6842138621        6.0834140159
        -6.2456808538       -1.1154735526        1.5047983818
         3.7631546669        0.7067267786       -8.8103544047
         7.7803938872        2.1486245204       -3.8239543373
         5.8827682451       13.0969700716        2.0380794566
         0.9060220946        8.4030912546       -3.4219226976
       -10.9657578363        4.6898500544        5.1333204493
         0.5213648434       -6.6459673837        0.4293309858
        -8.4245534264      -10.5043090364        2.4272458635
         4.3794613704       -6.6973465434       -9.7824449425
        11.7407974682       -2.4448212733        2.6007276475
        -7.0867587283       -0.5929563823        5.1297627873
        10.0324238527       -5.9068849383       -6.3556792365
         2.4871218310        4.4349048190       13.5596518153
         0.9357994887        0.5789249709      -13.4983988513
        -7.1736632971        0.3372792461       -7.3611849079
        -8.9850225740       -6.6365399221       -8.5114019331
       -11.0802482317        4.3891904849       -3.7846386016
        -6.4813283741        0.1566237684       -2.1113592826
         2.7300853241        3.3307496662      -11.4412181668
       -13.0393153787        3.2913969082       -0.6283687382
         2.3895996518      -12.6040367078       -5.1231694130
        -2.7233726103       -8.9321950115       -8.9895053914
        10.3275608493       -8.1832554735       -0.4841891036
         3.5236995834        6.5833252306       -5.5890184178
        -4.8274007357       10.7840837558        0.1499791858
        10.0577726890       -5.8731369111        2.6276188452
         2.6132594136        3.7492275853        1.6778616086
         9.5237862953       -3.4292070630        5.6864535454
         8.2127977892       -9.2405795017        2.5691740590
        11.1112873591        0.4946498329       -4.5979661209
        -3.9213837323       10.7521729830       -6.4985051389
         8.0962225359        6.8225300026        2.3147350829
         7.1346151716       -4.3700456949        8.6811580398
        -2.9658589531       -2.6175528875        0.7335834625
         6.2012247364        8.6109146461       -6.9664669877
        -7.7438281633        2.8051737122       -4.4810037374
        -4.3460138100        1.2165316088       -5.0984861793
         0.2425872172      -13.6303196352       -2.0430332474
         1.4698785346      -12.8708840444        1.5191879407
       -10.0936242662        4.1543639175        1.5419796132
       -12.1490027744       -1.7107350070        3.7680249919
        -8.2030976455        8.8938031022       -0.3240432661
         4.4256804477        1.0989874587       12.7396402644
        -0.1589144083        3.4228244718       11.1750499962
         8.9681232441       -3.1501176692        0.1955061880
         8.8788613169        1.7197965222       -7.4809186844
         0.0784614355       13.2259170515        4.0351496710
        -6.1711029309       -5.7495561762       -6.2700432318
        -3.3446245250       -4.3486143435       10.3398417337
        -6.7113910424        6.3556249093       -9.9042665341
         4.6387612292        0.1961533500      -12.3933347524
         3.4232988677       -3.0690819094        9.1196959173
        -6.4227009386       -0.1765628183      -11.0730186831
         1.8793637833        5.9728588563       -0.9857702977
         2.0272538808        9.7450855323       -0.0133025268
        -1.3170626269        9.4537849017       -9.2122767075
        -1.1702259307       10.7064973560        6.6464053427
         0.9269905513        6.1138353933        8.6490067611
         7.6718463241       -4.7533066512       -9.1667536587
         3.4323336558        3.5609480217       10.0847962150
        -3.3035823173        5.2440617246       11.5808556171
         5.2700231027        4.6735784461        3.7609365399
         5.1373781864        0.0421509852       -2.5831945168
        -8.9606242878        5.4118721249       -6.8896102642
        -0.7184917405       -7.3482949306       -3.0496348336
         5.2410831016        0.9061825593        3.6293622961
         1.5461547659        1.5825777944        4.2650993521
        -2.7333593856        8.1526267343       -4.0924922068
        -3.6522931486        8.0574591707        2.5693639462
         2.4571086378       -0.6834808824        6.7504901580
        -3.5903675620        0.7126406749       -8.7575306200
        -6.0321987456        6.2463366671       -4.5799920313
        -6.2429202006      -10.6425736473       -3.9415687322
        11.5625622838        1.3277417900        1.9982318689
         7.9161270942        5.5504431879        5.9140780890
         5.6265200223        8.3956794444        4.7573830231
        -2.4098051274        0.9603626801        9.7190552267
         7.3330202372        7.2055789385        9.9140157949
         8.4043681202       11.6300305321       -0.3356623523
        -8.9207284775       -8.0358307016       -4.9103604887
         0.3899968349      -10.1462544184       -0.7815517006
         6.2532570694       -2.1528354236       11.5810078339
        -8.8682433759       -3.2566215158        2.9804952363
         4.7578299545       11.9761076082       -1.5518771195
        -8.6623946650       -4.4470933295       -3.6040927742
        -1.6270917146       -7.5864326759        9.1242752631
         5.8576769808       -3.8349078392       -2.0519849453
        -4.5306198750       -7.5017519144        4.5416681204
        -3.5265414582       -8.3206017248       -5.3098869730
         3.5061704558       -6.1999906514       -6.1805160709
         6.7771408382       -4.3031373542       -5.6007215513
         2.3651762860       12.2536251317        6.9467669646
        11.8799676748       -1.0474396939       -1.0588090044
        -5.7419660311        2.6076755791       10.5800974050
        -7.6693779980        3.1427375286        4.3419870690
         0.7959241177        1.0033722030       13.8354235348
         0.9501007652       -8.4708666368      -10.2028122665
         8.1708164347        5.4961737570       -7.9085160912
         5.3424923079        5.9066169212        0.1880063497
         6.1955514050       -0.4481715789       -6.1659283027
         6.0633644583      -10.2480507118        5.5956329693
         6.7812147923       -7.8687792793       -6.9843800308
         5.2743663829        0.3079710493        9.1249191033
        -2.6938171138        4.6117923007       -5.1956691582
         1.0093993161       12.1382401774       -2.5318360712
        10.9622877379        8.8834723558        0.8849415356
         6.4097867575        2.8476497447      -10.1801669663
        -5.0986891168        2.0616499263        7.0562403365
         4.6106486191        4.0658101574       -2.9285864927
        -0.1726440731        6.9491691535       -6.7128378062
         7.1426350238       -0.9442553435       -9.7683364806
        -4.6711967792        5.2559908139        5.0285422368
        -5.5451136728        3.7784698377       -7.4997623427
        -2.3848894259        4.3362924636        8.0372407820
         4.5787903380        8.2550885171       -2.4716542490
         0.6370718274       -3.1405849951        1.5987653701
        -9.5165749123        0.4430012872        2.2757243525
        -6.8488655696        2.5756501208        0.7804029290
        -2.2971932220        8.0087873916        9.1570766962
         0.3978894995       -0.9505532186       -3.9920330322
        -5.4041164190       -6.3363266952       -9.9639147895
       -11.4873955054       -5.4179759419        4.4533542102
        -9.3210358680       -0.7094798739       -4.3021629187
        -8.4610673991       -5.7229104705        0.0032828682
        -6.0913239048        9.8802724118       -3.4220170785
       -10.3948534826        0.9657498174        5.9454979233
         6.0127888235       11.9901664059        5.6934055969
        -3.3676488597       -4.8325849668       -4.0382835757
         1.0623346148       -4.9846015139       -8.8762871368
         7.1735649324        6.0773929268       -4.2695341964
         3.6838992016        7.1845384444       11.0934204438
        10.8910807652        7.5464923571        4.5136454654
       -12.7868298096        2.0018371952        3.0475733619
         2.0580223137        2.0210911368       -1.6600026999
        -1.5179215929        8.9597072238       -0.5349740499
        -2.2769960126      -12.4733242473        0.6647721345
        -6.9740518900        6.1859853357        2.0619233909
        -8.7327528748       -9.3322165649       -1.2485911864
         5.8439165067       -7.3280812759       -3.3299194402
        11.7668916412       -3.2851463915       -4.0966815255
         8.1279189687        8.0597696439       -1.3199017455
       -11.3214149370       -6.6290246364       -2.1893964949
         3.5517679095       -2.6492923705       -4.8608429765
        -4.4419982780       -1.6537604105        7.8320203130
         3.6765718833      -11.9565468986       -1.5486467184
         4.5618933889        6.1888358830        7.5192854188
         1.5966605108        0.1688630354       10.2990729675
         1.9033381466       -5.4660495225      -12.4298412634
        -2.7667338343        0.2125437977      -12.3880368936
        -3.8642217105        7.1803340339       -7.5941584945
        -3.6623868414      -11.8039813112       -6.5831079746
        -7.2117276815        8.8271172082       -6.9702085973
        -8.4160357942        3.6272881287        7.8944345172
         0.7299850611        2.5352661597        7.6747815761
         6.7907054993       -4.1478336504        3.2529703827
         1.0264259218       -5.4036846624        7.5187193225
        -5.8132896145       -3.5417724296       -1.4164318124
         4.9051750976      -11.1696046307        2.0364157161
        -3.1720882424       -6.1375894088       -0.4423352331
        -5.5844463065        5.9984666499        8.6115945609
        -9.7646779220        1.7255655076       -1.3842207096
       -12.1438805582       -1.5961321083       -6.5282293969
        -4.4105933582       -3.2915788016      -12.1593007268
        -1.8978397212        4.1668670712       -8.8183834966
         4.5339751720       -5.0832320785        6.1944709519
        -1.3491526762       12.4198980998        0.5671429433
        -4.9090013353        7.2436415652       -1.0230006174
        -0.6230779177       -2.2508057135        8.6935868156
        -5.2028660934       -2.7803692008       -8.5676944724
        -4.3937167696        1.5237119409        3.5471704249
        -3.1403547462       -1.3502228144       -2.7638330157
       -11.8749901521       -4.1942062327        0.7966103780
         0.2408831696       -4.4409732656       -5.3236089929
         1.9848261990       -2.0007320362      -11.0403185855
        -5.5470107026       -4.7761690435        2.1535427638
        -5.7902590579       -8.3389243516        0.9754364651
         2.8965846115        1.2993526329       -5.2045190136
        -1.3140953491       -1.6651013177       12.2643564863
         2.8079802083       -8.4812519048        6.2285924535
        -5.9351263229       -2.2342955796       -4.9547604764
         0.2073923476      -10.7181230707        7.7505465114
        -3.7677331488       -2.1775936488        4.2759475659
        -1.3924077882        7.1122121078        5.5966203843
         8.5202270154       -0.7252144260        3.1577759845
         2.6808840706       -2.2492710302       -1.3879514899
         4.4088481548       -3.1357357501       -8.3777982096
        -1.6110320876       -2.4010563321       -9.8585131566
         8.0521956413        1.2740058236       11.5352122959
         9.8444026626        8.0575485726       -5.5269521306
        -5.0366466050        9.7593260427       -9.9900886255
       -11.5754768570       -4.0144557684       -9.4188627377
       -13.3699729602        5.6914568050        2.3153246075
