        -2.9629529760       -1.1477409873       -1.3474372546
         5.2378346074        8.2930944364       -3.6521349867
        -6.6450246328       -6.3444831864       -1.0545094879
        -0.2640874877       -9.2934533055        9.5285701070
        -5.3155238901       -1.2443953760        7.8583099604
        -4.5506505931        5.7550062432        5.8287682338
         5.4949554121       -4.5988578563       -2.3869506666
        10.8099767804        2.5663901397        7.4255504788
        -5.6489680077        0.5609052820        0.7887292203
         6.1043230512       -2.6868852783        0.8176179684
        -7.5636614611       -7.0085769146        5.5350754643
        -0.7961223384       -4.1922301506      -11.7387685503
         0.1062590434       -1.0421367331        4.3432714179
         5.6398307567       -4.8089525980       -9.9043607984
         3.3418488961       -0.8600401539        6.0524833530
         4.2399751268        2.2418305208        4.0854607094
         5.6653836972       -4.7428440858       -6.1835101123
        -0.4907537182      -10.4137077330       -0.8305582145
        -1.7811806319        3.8959693853        4.0947591519
       -11.3663071499        4.2493770445        4.2295498450
         5.3107881022       -0.7005694249       -2.3313872729
        -2.4443568200       -2.8921460710        2.2309065235
         0.6246861426      -13.5479950635        0.8398637231
         3.1387173926        4.9258034578       -8.5056322464
        -3.1131023531       10.1680481350        0.3758042288
         7.7192251973       10.0643762719       -5.7488438412
         6.2436968154       10.8781321724        4.2863927252
         8.9430130452       -6.9001555325        7.4604435588
         3.4733266369      -10.2290929220        9.4327015099
        -8.4974412704        2.4767687945        2.5389471317
       -11.3511007143        0.4550727176        4.1096286309
         0.5042575389       -0.8178826365       -2.8690612748
        12.2099325932       -4.4206895511        0.8779367106
        -2.4713870771      -10.4387323849       -4.0741407822
        -5.1192515846       -5.0967064077       11.3864503602
         0.2467176783        4.7698535260        0.4519559799
        -1.6799386390        2.0257878902       -0.5153647234
         3.4532972155        5.0827501480       -4.8521969032
        12.5701853727        1.3958897619        4.1267926112
         5.9459534150      -11.0981364575       -2.4497619583
         0.8891746230      -12.2381869098        7.3709038168
        -2.8328360530      -11.2392175119        7.3433115298
        -8.8180401787       -3.1331069458       -1.1227703815
       -12.0190066802        0.7675264525       -2.6181820761
         0.3672747254       -7.1710687236        0.7595452922
         0.8710616808        3.4325034328       -2.7915632824
         7.5744239478        5.1482918529       -3.9949328291
        -0.5552551783       -4.0680935927       -4.4906565195
        -3.1367588942       -1.6700484057       -5.2445904477
        -2.5889059001        0.7251262712        2.6032622345
         2.6951007760        6.5326308315       -1.6421955287
         1.7128799543        5.1880072486        4.0331386555
        -5.1186053211      -12.5948127665       -2.4904777523
         1.4859897939      -10.2982398071        2.4376128004
        -0.6677472031       -4.1648501158       -8.1039495069
        -3.3355773760      -13.6655482257       -5.6960762436
         1.2107187691       -4.0854465999        9.7808419710
         4.9508629744        7.6652708731        2.7557027204
         6.6312176101       -0.6921671706       11.4921857815
        -2.4822844372       -3.0135005084        5.9834857110
        -8.4919628138       -1.3354554984        2.3775586779
        -9.5085415638        7.6319999941        4.5961358065
        -0.8566431448       10.0108137741        3.4413281637
         7.9001911295      -10.8650116232        0.8897510502
         2.0805828230       -6.0968069630       -6.2331406189
        -5.5733978069       -3.0589107996        0.4856114132
        -4.6256751467       11.7823767840       -4.8809463838
         2.1116068014        8.1223532130      -10.2698324789
        -5.4174641359        2.5879612359        7.9236904767
         0.9308974907        2.1810588293        9.7868828457
         2.6140549861      -13.3871107998        4.1248509155
       -10.7646549953        2.3240477404        7.4920996801
        -8.2050456211        4.3691201195        9.6031629998
        -8.0898131857        4.3538327847        5.8990227815
         3.3009231319       -0.8768943059        2.3347799401
         2.3480009435       -7.1397744577        7.7721847451
         0.0837566309       -1.0245410719        8.0081471697
        -7.8387941453        9.2025602918        1.5678217967
         8.3841070966        5.6040897344        7.4083829378
         3.3499916975       -0.8342240501        9.7699719222
         2.3095182530      -12.4478375707       -2.4653290243
        -5.3643076137       -1.2491427404       11.6045494974
         0.9647414313        2.0283089060        2.5000990275
        10.4564445103        4.5453064355        4.1982346666
         9.4104203549       -2.5701090487        2.4771405908
        -6.8641538135      -11.4232473931        0.7220318684
        -5.0713917980       -5.0483031310        7.6536267639
        -5.4542858227        2.6099294643       11.6172789147
         4.0849840676        9.6979300944       -0.3106678156
         5.7074859577       -7.0791843694        9.5863184891
         4.5400780318       -3.9565943960        7.8540938344
        -7.9726444389       -3.3055380895        9.4914038163
         1.7664981708        5.3329991645        7.7184778007
        -1.8720524530       13.4021322635        1.8865252372
         6.5474290521       -0.7437874054        4.0239323383
        -0.2418128213       -9.1387202205        5.6963119343
        -8.5497175152      -10.2154259599        3.9437981655
        -0.3121305121       14.5671611851       -1.4350833815
        -1.0973708630        7.1308498879        5.6862388146
        -5.5806772412       12.1600066963        2.0784552281
         8.5320611668        3.2570064510       -0.7861423930
        11.0295471371       -8.2931985100       -5.6257980419
         2.3105449515       -7.0144980387        4.0108456451
         7.4972226674       -9.7371319120       -5.7097134188
        -5.9291251172       -8.1929535395        2.3070840170
        -4.9619283256       -4.9523294349        3.8753466379
        -7.1816253989       -4.4348026965       -4.3970759678
        -6.4242185696        4.2913731529       -7.1979685399
        -0.0996075644        6.4674879902       -4.4266470911
        -2.1564199779        6.7872589647        1.9647910421
         7.5417282415        2.4271523966        5.7387150681
         1.1727605164       -3.9437386675        2.3458020430
         5.7096658557       -0.8646810636       -6.3305540810
       -10.6540886362       -1.5078302448        7.3857467994
        -5.8467152584      -10.8073691895       -5.7988287065
       -12.0782462928       -3.0712100459       -2.7910948757
        -8.2279725094       -5.0780719464        2.2093004111
        -3.6657074842        8.4011851215       -3.4991435711
         5.9535855663        1.2224809779        0.8562515551
        11.0687283637        5.2261830405       -2.5736118467
        -1.5771313810       -7.2133986601       -2.4729160357
        -3.1515230783      -12.6074604371        0.8052271892
       -11.7010674126        2.4851532323        0.8242946732
        -3.6798236803       -2.0770242807      -12.8950658418
         5.0907615898        3.2560677963       -2.2494787628
        -8.2412060038       -7.7010661588       -5.8771628055
        -2.6565461225        5.1473914936       -2.0262043124
         6.3571437688        6.4588066107       -0.5849734248
         6.0898400296        6.8298891087       -6.9047890909
         1.1999276573       -9.3566259544       -7.9061604031
        -7.6419075814       -9.6234254073       -2.6075030180
        -5.3134045643        1.2679991287       -5.6363614911
         5.0809810992        5.4163023614        5.6716307003
         5.6878213056        6.6724965176      -10.6171845781
        -2.2482129129        1.2509355104       -7.7097991907
       -11.5116214425       -5.1437113236        0.5391200809
        -1.8837649737        1.4274878253       -4.0201532965
        -1.6237966068       11.4067804740       -2.8408224227
        -2.9405852702        4.3708305104       -5.5722531791
         7.3426287157       -5.8250268904        2.5119042773
        -5.0839928888       -7.9714551535       -8.1678552228
        -4.3792689697       -5.0499640022      -10.5487431438
         5.0914503662        9.9476158142       -8.6711182023
         8.3792265597       -2.8161507265       -7.9980252174
         2.0432995118       -6.1544238600       -9.9600462008
        -9.2539047356       -1.1569183605       -4.3798433397
        -0.8248913466        6.2064901475      -11.7407045312
         2.8082657241        0.9552540402      -12.0753209848
        -2.5293990382       -3.0588080475       13.4167676888
        -2.6645579413        0.7994917615       13.5334728370
         3.3309540743       -0.8297868675       13.4627017568
         6.6162597768       -0.7092720149        7.7654801532
        -8.1409654361        0.5397419007        9.6253390125
         2.4725781448        8.3619709260        5.5085967719
        -1.8356586992        4.0290166866        7.8638480794
        -4.0011381728       -8.2497629989        9.4707857751
        -5.2253846057       -1.2638872724        4.0919355641
        -7.3097420096        7.5478384793        7.6287501001
         4.2706358710        2.3585416616        7.8408846559
         2.3438203854       -7.1789625871       11.4971180952
        -1.4086034432       -6.2133729341       11.5549472352
         0.9342098158        2.1097203676        6.1213312338
         1.7796606837        5.4196397164       11.4130840938
        -1.8470800983        4.0820254207       11.6224312898
         7.8624161933       -3.8434771445        9.5867884546
       -10.4329305250       -5.3351656452        7.2439773340
        -2.5179075473       -3.0378428972        9.7201024593
         4.2825030101        2.4162125036       11.5887016586
        12.6904648845       -2.4497150006        4.1493102822
         0.0608495737       -0.9908495471       11.7156409809
        -2.6259488722        0.7663167638        6.2107173257
         7.7682025287       -3.8087393747        5.7598388934
         4.5563953908       -3.9746016196       11.6098108154
        -5.3027930379        2.5135289920        4.2434061271
        -7.6674685343       -7.1019617793        9.2753065585
        -2.6773060840        0.8113486084        9.8662604348
         0.9382485394        2.2067435587       13.4584462345
         8.7903919080       -0.6471323869       -0.8073796179
         9.8138884912        6.5000881792        0.8663661719
         6.7648029649      -10.0806787068        7.4286781579
       -10.8665328198       -7.1229467547        3.8373438560
         3.7957683486        4.3803847103        1.1149772387
         9.8490998947       -0.6014187423        5.7139749550
         1.2208413408       -4.0718100222        6.0679309902
         0.0504904139       -0.8650244327        0.6499112909
         1.1931370147       -4.0737754037       13.4677557943
        -3.8660855303        9.0357392987        7.4180784311
         9.8900241188       -0.5786474007        9.4455192900
         8.5321713742       -8.9589668624        4.2026286326
        -6.5329584594      -10.1589523302        7.2545477698
        -4.6103036963        5.8613643765        9.6501414582
        -0.2713120628       10.3749165550        7.2707945009
        11.9105307381        3.3133089948        0.7896427236
         6.2427964434      -12.0578399119        4.1582009594
        -1.3673637333      -13.6420757186       -2.4437915376
        -3.3686505941       -1.8764104540       -9.1137262123
        -6.2653449941       10.5543335935       -1.6663213689
         2.5946572283        8.5963795849        9.2265513668
         7.8634691718        1.2596515320       -3.9992683071
         0.2795563096      -12.4231420389       -5.7299281192
        -9.3238254345       -8.3873626153        0.6044125163
        -4.2115315061        3.9553580808        1.1453201261
         5.8628266326        8.6048677027        7.2198869637
         3.9595681233       -5.8597039611        0.8253541653
         3.4565160006      -10.1192082371        5.7023524501
        -6.0952321241       -1.1193165255       -2.8834779066
        -4.5286282249        8.7386776608        3.6039680526
         5.1243222009        5.5968834501        9.5034070854
        11.4060401653        1.3828543154       -2.5043512075
        11.0529925379       -3.6733989108        7.4350321218
         4.4636140718       -3.9119020791        4.0645246212
         3.1584433036       -9.1716209406       -0.8312466127
         2.0003041076       -5.9671461678       -2.4679180563
       -11.2175109242       -3.3550991159        3.9828338460
       -11.6439046629        2.9068198831       -5.6811971673
        -6.7801501394        5.8819839272        2.8333699843
        -5.2279276178        7.2319333132       -0.2867740353
         4.2536276704       11.5841106330       -5.3687033844
        12.1857369525       -0.5421642000        0.8191200788
        10.1650933847       -7.7169949605        0.9100600862
         5.1182667236       -8.9693304135        2.4792652716
        -2.2513930165       -9.3314609994        2.4069276593
        -3.9254950525       -8.1061605228        5.6409241032
        -9.9816189138       -6.4206598473       -2.7109120244
        -7.9945021079        0.5310902923        5.8171161804
        -3.3470464256       11.9968500672        5.1757623520
         5.4534323857       12.8260266911        1.0897182994
        10.6919669454       -5.7344588325        4.2022025321
        -1.3866219277       -6.1526033444        7.7936354546
        -7.8396987406       -3.2703300935        5.6745368455
        -0.6970296043        8.0479716598       -1.2298901454
        10.0074780721        7.0182481007       -5.9147331324
         0.8054386082       13.1392261224       -4.9535640887
         8.9201570205        8.3899895068       -2.4740632618
        11.6506262599       -6.3783489680       -2.3908507029
         4.3118643641      -12.3312531126        0.8434926949
         5.6332319432       -6.9921466116        5.7565886845
        -1.5496016168       -7.3511014518       -6.1487313695
       -11.7638125880       -1.3356852335        0.6497789213
        -4.9626413240        2.3143102555       -2.2354507751
         0.6162054519       11.2370114942        0.1083468160
        10.3551215684        3.2164970474       -5.7681431818
         3.1345973954        1.1368166526       -4.5917685879
         4.7309996658       -7.8693656758       -4.0966137671
        -6.5608408746       -1.8592010869       -6.9910720042
        -7.5101863461        7.4246050409       -8.6432799600
        -2.0446702941       12.6581102631       -7.5326014749
         3.0293604121       -2.8114789206       -4.5302009670
         1.1487437789       -9.1969204353       -4.1061884898
        -2.4286610843      -10.6169467654       -7.7874680690
        -8.8397302866        0.6294372556       -0.8678015929
         5.6745155051        2.8478145831      -10.3804170423
         2.6095692462        1.2759467192       -0.6602791672
        -5.6609494112        1.1917297359       -9.3098941348
        -6.8127342015        4.3371609913      -10.9833802744
       -10.1778842162        6.0742661932        1.1830345516
         8.3960456685       -6.6249046254       -7.8097642396
        -3.3186490501       -6.1249569834        0.6789890722
        -3.9434549755       -4.3545413684       -2.7623924346
        -6.9616900181        8.9064463102       -5.2183803973
         2.8135620354       11.0595740610        3.0834933449
         9.2798037247        1.3069246642        2.4676180168
         2.9551797392       -2.8705078784       -8.2067997470
        -0.7354971108       -4.0281050935       -0.8863089239
        -5.0609655242       10.4639579863       -8.4208345461
         7.1346257216        4.4655915108        2.5961116201
        -2.5415831636        1.1013429272      -11.4537346286
         2.8044661880       -2.8896532384      -11.8932976183
         0.3657394144       -0.8589085691       -6.4257990373
        -3.3066034687        4.2936600822       -9.3626928072
        -0.1156709249       -0.9264739437      -13.6484895554
         9.5007295367       -9.6066239096       -2.3871982585
         6.7269264300       -7.7497845863       -0.7686417179
         8.6101855928        8.5379979754       -9.0950692803
        -6.7945262705       -2.0230937251      -10.8165144786
        -0.1606153382        2.8990980565      -13.6954101606
         8.0970748481       -2.6035873085       -4.0404983794
         0.1968716154       -0.9243567352      -10.0251284478
        -4.8873021284      -11.4438216452        4.0499425345
         3.0634938329        1.0236259569       -8.3343966023
         5.6610236104       -0.9853898486      -10.1419979838
        10.6806773137       -0.6222084870       -5.7020349692
         8.2417741880       -6.4558270398       -4.0132089733
        -4.2338150624       -9.3534348217       -0.9037022862
       -12.3207967856       -0.8486296225       -6.1091371403
         2.7766415215       -2.7657648126       -0.7990312920
         0.5803643691        3.1327007004       -6.3867572096
        10.9018771290       -4.4756359635       -5.6834467856
       -10.4669595881       -4.3930048426       -5.9598718325
        -9.0522182231        1.1518244070      -10.8781221814
        -7.5718033114        4.1898417234       -0.5573019984
        -4.1464236894       -4.7790141029       -6.7292593537
         3.8970742665      -11.1017101069       -5.7385469912
        -1.1431095875      -12.5006583724        4.1118365779
        -8.3298366737        2.5667488474       -3.9204662950
        11.6068891528       -2.5091864303       -2.4539179640
        -1.0270956475        7.2902727826        9.4859890113
         3.3813516924       11.6018247865        6.8090595189
         7.5876839508        2.5258090228        9.5682037250
        -1.3579157772       -6.0154510286        3.9840810418
         2.7696943014        4.8005113400      -12.1842484199
         8.8773806649       -4.5358916942       -0.7725285338
        -4.9072068994       -7.5665295589       -4.2869808351
        -1.5707512884       -7.4371955421       -9.7968750211
        -6.0049985511        5.5576208593       -3.7690501292
         4.8163317062       -8.0321339782       -7.9260936496
        -3.9624586202        7.3786685887       -7.0760709581
       -10.9388428984        4.4989718591       -2.2488858580
         0.3930950098       13.2023653546        4.9063416318
        -7.0458561455       10.5206028432        5.2910826917
        -2.5232026238       14.8190436129       -4.4539749733
         1.9518117899       14.3433234658        1.5822543798
         3.1682297798       13.0692815994       -1.9382839220
         7.6559638542        9.6682459969        0.9488763568
         8.2809187832        7.6707458466        4.2530295342
         1.5059242953        7.8977550455        1.7033317620
        -1.0847395479        9.5687194947       -5.9632811854
         6.6504269033       11.4867223152       -2.3276864285
         1.7458700076        9.8217522284       -3.3223391907
        -4.0763478682       13.5582872634       -1.2150570491
        -9.9207694305       -1.9961639546       -8.7795474776
         0.2834202546        2.9952791445      -10.0361789705
         2.5401427841        8.2054624794       -6.5194664210
        -9.8454766505        4.3082372693       -8.7785675273
        -7.5760421506       -5.0367248680       -8.4536646869
        -1.5207859074        9.4566385796       -9.6520315561
        -9.3477739549        5.9618112984       -5.4254767891
        -5.9122137273        1.0847938458      -12.9999298513
         8.5065776260        4.7566424246       -8.6857000107
        -3.7120319506        4.2382521868      -13.0832155309
         5.8582833628        2.9800636733       -6.5685042316
        -8.6140109685        7.5762021443       -1.9631235273
         1.5068581587       11.2984607119       -8.1654171958
        -8.8162073168        1.1161681655       -7.2097689264
        -0.4346716472        6.3001032363       -8.0571748327
        -4.4390523409        7.4084310916      -10.8609989205
         8.3946388520        0.9778683713       -8.2582178939
