         2.0319054272       -0.0067219214        1.5242189710
         5.5922267258       -0.5401898774        1.9412761445
         2.9673815777        1.8053179150       -4.8237777475
         4.8710920319        0.9789408931       -1.4642413258
         1.7462891309       -5.6444306975        0.6513347364
        -4.8671713759        0.9931370696        1.4677134728
        -1.5242258042       -0.0005478054        2.0319111320
        -2.9602144075        1.8001032899        4.8301258346
        -1.7687121895       -5.6351140272       -0.6711950116
         2.6777004016       -3.0263912534        3.2404826484
         3.8730863226        3.0047178322        1.6735426858
         3.7754718965       -2.7071256091       -0.5445276583
         0.5451276545        2.6928299779        3.7855950627
        -3.4287003930        0.5409681122       -4.8254250534
         0.0429547157       -0.9771753186       -5.0865647954
         0.0050483817        2.5400557040        0.0044721085
        -5.5943162506       -0.5111128919       -1.9431275266
        -2.5900713585        4.0964822876        1.8276300932
        -3.8610959814        3.0259663020       -1.6629234777
         2.6063500355        4.0925618276       -1.8132102803
         1.0125162520       -4.0912619191       -3.0110201095
        -2.6896900970       -3.0042926170       -3.2511024172
         1.1378507227        5.6348872577        1.5121824813
         3.8011991116       -1.8028866297       -4.1992668323
         1.5242260722        0.0005477455       -2.0319112417
        -1.1154276380        5.6446575750       -1.4923218365
        -3.7862089574       -2.6939945324        0.5350176755
        -0.0468752294       -0.9949028760        5.0830925233
        -0.0050490177       -2.5400556668       -0.0044714979
        -3.8083665390       -1.8025360389        4.1929185411
        -2.0319046549        0.0067220342       -1.5242199349
        -0.5343907354        2.7082904727       -3.7760851501
         3.4307904089        0.5103361879        4.8272757343
        -1.0287962395       -4.0977828023        2.9966020512
