        -2.6177245529       -5.7650071661        0.0145317810
        -1.1648315968       -2.6266217411        1.2721215162
         2.7950959728       -4.8460341409       -3.3677533058
        -5.9575529339       -3.9539041944       -0.0902129465
        -2.1314126243        6.3712098688        5.8017258169
        -1.0757144700       -2.3632912575        5.0668207955
         7.2279601191        2.9115385878       -2.3867400502
        12.0669979294       -7.0166927120       -2.8588732541
         2.6210776411        7.8128787345       -3.3313926608
        -6.2624960410       -8.7565517581       -4.5247822882
         5.3313022531       -8.7559210120        2.0959067355
         9.4620357657       -9.8804880969       -2.9363018976
         5.8947195098       -4.0028897033       -9.6386189635
        -1.5009673149        0.7496570889        2.7686288790
         3.4761334755        9.2283085954        3.2030452873
        13.0209170312       -5.3400342939        0.4852032553
         2.8974966529       -6.3806518411        3.8489323992
        -3.9680523223       -3.9787183999        3.1542644081
        -3.5441571163        2.7178518794        0.6326063929
        12.5894766676        2.7042610135       -5.8045454751
         5.0624472661       -7.6801493268       -8.5976473900
        -4.2142750917       -8.8625922201       -1.3031501466
        -6.2975761448       -2.3130187981       -3.5366281837
         4.2925063477       10.9348441031       -1.9904397323
        -4.6383504855       -5.6827637660       -3.1927091995
         0.0690326195        3.7930166414        4.1777478056
        11.4869256676       -1.6003189394        9.2690017342
         2.3150227053       -3.3482536729        5.9709917904
        -3.5095505998        3.5969862369        8.0543833481
        -2.0502680895        5.8191071464        1.9770337884
         4.9123924924       -0.6190040222        5.9889131598
         8.7295926713       -9.4127053218        3.6833713739
         0.0338790223       -8.6585351312        5.1887216956
         1.6317019148       -0.0256501385        4.2674860439
         3.0451821484        2.8089450057        2.2902117539
        12.6338087618        3.6753019649        4.1721392063
         1.7802972495        6.2495825146        1.7224399855
        10.6219338686        2.6991884971       -0.7772311348
         5.9053640813        4.3091806663        0.7650975962
         2.1633779693       -3.1398931450        2.3848088316
        -2.4960452229       -8.3942978609       -4.7469687248
         1.2822813046        1.3062008130       -2.6437298424
        -7.1979995957       -2.1293621933        2.9569019817
        -7.1539896119       -1.4029240010       10.3663596785
        -6.5464180262       10.9413863076        4.9176776614
        -0.9331101729       -5.3589743095       -3.3718364518
         1.2542384938       -0.0440371110        0.6458180651
         1.5731082383        6.8513948280        5.6631040978
        -1.8946929614        3.1218781000       -2.5964900313
         6.7917304220        6.9581046012       -8.1474244135
         0.9609514781        4.4637025040       -4.4997461498
        -9.8506900462       -2.3493431467       -8.9629041291
         3.8245031888       -2.3061456102       -0.7385762100
         3.6495768352       -1.2540986794       -4.2138566450
         6.0758511247        6.1726529574       -3.3504752340
         3.1040220990        2.4622311631       13.4595974886
         9.7284169515        1.8104199337        9.5551466336
        13.8607928372       -3.6145036651        3.8313414877
         5.9100626625      -12.0555174949        3.5353949241
        -6.3873861431       -8.4114403519        6.9840510743
        -4.3246666171        8.9657958000        7.3121421684
        10.0735974922        4.6543965868       -3.9516866452
         9.6874275719       -4.8453507568       -1.0459538470
        -0.9630316038       -5.7894325640       -7.1381351437
        -5.1610910857        3.7080143204       -4.2076639776
        -0.3412452740        6.3692709403       -1.4357901500
         1.2392111552        0.7341750261       -9.9066845019
         1.7440635263       -0.1977955132        7.8799115219
         5.0013027231       -0.8088086291        9.6710830931
        -0.5465647529       -5.4516889964        7.1514899380
        -4.0152524131       -3.4920269084       10.7399909251
         0.2899707324        4.2589914605        7.9557251840
         4.4773980031        5.5791378807        7.7012214598
        11.0578609386        4.8150386684        7.4979698795
        -2.8477744256      -10.1707111995        7.0564315246
        -8.8586621080        4.5579243096        7.8876141509
        -5.8654536536        5.7470372630        5.8754250974
         7.7215535215        5.3619832461        5.8853925665
         2.9507563754       -6.9439161364       11.1533048248
         2.3649520370       -3.5810908408        9.5618606724
        -1.0641495582       -2.1884794009        8.9566238873
        -3.6591843529        3.2202947129        4.3585209077
         4.5744011371        5.7649347918        4.0120911904
         5.5242794793       -3.7294961853        3.8800572550
         0.0586194221       -8.6160455858        9.0564527143
        -6.9176794668       -5.0321882654        8.8287527009
        -1.0336381936        1.4295348368       10.0433230254
         7.8293908655        5.1916867168        9.6757859177
         9.5178027647       -7.5874725103        7.0274589315
        -8.5551961965       -8.4748548651        3.7680288850
        -4.1829711364       -0.2066996201        8.4411254065
         3.0886146479        2.7823639320        5.9944844553
         7.4184704864        7.2131307743        2.4309946950
         8.0397244131       -6.0414102804        2.1802708253
         1.0576538343       -5.5700374689       -0.0984758523
         3.1238605957        2.6147839378        9.7389311621
         1.1074608998       11.8807632864        4.5678813295
         6.4545042052       10.6338939280        1.4222325885
         6.2723797368        2.4274702407        4.0918946892
        13.9550010630        2.3490331726        0.7785355121
         8.0378177223       -0.9358081315        3.9428569721
         3.5624969175       -9.7054015746        5.2985743086
        -1.5869340903      -11.8703158080        3.8792381257
         0.6052946135       -2.6826396914       -5.6911720790
        -3.0384372877       -2.6222522746       -1.8647984890
       -12.5027247436        6.2280551720       -1.0076592801
        -0.4483781224        8.8543107572        3.2921090370
        11.4581853812        7.7850215198       -2.3244114860
         2.1140586440       10.9449538078       -5.2786705931
        11.0553323753        0.6524165201        2.3987774012
         7.5038867869       -9.5596483466       -6.2553831667
         4.7173437834       -0.4595166772        2.3402177221
        -2.0689604203      -11.7040257004       -2.8869863170
        -9.5061487726        0.3638754578        4.4742592846
       -10.5744990675       -1.7608559092        1.4163384540
        -4.5449138014        0.6697725636       -2.1939509774
        -0.8339182687        9.4773425836       -3.3288368352
         8.7590884514        5.9767167344       -0.7408354591
        10.2676558063       -1.0729036810       -0.9552166492
         3.8971443571      -11.6019387395        0.1758177792
        -5.1023362860      -10.2864044629        3.8782677268
        -4.0968643682        5.8127868705       -1.2260911840
        13.2029772451        0.6046799610       -2.6341621230
         3.6469774219      -10.3864248220       -6.3059913095
        -2.5963022834       -8.8838057791       -8.5257839902
        -7.8514084886        1.1007091225       -3.8147955355
         4.7479607796        7.7260025426       -0.1363374869
         4.2631089532        2.4776830220       -4.4091805808
         1.3232006353       -7.9164592644       -4.8453254485
        -4.8029561494        0.2969983834       -5.8705138257
        -4.8285891107       11.6515801111        1.5310051456
         8.9727204051        7.8328359039       -5.2319014485
         3.8594569514        5.4719578833      -10.1606010642
         6.0642211019       -3.7757578694       -5.9842106522
        -3.1670897217       -3.1591479299       -5.5457792514
         0.3986961977       -3.4252748238      -13.0910616759
        -2.2827431053        2.1982032357      -13.5999446710
         0.5220145964       -2.3106490855       -2.0262910319
        12.7291801336       -3.2373082822       -2.7782623874
        -4.7915597319       -6.1910600667       -6.9147616707
        -6.8876089796        3.1987619025       -0.8448400402
        -2.0138485114        2.8694569780       -6.2415797596
         9.2427094645       -2.7845941155       -4.2305959614
         1.2702311736       -8.3752105508       -8.6388146504
         6.2589595925       -4.3980445066       -2.4582426235
         0.4997187333        7.6017673950       -6.4507542465
         9.0755902058       -2.4510166111       -7.9209248458
         4.9662765543       -0.9521143919       13.3615235430
         2.2836412381       -3.7490287585       13.1944117896
         1.7790159031       -0.4037512786       11.5447767884
        -1.1621977071       -2.1081167290       12.7771613483
        -0.7024231160        1.6136981951       13.6379619630
         4.4500459476        5.5269953938       11.4821486379
         8.2090022246       -1.1303572949        7.6561695318
         6.3051399026       -7.3331723520        9.2069843902
        -9.9673622365        2.0222188447        1.0357333301
        -4.0133627712        0.2042471512       12.0651074625
         6.4360456287        2.1451933970       11.6014525417
         5.6677193307       -4.1763728362       11.3753637450
        -0.5700426454       -5.3792233194       10.9898595570
        -3.2604832633        3.9280252014       11.7191769630
         0.5450168100        4.6280886761       11.6528887008
         5.8269704441        8.4603141585        9.2720079403
        12.8714830898        1.4479184441        7.3293099792
         6.8494952502      -10.3688361568        6.8931027592
        -6.8652814747       -5.2919452303        5.0077637495
        -8.0803060285        8.2940474985        7.3208863366
         9.2927610007        8.1424480622        7.7440659654
         8.9564595126       -4.4999657285        9.3109458903
         2.9521779363       -6.7233618103        7.4888641497
        -7.2168337313       -1.8183116587        6.6891400023
        -1.9488134619        6.8088846311        9.5445821426
         8.2633373763       -1.2854086538       11.3761342858
         5.6489846888       -3.9870562998        7.6253942133
        -3.4812666499       -6.9009888645        8.9863251171
        -1.2915127068        1.1148494398        6.4243142418
         3.2395784233        9.8558314449        6.9332172125
         1.8499187734        7.4610459953        9.4672368545
        12.1111578874       -4.7380220814        7.0975331037
         0.7740366189      -11.7354212995        6.9526798426
       -10.1584519599       -3.0404855331        8.5480759621
        -6.4857378389        2.3959004830       10.0935553477
         9.2862693635        4.0125373661        2.5726639528
         8.8327568118       -4.2611857526        5.4889680282
         1.5934042844       -8.9804941622        1.7374229996
        -9.5593552008        0.7664797259        8.2890984081
        -0.5405683578        9.5268906874        7.1814108803
         6.4023938714        2.2754398939        7.8461544411
         4.6169914844       -5.5110880031        0.6895511990
        -3.9576799901       -3.7386636917        6.9663512419
        -6.5849812433        1.9783557163        6.3720739032
        12.1412171840        5.8037341071        0.9463320650
        10.4820481688       -8.2873079944        0.4138544457
        -0.5837326102       -5.6284361354        3.2854215994
       -11.0505258492        6.6545930761        5.5065670909
        -0.9578021373       12.1487256207        1.3682807465
         4.3439377752        1.2927340089       -0.8358657301
        11.3810849872       -6.5649928873        3.7829213146
        -2.1088213747       -8.8347233064        1.9437487719
        -4.2972617175       -0.5550603954        4.7728299022
        -5.7956890921        5.2566334989        2.1162047325
         9.5699990334        1.9340745284        5.7387719551
         6.2343937529       -7.0444590122        5.3980600767
        -3.4538967332       -7.0779228139        5.1357287845
        -5.7362187785        6.1414845204        9.5751367613
        -2.7268599409       11.4726123335        4.7484200701
        10.6569379637        7.0671827593        4.3087632907
         6.5202702983        8.9972061409        5.4061778830
         7.7081234373        1.0596069143        0.8125061463
        13.6394754161       -1.5166135119        0.5996304776
         3.6084992973      -10.0627248612        8.9864233075
        -3.7781239470      -11.9496088027        0.6604154481
        -5.5734565720       -7.1614022607        1.8907988503
       -10.1462748443       -3.3967244088        4.8401384328
        -8.6119024181       10.9540989355        1.6662177914
        -8.8087227568        4.1054597467        4.0628065888
         0.0660553633        3.2685724371        0.3719325646
         1.2877389854        9.4122511895       -0.0895580461
        14.3397562260        0.2164734790        3.9760392328
        10.5723380710       -3.1483812979        2.2498599848
         7.7201077323      -11.0371228945        0.2985598894
         2.0878103702      -12.4062267248        3.3934847907
        -7.2392322153      -10.2659020181        0.6006465627
       -13.5080459519       -2.9939782389        3.2841892993
        -9.7911679163        8.9673813658       -1.3988452243
        -4.2956828540        8.3882649648        3.4704408358
        11.3690039242       -1.4349229481        5.5443833519
         1.8151380000      -11.2829252286       -3.0414527597
        -8.9086540924       -5.2391138520        1.7434689718
        -6.5395161467        1.5893784383        2.5727658271
         7.7485930995        9.3074030187       -1.9600974259
         2.9422596676       12.3737541877        1.2467077441
        13.4317400402        4.4469192911       -2.4190611518
         8.6719780958       -6.5136053345       -4.2738637264
         5.7058800073      -10.6849905306       -3.0663079097
        -0.0158071215      -11.9460048392        0.2975514771
        -5.8576161742      -11.9116466652       -2.6028662727
        -7.5998135173       -0.5267482313       -0.4423435927
        -9.1712413957        5.7600118228        0.5893146962
        -3.0789639738       12.1959056336       -1.8819645966
        10.1335572654        9.1131319390        1.0128196664
         9.7335090820        0.9524658777       -4.1628264059
         3.3399994862       -8.2125115555       -1.5337525780
        -7.6096884882       -7.0256751462       -1.3847143656
        -8.0401176359        9.4929268238       -4.8203077873
         0.7916468903       12.5551263286       -2.0268881051
         6.8246691955       -0.7525453586       -2.4812538963
         7.0398037219       -7.7198870301       -1.1319472019
       -11.0528647030       -6.7002548869       -3.0364663671
        -4.6372639095        8.9280662332       -3.1546984926
        10.1837938667        5.1090358200       -7.7130828343
         1.3164200707        1.0145507211       -6.2490124998
        -1.5920008586       -0.1743721639       -4.1350070797
        -8.4657643088        4.1861483993       -5.8416529989
        -2.3891808018        6.2373805374       -4.5362717058
        12.1417859975       -1.1148859951       -5.9848286753
         7.2316291367       -2.6711723573        0.7080998515
        -7.9661002814       -5.3633798663       -4.8613019992
        -2.5143229633        5.9752471700       -8.2464241172
         3.3988232619        8.8496506194       -8.3572103785
         8.4110353104       -6.1715725206       -7.8640978428
        -0.4482705418       -8.6508090632       -1.5039129533
        -9.6082177613       -1.9230440890       -5.1691602934
        -5.1447432152       12.0050984825       -5.1271665419
         3.0528701738        4.6280601076       -1.4939663059
         4.1811990557        2.0085762999      -11.8081635053
         3.5106694793       -1.8120555522      -11.6135591093
         0.9145516007        4.2024340402       -8.2497053364
        -1.6802623902       -0.5162296279       -7.8190024171
         1.0986281936        0.3809239790      -13.5675682740
         9.6806882625        1.3235803161       -7.9052430304
         6.6227969246       -0.2154949993       -9.8582816033
         2.7150051432       -5.6078395024      -10.8987621409
         0.8010406524        3.8856711890      -11.9979311278
         0.4230835024        7.3254204613      -10.2760807551
         3.6380383451       -1.5113865348       -7.9053922838
         5.0991293577       -7.2733075200       -4.7906671892
        -6.4312360003       -9.2235787825       -8.2262064720
        -1.0883687059       -6.2034879222      -10.8694941563
         7.2511007628        3.5795001038       -9.8669137762
         7.2179913265        3.7556592768       -6.1197241903
        11.5613484726       -4.9094757646       -6.0698463572
         0.5337307345       -3.0436222794       -9.4076745816
        -8.6891047082        3.8643777550       -9.6441694949
        -0.0044610320       10.6832138318       -8.4353855083
         4.2766180110        2.2841466318       -8.1046340809
        -3.2966627156       -3.5517944724       -9.2478520922
        -4.2790241888       -0.8572475870        1.0766988155
        -5.3517054805        3.4007799393       -7.9679554746
         5.5183163299        9.2783747561       -5.2482063347
         6.6777815502       -0.0317237676       -6.1188667030
        -0.2625471909      -10.9717672341       -6.2487401974
         2.8392112338       -5.1846120516       -7.1580073485
        -3.0148073562        9.0633799313      -10.2137806847
         3.8841196381        5.7306876850       -6.3180348284
       -11.7852936503        2.9042640936        5.9513565586
        -2.5649876630        9.0300353995        0.0820249310
        -4.1330015718      -11.4189192069       -6.0670157087
       -11.7621769750        4.6162152220       -7.4549089380
        -1.3399231559       12.5498522070       -5.2940279869
        -5.0709541368       -0.4495244375      -13.2383960941
       -13.3368111533        2.4704047311       -0.5662531798
       -11.8512656697       -6.4718563787        3.5934215137
       -10.9224505959       -0.1132926817       -2.0229611840
        -9.8022093368       -6.5317707617        6.8501829028
       -12.4464262677       -0.8707252987        6.3329467032
       -12.9801600161        0.8037922512        2.9166565035
       -13.9122984163       -1.3420473978       -0.1745006850
       -11.4075550541        8.3166478024        2.0370454314
        -8.0628105789        7.8135120613        3.6009707166
       -10.2134932512        3.6611963657       -2.4327900330
       -12.2742246693        4.5952247177        2.4993776986
        -9.2371553881      -10.0681422976       -2.6913439609
        -6.8978470524       11.5289493576       -1.7348202951
       -12.7203755951       -3.2142605599       -3.3516984061
        -6.3648735271        8.4053664102        0.2162235905
       -14.2103890492        0.3228477181       -3.6379157332
       -13.5051848251        4.0924636018       -4.0516010240
       -10.5781497586       -8.3075210599        0.4599599504
       -10.8454434746        6.8422856444       -4.4583385120
       -12.3664673347       -4.8840807816        0.1301579823
        -9.0054669219        7.2779997355       -7.8428608509
        -9.3564710142       -3.6203395145       -1.7245901169
        -2.8920727802        9.3630497886       -6.5009698513
        -8.0948891253        0.7326964856       -7.5340949904
        -9.5924421973       -8.4120442582       -6.1614522791
        -6.1865536952        9.8821528307       -8.1721436666
       -11.2883286014       -4.9697842956       -6.4952532748
        -5.6959510004        6.8014194074       -6.1976656191
       -11.3905810631        1.1693787476       -9.1443621119
        -2.1444752993        2.5638613460       -9.9300327987
        -6.6709385159       -3.1647875325      -11.0227518546
        -1.7861396539       -0.8653782180      -11.5252635189
       -11.1741614322        1.5352750682       -5.4400153149
        -4.9562992716       -0.0724176688       -9.5673029368
        -5.5097612115        3.0504851513      -11.7025442712
        -3.4168328926       -3.9198270972      -12.9194326682
        -2.6467148164        5.6522984803      -11.9521801170
        -8.2591013013        0.3593246582      -11.2347818149
        -4.9345672448       -6.6034098622      -10.6135393241
       -12.9005186432       -1.4839909239       -6.7837809294
        -8.1877396484       -5.8342451720       -8.6518298281
        -5.8813330165        6.5127216743      -10.0030452542
        -6.5077039938       -2.7643755209       -7.2914801231
        -7.4921382156        6.3591146388       -2.8249289890
