        -2.5904770034       -5.8291200741        0.1338866211
        -1.1415293948       -2.6836583811        1.3666025702
         2.6660045521       -4.9369851778       -3.4637955508
        -3.1112860326       -2.7137444467       -1.7411213983
        -3.4685949651        3.2410479215        4.4437386220
         0.2996984907        3.9681198986        4.1660787325
         6.9950386015        2.9929739177       -2.6197159264
         9.6478327295       -4.8239759538       -1.4296275184
        -0.4468721333        6.3000022537       -1.5470183170
        -6.3833726109       -8.8856313986       -4.2746157714
         7.2419730686       -2.6835791397        0.3915312744
         9.4064623502       -9.8555336674       -3.2908390793
         5.8440226625       -3.8598654157       -6.2618695699
        -0.9032738617       -2.3735875991        5.1713714208
         3.4586678524        9.1073425973        2.8143515808
        13.0409939449       -5.2740203138       -0.0049777466
         3.0635974019       -6.4544541637        3.7018682544
        -3.8482837490       -4.0399755473        3.3393994567
        -3.5541841920        2.6374001326        0.6986803629
        12.2300775544        2.7820553501       -6.2551816281
         4.7791130892       -7.7266040087       -8.7688260338
        -4.2069788739       -8.9496236127       -1.1301638144
        -4.6561815451        0.5559995408       -2.0647953518
         4.0750514627       10.9549158599       -2.2898241527
        -3.3765986972       -3.2819186946       -5.4264123919
         3.2107752274        2.6417689209        5.9351114129
         8.4354536015       -1.1260384200        7.3300685154
         2.5212609375       -3.4594914215        5.8471667962
         0.5930672859        4.4023818333        7.9080912670
        -2.0180128469        5.7283574832        1.9548567690
         5.0877068244       -0.7152093343        5.7795152690
         5.4540800872       -8.7749404438        1.8762161722
         0.2720435958       -8.6975232262        5.2061648990
         1.7672966101       -0.1443091904        4.1685253404
         2.9942010002        2.6334477290        2.1496133087
        10.6525269616        7.1035824258        3.8882801579
         0.0536572020        3.2098442438        0.2581360734
        10.4500592616        2.7889899497       -1.1886382650
         4.2293092433        1.2765883235       -1.0015846029
         2.2443743930       -3.2177135646        2.2649985999
        -2.6406245116       -8.5174297267       -4.6443116040
         1.1508690722        1.2090248815       -2.7541307430
        -9.3416030970        0.2676891467        4.7862813868
        -6.7245542046       -1.4760125818       10.5484414491
        -4.2256245882        8.2825018641        3.5521061401
         0.3725455375       -2.7847754405       -5.7282929110
         1.1925964163       -0.1423803897        0.5283377849
        -1.3630665955        0.8040138117        2.8051427606
        -2.0465587058        3.0235361245       -2.5973720556
         3.5527879488        5.6292598134       -6.5339673042
         0.7263819331        4.3581874089       -4.6028922686
        -8.4062394930        0.5705628973       -7.2653907612
         4.6556133687       -5.5331526179        0.4757610425
         1.0410561756        0.9093927519       -6.3540327827
         2.9981430907        4.5980231879       -1.7495948663
         3.4763356590        2.3596052297       13.3709716474
         7.9945246753        5.2235318337        9.3734075078
        13.9777809694       -3.5246493001        3.3091166114
         6.4572641547       -7.0773130639        5.1582942060
        -6.0929117329       -8.5075146121        7.2224044225
        -4.1641302397        8.9063065088        7.4213123145
         9.7461707967        4.7581852040       -4.3305268346
        11.9832024380       -6.9662599171       -3.3145934586
        -1.2170290444       -5.9058513076       -7.0987369805
        -5.0504593074        0.1659315897       -5.7258341819
         2.4356757549        7.7682118976       -3.5633714814
         0.5491933400        0.2498693192      -13.6495499859
         3.3333999155        2.5138385551        9.6688947815
         5.2875784877       -0.8570311056        9.4708642723
        -0.2805843287       -5.4905989242        7.2143025474
        -3.6254761662       -3.6042285506       10.9199414676
        -3.5470606007        0.1117336084       12.1177561724
         4.5852527559        5.5009781283        7.6797089739
         6.5745956576        2.2257255455        7.6135835760
        -2.5325161528      -10.2443222818        7.1602878940
        -6.3345179694        1.9272353731        6.5507727399
        -5.6796684801        5.6924388751        6.0354785546
         9.1158828585        8.2207230332        7.2408225474
         6.6741380366       -7.3572828039        8.9654822515
         2.7009473313       -3.6800308543        9.4564881216
        -0.7707996322       -2.2355959954        9.0923431398
        -1.8979191741        6.4187239701        5.8458165480
         6.3090395503        2.2971782251        3.8365333662
         5.6642908635       -3.7934524224        3.6503864580
         0.4304334789       -8.6793830178        9.0597123197
        -6.5712799337       -5.1257692592        9.0709535403
        -3.2140608993        3.6024353359        8.1304364609
        11.1191607094        4.9199283007        7.0738551650
         9.8077652583       -7.5635006931        6.6694261985
        -8.3651561198       -8.5810753615        4.0906678869
        -6.9234904915       -1.8820135769        6.8989313645
         1.8566384646        7.2222976816        5.7141627968
         9.1971762556        4.0883551814        2.2012944809
         8.1371290003       -6.0380215709        1.8647347105
         1.0517593747       -5.6633673788       -0.1232505031
         1.9797960505       -0.3422600563        7.7916500363
         1.2319424996       11.7435616456        4.4730299397
         8.5650569511       10.3313946472        4.0424978238
         4.4095839537        5.4966299730        3.8846962473
        13.8514795298        2.4412074669        0.2449496430
         8.1432898134       -0.9723885533        3.6109865178
         6.1236296887      -12.0697668241        3.3043796168
        -1.3548084554      -11.9214956887        3.9338579561
        -1.0612184099       -5.4811341682       -3.3338705615
        -5.9376041814       -4.0426926634        0.1439180868
       -10.3443307033        3.5147292322       -2.1020615796
        -0.3948947987        8.7495555512        3.2084872482
        11.1846880154        7.8390765788       -2.7473926419
         1.7873554012       10.8941553778       -5.4644139420
         7.6404971961        1.0806463161        0.5065683722
        11.3301432248       -4.8540634242       -6.4933697803
         4.7668200226       -0.5692085587        2.1136159957
        -2.1074817809      -11.8103654856       -2.7952954357
        -7.0642043890       -2.2062568996        3.2037639391
       -10.5097997355       -1.8879341559        1.7882116007
        -6.9561989659        3.0854500298       -0.6422112622
        -1.0522710112        9.4031047959       -3.4005426788
         8.5029294085        6.0802177855       -0.9986087648
        10.1628514080       -1.0189003107       -1.3516993588
         1.7685766294      -11.3637403964       -3.0986021106
        -4.8909574874      -10.3677196918        4.0740833073
        -4.1987471937        5.7155327170       -1.1497546707
        12.9942204449        0.6874375195       -3.1201069257
         3.4694747506      -10.4518464751       -6.4304799448
        -4.7381608147       -5.7915460301       -3.0071774314
        -5.3755522925        3.5829002672       -4.0727275768
         1.8022131286        6.1690049135        1.4744173402
         4.0545695457        2.3727735356       -4.6270148343
         1.1703526794       -8.0117011353       -4.8840659157
        -8.0226235748        0.9580438303       -3.5575707657
        -4.8582591336       11.5396570888        1.6230203741
         8.7545192712        7.9475360773       -5.7310522546
         3.3944886457        5.3824844301      -10.3689861402
         3.3210582100       -1.6078922171       -8.0846925021
        -5.0251174660       -6.3286505522       -6.7271590211
        -0.0965796566       -3.5580117174      -13.1131857016
         0.5316069326        4.0932609995       -8.3495505880
         0.4120287616       -2.4332328398       -2.0691996133
        12.5887844193       -3.1692319915       -3.2467254884
        -2.8719939882       -9.0165601299       -8.4140531419
        -6.4301787506       -2.4432954126       -3.3170816456
        -2.3019360573        2.7489904588       -6.2259653813
         9.0398823644       -2.7426976723       -4.5853597534
         0.9881488018       -8.4735798320       -8.6735619817
         3.7660012648       -2.3394817329       -0.9301342733
         0.1583008825        7.4968982418       -6.5454989493
         9.3230997775        1.3062197793       -8.3048192634
         5.3928339905       -0.9970951078       13.1540528829
         2.7603994282       -3.8360963783       13.1056143800
         2.1066141777       -0.5225631552       11.4746031878
        -0.7354199824       -2.2337961332       12.9276978859
        -2.9050793277        3.8662752922       11.8001270858
         4.7016291847        5.4481928398       11.4273641959
         8.6199825245       -1.2633367059       11.0443605929
         3.3886997825       -7.0122587040       11.0326424305
       -12.8786064144        0.6651081475        3.3611533525
        -0.6468334995        1.4610230046       10.0136186715
         6.7464862031        2.1316194594       11.3575165493
         6.0789188320       -4.2086066473       11.1530793688
        -0.1623986045       -5.4621922655       11.0433832081
        -0.2876282757        1.5373124230       13.6216942651
         0.8711348481        4.6092761023       11.6443090400
         5.8883452114        8.4681440342        9.3654211337
        13.0185219057        1.5643106396        6.8427274306
         7.1649657516      -10.3831203458        6.6305121944
        -3.6909618324       -3.7913300291        7.1399186113
        -5.4675528315        6.0760780614        9.7392754769
         7.7552928118        5.2407054024        5.5482709311
         9.2934599353       -4.4768796340        8.9697367565
         3.2462824661       -6.8011960834        7.3570378890
        -3.8160717478       -0.2193108820        8.5083801852
        -1.7034909710        6.8068816217        9.6241801830
        11.7708916466       -1.5222964774        8.8249496240
         5.9194751658       -4.0327175745        7.4055906632
        -3.1290388580       -6.9866948918        9.1244666910
        -0.9782655496        1.2056592501        6.4083220471
         2.0701737277        7.5516691766        9.5133151284
         3.2547023083       10.4058043039        7.3333881707
        12.3637551684       -4.6674444338        6.6410431675
         1.0941550545      -11.7875882720        6.9176018815
        -9.7979034955       -3.1242460979        8.8806440801
        -6.1180449414        2.3176502168       10.2571163967
        12.6180932524        3.7488764561        3.6878386022
         9.0269004559       -4.2557130375        5.1535556841
         1.6935512193       -9.0850627758        1.6906883967
        -9.2393339544        0.6772218495        8.5776189088
        -0.4346441364        9.6012188100        7.2805102789
         9.9597975310        1.8663662112        9.1753559424
         3.8084493698       -9.7659477044        5.1481291594
        -6.6612995313       -5.3830298561        5.2667411435
        -8.6051679618        4.4663512332        8.1453889705
         5.0841858573       11.9787368190        4.3197170380
        12.0178428541        5.8659587778        0.4738322820
        10.5354371274       -8.2499174726        0.0178227979
        -0.4444712845       -5.6581189215        3.3565052939
       -12.2218473167        4.4583325213        2.8985560968
        -0.9973928233       12.0517883942        1.3308533832
         5.7713641419        4.3388428651        0.6180020565
        11.5399075435       -6.5147348594        3.3551641514
        -1.9828490772       -8.8826878406        2.0415787507
        -4.0679054046       -0.5677193115        4.8822900370
        -7.8995339323        8.2060180093        7.5454391277
         9.6768270754        1.9488638311        5.3588280426
         8.9183338214       -9.3956431107        3.3534494004
        -3.2350410283       -7.1428460486        5.2844156395
       -10.9153064349        6.5420714286        5.8491530296
        -2.6225563301       11.3653779655        4.7561019462
         7.1691115915        7.3570660858        2.3236430959
         5.7764178918        8.4538748503        5.6164789568
        11.0354754540        0.7195911072        1.9640059055
        13.5946411113       -1.4309543527        0.0907565020
         3.9963487772      -10.1164782213        8.8388199302
        -3.6683701346      -12.0225854990        0.8165956664
        -5.4605197824       -7.2444964178        2.1101426712
        -9.9379491274       -3.5019984604        5.1910287460
        -8.6355491058       10.8330034796        1.9029274304
        -5.7679634942        5.1611775365        2.2644915536
         4.7261442508        7.7243745392       -0.5177438689
         1.2042917998        9.3746205812       -0.2791005554
        11.5231956024       -1.3760364615        5.1098899872
        10.6338030266       -3.1150594817        1.8371414359
         7.7994171377      -11.0248809170        0.0058758283
         2.2985683111      -12.5039315648        3.3203837665
        -7.1478382850      -10.3692911206        0.8864877859
       -13.3646783255       -3.1334966333        3.7703420368
        -9.9217354535        8.8277430152       -1.1088022954
        -6.4395652233       10.8388704520        5.0673483579
         6.3670337433       10.7806778660        0.9126018813
        14.3824476596        0.3267846472        3.4337567781
         3.9775886567      -11.6618594219        0.0381045765
        -8.8111168578       -5.3497880404        2.0742685284
        -6.4456778747        1.5180464664        2.7870369751
         7.5897938227        9.3952314318       -2.4372761171
         0.5746773841       12.5182195643       -2.1517190606
        13.1889284581        4.5316120083       -2.9374247866
         8.5299352701       -6.5022553006       -4.6199744940
         7.0281028552       -7.7150623167       -1.4170851997
         0.0740774318      -12.0534685454        0.3020192471
        -5.8778033252      -12.0220131580       -2.3554908571
        -7.6079834491       -0.6389883710       -0.1752140502
        -9.2028813248        5.6368256662        0.8672265955
        -3.2603792589       12.0946064756       -1.8533872813
         9.9237396663        9.1367886780        0.6446772765
         9.4525331349        1.0352938766       -4.5279042938
         5.6540791725      -10.7210023490       -3.2695896314
        -7.6210659374       -7.1401034898       -1.0885151043
        -7.6615117324        6.2300858597       -2.6120640814
         2.8665909306       12.3795492893        1.0770103292
         6.6642827551       -0.7136013527       -2.7560349303
         3.3126653226       -8.2830433595       -1.6406423233
       -11.1253092645       -6.8538117860       -2.6174451395
        -4.8413141781        8.8168519140       -3.0631037754
         9.7859360975        5.1070311620       -8.1334233199
         3.4630401358       -1.3543912336       -4.4007632570
        -1.7729485062       -0.2838264821       -4.1052314724
        -8.7407667672        4.0309089316       -5.5792737971
        -2.6407301064        6.1292050695       -4.5270722699
        11.8383059735       -1.0440989966       -6.4143165568
         6.1631330301       -4.3931814128       -2.7326391372
        -8.1248438211       -5.5100771816       -4.5654835620
        -2.9065452948        5.8462721751       -8.2230363958
         5.2368691747        9.3137185280       -5.5864270492
         8.1637206551       -6.2112790101       -8.2113541405
        -0.4655136236       -8.7522561397       -1.4695872197
        -9.8030574482       -2.0842134565       -4.8302664703
        -3.2414809394        9.2475528795       -6.4768095908
         5.9446884326        6.2184704010       -3.7749584179
         3.6836703341        1.9161274979      -12.0176519500
         3.0585221275       -1.9093614924      -11.7787105359
         0.8260126558        0.6209086200      -10.0010308057
        -2.5716183127        2.4267548829       -9.9022689748
         0.2829308658        3.7616970926      -12.0876836494
         3.9140569323        2.1967198242       -8.3225907287
         6.2210057331       -0.2749377015      -10.1530707178
         2.3225490214       -5.6993143697      -10.9903931921
        -5.5952824488       -0.6253437843      -13.0747595417
        -0.0590029112        7.2065232356      -10.3663753681
         5.5514513023       -4.0694884997       -9.8996174271
         4.9454672798       -7.3295910868       -4.9643528906
        -6.6910219468       -9.3785249797       -7.9641854546
        -3.6439412156       -3.6923751797       -9.1287180981
         6.8062931454        3.5305688560      -10.1901398210
         6.9149304255        3.6745258023       -6.4426283187
         7.3199890053       -9.5814354753       -6.5278517431
         0.1698355219       -3.1531474356       -9.4392679334
        -9.1091203587        3.6860080860       -9.3688451230
        -0.4438130816       10.5708330101       -8.5256256454
         6.4070547724       -0.1154380761       -6.4193727035
        -1.4740098486       -6.3339929619      -10.8215533254
        -4.2122263615       -0.9085116133        1.2278707691
        -5.7068091262        3.2556707893       -7.8209893908
         2.9688571967        8.7552549617       -8.5556581524
         8.7687469955       -2.4791575476       -8.2934395639
        -0.4371604432      -11.0785506849       -6.2241002118
         2.5713516137       -5.2681448141       -7.2551011759
        -3.5046861666        8.9209114628      -10.1823999810
         6.3778020487        6.8992233785       -8.4356395174
       -11.5952934458        2.7888986735        6.3383842222
        -2.6312043888        8.9343684691        0.0863625102
        -4.3008653361      -11.5531826816       -5.8907774899
       -12.0993759779        4.4274770729       -7.0651314076
        -1.6749526691       12.4617334015       -5.3454993091
        -2.2446606049       -1.0059965143      -11.4857514273
       -13.3787770606        2.3095222994       -0.1110510851
       -11.6783429164       -6.5967457517        4.0317119428
        -9.9430516774        1.8981239114        1.3665604219
        -9.5224091506       -6.6359958735        7.2084133558
       -12.2011354893       -0.9875877853        6.7604901158
        -8.6975623791        4.0106590699        4.3388129837
       -13.9126569120       -1.5042933223        0.3232383078
       -11.4005201571        8.1836979098        2.3885542614
        -7.9961854806        7.7049234329        3.8300387788
       -11.0008656327       -0.2646243005       -1.6391456852
       -12.5972307229        6.0726888579       -0.6028671509
       -10.5090417897       -8.4389955731        0.8652017435
        -6.4279130732        8.2937170355        0.3769510610
       -12.8277661499       -3.3839886496       -2.8867174023
        -7.0629622131       11.4051593791       -1.5621378983
       -14.3555252555        0.1378548053       -3.1323258559
       -13.7003859476        3.9112588511       -3.5936793925
        -9.2740226815      -10.2052125824       -2.3226203241
       -11.0805267622        6.6790313006       -4.1172361341
       -12.3291196855       -5.0300142936        0.5854095431
        -9.3823949231        7.1095366172       -7.5734249601
        -9.3984428065       -3.7535675753       -1.3834231704
        -5.4564088708       11.8804896306       -5.0235135755
       -11.7650227260        0.9731033029       -8.7492490910
        -9.7768844645       -8.5777172812       -5.7864901054
        -6.5987643004        9.7338392836       -8.0223584883
       -11.5108212496       -5.1502637560       -6.0749129596
        -6.0101625511        6.6652212954       -6.0557233569
       -10.1889783170       -2.5332779235       -8.6083496118
        -2.0042772099       -0.6399953243       -7.7851041371
        -3.8992433118       -4.0814466483      -12.7939046505
        -2.8456363431        2.0410182857      -13.5606055085
       -11.4059282843        1.3620888095       -5.0578635089
        -5.3438846938       -0.2240050664       -9.4133213919
        -6.0053017728        2.8823609553      -11.5446922387
        -7.0847737004       -3.3381800586      -10.7824272933
        -3.1754994887        5.5024353119      -11.9181156396
        -8.7109382720        0.1733334363      -10.9553198849
        -5.3052586710       -6.7619158835      -10.4179411266
       -13.1594098884       -1.6780225418       -6.3186338915
        -8.4871078660       -6.0040093416       -8.3410028592
        -6.3409386233        6.3535923898       -9.8500392152
        -6.7803072106       -2.9145929075       -7.0616489853
        -8.3135153280        9.3484752986       -4.5982805142
