        -1.1940261142       -1.4551020171        2.6616712581
         1.6738448329        0.0780336143        4.2985498386
         2.5237571608       -5.3576580274       -2.3029416692
        -6.7786049237       -0.1097445148        2.6469029598
        -3.1888315722        4.4512709866        3.7324766578
         0.4965097840        5.3269890016        3.7626148477
         4.0627689720        1.2626557806       -4.7198349572
         9.7123601140       -4.7348453394       -1.0673111485
         0.8822438063        2.8771577479       -1.2534329864
        -1.5227484109        0.0992870566       -0.6976768786
         4.8250043899       -0.3145973537        2.2106925908
         4.7156470210       -5.4276079081        0.8103051748
         3.8218714452       -2.6058492256       -4.6242174749
         1.8054250858        0.1953690410        7.9167263944
         4.1651642785        5.9783222538        3.5893489849
        10.6154438910       -2.7522708441        2.0931254797
         3.1195337890       -6.2597864523        4.1298778542
        -3.9624417050       -3.0414192497        4.3546344662
        -0.7261170962        2.3153618959        2.1770011490
         9.4363217169        0.9328389282       -4.5648457170
         7.4581488608       -9.7993533651       -5.7057247347
        -1.2734789677       -6.1996965612       -1.9636518813
        -4.8532450784        0.3164455069       -2.2236240584
         4.0096607347       11.0330532025       -3.1614832635
         1.1619634825       -0.6589267922       -6.4907312574
         2.9929632718        3.1421669194        5.7897918893
         8.3244039604       -0.3931386784        7.4292720390
         2.4528011051       -3.0445814429        6.0883041703
        -1.0989338079       -1.4745807193        6.2768380379
        -4.0704456351        1.9275818664        1.0390957886
         6.1746359268        2.7591253116        3.6781290511
         5.6448149931       -3.4311739059        3.9535370219
        -0.4338453208       -4.7087857492        4.2445958043
        -2.6673961747       -4.9946074184        1.3754826780
         2.8605176113        2.9373151197        2.1154003026
        10.4378023054        7.5915312961        3.4081309909
         2.0563570044        6.0031199853        0.3339574867
         7.5767953259        1.3004938956        0.4102082845
         6.6543223856       -0.7136581052       -2.7501644535
         2.3149591165       -3.1590752433        2.4385440573
         0.9562681195       -6.3773430156        1.0934859100
         1.6099842964       -0.1049710195        0.7376562616
        -4.1956503022       -1.7728196524        0.7857636115
        -9.3352634180       -2.7609400596        7.9628857390
        -1.5649173909        5.5926410316        0.4759207237
         3.8978915227       -2.3004685410       -0.8941403462
         0.1251662386       -3.2236025212       -0.4692287167
        -5.3636973602       -4.7928096738       -1.1076799084
        -2.5541523565        3.2402162403       -2.0835244502
         3.4696405604        4.6411299177       -6.7702076974
         0.7807952072        2.8213530133       -5.0381870270
        -3.9420913102       -5.2756639469       -8.2065607257
         1.4083561272       -0.5461271929       -2.8888942476
        -1.7422474649        0.3510537665       -4.2667490107
         3.5377216526        4.6278450334       -2.9745956891
         3.2954646391        3.4078184171       13.1724216580
         8.8807352183        8.9408470093        6.6678814751
        11.4431443256       -0.7461180930        5.2429546673
         5.5737385096       -8.5864615223        2.5106419895
        -5.8874863459       -8.0528113417        7.7077353727
        -3.1582873936        4.4493339131        7.5356868578
         9.6997397355        4.7683689934       -4.6738478269
         8.7444910148       -6.6652700419       -4.2160494268
        -1.2244830867       -6.9622170825      -10.1302812441
        -6.0389689692       -2.5474391233       -4.1829759182
         1.7280347045       10.9610764568       -6.3103764114
         3.4447656661       -2.6730655547      -11.9975120554
         3.1492085886        3.2789987134        9.4911960694
         5.1501867226       -0.0385385872        9.5583659031
        -0.3111083162       -4.7483847091        8.0056478638
        -0.9494245558       -1.4624667230        9.9265789795
        -3.4330639028        0.7130933402       11.8199647258
         4.3319272709        6.2159729119        7.3275484199
         4.9806208490       -0.1652103457        5.8680313884
        -2.3279807213       -9.5967935038        7.7738648466
        -3.6960405424        0.7621172270        4.4397976592
        -5.6900209278        6.4843872064        5.3687164104
         6.3904192228        2.9490952266        7.4463075083
         6.7221695299       -6.5262459260        9.5086704124
         2.6133912787       -2.9608731001        9.7724659372
        -3.7168767790       -3.1599587084       11.7566967299
        -1.9781633545        7.5002362220        5.4392001124
         7.5388567224        5.8476524373        5.1825479518
         9.8631712407       -6.8345159073        7.2537843314
         0.5211239928       -7.9473787690        9.7872948771
        -3.8692298601       -3.1601368812        8.0495077655
         0.5632277876        5.4293631629        7.5457551754
         9.5241358761        2.5627171009        5.2313985531
         6.4934651456       -6.5788613445        5.6957282172
        -4.4987597516      -10.1728558419        4.7375735985
        -6.3057295997        2.8681069478        6.4211016553
         1.7891875251        8.3541762729        5.3463567432
         9.0289512301        4.4546175911        1.9017256558
         8.1680954608       -5.7296800053        2.3312645512
        -1.8111905644       -8.2205079067        2.9252660385
        -0.7226942600        2.3125276310        5.8742721953
        -0.3451070184        8.6472988384        2.1259147589
         5.5896446770        4.5827733969        0.3273280500
         3.3647599092        9.1502869663        1.8952019327
        14.2839262173        0.8848872256        3.4703513829
         8.0976763017       -0.5279835088        3.7101529159
         3.9535790289       -9.4255821185        5.8476378810
         1.8285571829       -9.5321780788        2.7149957883
        -5.4648587103       -7.0176396815        3.1790037978
        -6.7816212648       -3.8290125142        2.2146466284
        -6.6250556333        3.6147826000        2.9322995146
        -2.8418651261       10.9104142168        3.9081594883
         8.3544065628        6.2619995871       -1.4452766839
         2.6749850399        7.7937045494       -4.6748919650
        10.3584328373        2.9451756418       -1.3844776921
         7.2493559795       -2.5253287830        0.5804221709
         7.1732812215       -7.6536333174       -0.8475215137
        -1.7364803385      -12.4737483182       -2.0838075706
        -4.0556033732       -8.1479921136       -0.1643931357
       -10.1995025244       -3.7940503547        0.7159383552
        -7.4880250799        2.0622649199       -0.3643376816
        -2.4737233177        9.0537653158       -1.0622376405
         4.8323482725        7.8318419850       -1.4300613504
        10.1276194748       -0.9091706519       -1.2595398630
         2.0867526980      -11.7712483076       -2.2098679407
        -2.7567281070       -2.7471747486       -2.4934295148
        -5.1525813530        5.1375292627       -0.1552576367
         9.6212655647        4.6424084695       -8.3717180303
         3.6964840827      -10.6648683314       -5.5269695537
        -3.8458753923       -5.5717995120       -4.4407668164
        -5.9518310111        3.5730089145       -3.5021865035
        -0.0217837104        5.9237508792       -2.9703109268
         6.9376883652        3.0971862131       -2.8719493482
         1.2119138350       -8.3917014742       -3.8300481694
        -8.1771628953        0.5331733555       -3.7465581861
        -3.5926015001        6.4725421465       -3.2795805173
         6.2597102441        6.3514897486       -4.6959333398
         3.4806357790        4.7650770784      -10.5522365642
         3.6597415814       -2.6853341457       -8.3154736481
        -0.0703826799       -3.8462373198       -8.2502654086
        -0.2545127342       -3.7606119868      -11.9987742136
         0.7354201428        2.9909417098       -8.9292565045
         4.2350581168        1.4673057922       -1.0938521888
        11.5757322726       -5.0890690303       -6.0653830660
        -1.1131868610       -6.9417857986       -6.3080598305
        -5.0562843364        0.7240555962       -5.8622373693
        -2.7327660010        3.6974403483       -5.6416581813
         9.1218889039       -2.8864306937       -4.4222876790
         1.4186658071       -8.9499326472       -8.0036070306
         0.0994310025       -3.7219525568       -4.4822502610
        -0.0850008042        6.0380589946       -6.8117172997
         9.4100322418        0.7994850873       -8.3686804479
         2.7810553713       -2.8343076802       13.4505872990
         5.2942123487        0.0983957347       13.2373861517
         1.9479219254        0.3020651604       11.6095458900
        -0.7689014895       -1.3562709968       13.5915261252
        -0.4581912938        2.5287670714       13.3267147856
         4.5008764265        6.3793151862       11.0401606106
         8.5114988850       -0.2574716123       11.1399769225
         3.4501872612       -6.1169656719       11.5550263861
       -12.0573093011       -4.3309371391        5.7263024640
        -3.0187051618        4.5956861922       11.3011863393
         6.5786559453        3.1050838566       11.1925819296
         6.0457983694       -3.2350687899       11.4559830723
        -0.1586396325       -4.6974486422       11.7661851661
        -0.6158825117        2.3874566214        9.6208680500
         0.7124975425        5.5805576207       11.2947843752
         5.6905514134        9.2949540574        8.8264595900
        12.8697420180        2.3399053991        6.7640208457
         4.1130214109       -9.3509795640        9.5723110309
        -6.6553831729       -4.8967753698        9.7303488022
        -5.6120379275        6.5602863895        9.1861720614
         7.7814293204        6.0703022351        8.9920665331
         9.2556804250       -3.5932749689        9.3014887178
         3.2876148198       -6.2036205941        7.8396095921
        -3.6088558604        0.6983713836        8.1180627803
        -4.5141748676        9.5867289945        7.1181732802
        11.6719771994       -0.6125215938        8.9580767357
         5.8583746300       -3.3451444740        7.7117827015
        -3.0863694291       -6.4384359230        9.8397848687
        -6.0939379641        2.7862622530       10.0633898111
         1.9075359926        8.5611062328        9.1434189113
         5.4992360132        9.0744307506        5.1069037206
        12.3458951141       -3.8922377280        7.0204036652
         1.2286686820      -11.1056457413        7.7046529277
        -6.4158188791       -1.0601065513       10.0050403164
        -1.8979269325        7.6553660335        9.2516289517
        10.9134206442        5.6637028726        6.7402187582
         8.9988582915       -3.6779768695        5.4896988991
         0.3935828099       -7.9446015761        5.9472132079
        -9.1266754646        1.0537675094        8.2575888402
        -0.6690566776       10.5710700098        7.0586620846
         9.7886979664        2.7473377153        9.0405027571
         6.4182741356      -11.7241189983        4.2468949055
        -6.7036568048       -4.7446033112        5.9830476410
        -8.8628252718        4.8247675735        8.4793661306
         3.1476197578       11.4101098926        6.8601774962
        11.8589425388        6.1328612531        0.1014653817
        10.6700415171       -7.9923119759        0.6834978380
        -3.1295508315      -11.4347635582        1.3560781603
       -10.2558040259        0.0079052418        1.1775270755
        -1.1623815373       12.0184461754        0.6137403542
         6.9493133011        7.6896007682        1.8248306770
        11.5836926879       -5.9886580790        3.8794995134
        -0.9062911750      -11.4110155751        4.5796715887
        -6.5332338555       -0.9223846161        6.2714833576
        -6.6623703707        9.9156764832        3.9331374564
        12.4461221332        4.2706758620        3.4572203844
         9.0506146079       -8.9235459897        4.0881484460
        -3.1571665076       -6.3783378612        5.9923191124
       -11.8545813844        3.3174719840        6.5681615428
         0.9881183579       11.7080709232        3.7350877444
         8.2909393210       10.7811674143        3.3187146405
         4.7287066394       12.2616222527        3.3909840817
        10.9400703129        1.1046975360        1.9334856722
        13.5554946164       -1.1284732543        0.2675519850
         7.3129515288       -9.7225518077        7.4336498610
        -0.3847978557       -9.4551662239       -0.4513569089
        -8.1358083379       -9.1360996666        4.9058172770
        -9.3819120740       -5.9436896259        3.7243681033
        -9.1875876065        5.3583702587        4.9086613420
        -4.0792445762        7.8450989332        2.1631813862
         9.7382807758        9.3810605262        0.0362933000
         2.5788281577       12.2991187780        0.1804086225
        13.7495805408        2.7461319467        0.1348417627
        13.1005092994       -4.9781980707        0.4522498833
         8.0382286168      -10.8383679738        0.8693306055
         2.6904922528      -12.6599796168        4.4324490326
        -6.7816486793      -10.2098781489        1.5364763337
        -7.5418849959       -1.7203832085       -0.7850946918
       -11.2465577727        7.2718881213        0.3513314706
        -5.0187893491       11.2628177931        0.7446896569
         6.2061402351       10.9864443688        0.0737874131
        13.9601847267       -2.9667900622        3.6288114831
         4.2984183986      -11.8753462137        1.0167876668
        -7.9538006404       -6.8814220699        0.3207481136
       -10.0889410852        3.8360520382        1.5604971424
        11.1259696666        7.9014466322       -3.2350728129
         0.3350860514       12.2432129594       -2.9851616616
        13.1160795503        4.5848084023       -3.1960239034
        12.1471511365       -6.9498080889       -2.7227398780
         9.6137948284       -9.8630228385       -2.5064151100
         0.5068874796      -12.6632565318        1.1855636356
        -5.3749748173      -11.2133203172       -1.8835729872
       -10.9133523809       -1.5364657624       -2.2907011799
       -10.8599604319        2.3039879460       -1.8607015573
        -0.9708127231        9.0232959719       -4.5699842905
         7.6415560514        9.5774780517       -3.2269018630
        12.9664190737        0.7329485282       -3.0868387429
         5.8965131403      -10.9022467526       -2.3654224620
        -6.4467023874       -7.7720438732       -3.0639743437
        -8.6296285486        5.4350268450       -1.5993859405
         1.2100527404        9.1278992920       -1.3327636786
        12.6433439539       -3.1338625286       -2.9293113673
         3.4176645114       -8.6361505765       -0.6859800065
        -8.7684078970       -4.7090095027       -2.7400929729
        -6.1989520599        8.3970666252       -1.3350417259
        12.1958724330        2.5793091522       -6.3713479722
         6.2840554358       -4.7029022246       -6.3222099549
        -2.8632308513       -2.4398510296       -6.2302928376
        -9.3005284802        3.8407848289       -5.0455623548
        -3.3654687041       12.5107536577       -2.4252296962
        11.9244814222       -1.2600763854       -6.2496177223
         6.2914716848       -4.4663856000       -2.5378926166
        -7.1687365245       -5.4666704043       -6.1368902436
        -4.7393813965       10.3942477785       -8.1500642744
         5.4383576248        9.5540411672       -6.4160041776
         8.7450762897       -6.8796808253       -7.9595082619
        -2.6108774763       -9.1456180615       -3.5760174653
        -9.3869021672       -2.3732082894       -5.7413287797
        -4.5914315218        9.7962200058       -4.4912473718
         9.0275752865        7.9964532502       -6.4591003438
         3.7352050579        1.1422678074      -11.9859368643
         0.9321994858       -0.6365976929      -10.0981556579
         0.6621528038       -0.4450343017      -13.7062003847
        -2.8575652758        4.1669782393       -9.2298792595
         0.7590868853        3.3000718991      -12.7381471253
         3.9109903772        1.1916691993       -8.3571874484
         6.1651531239       -4.8055799457      -10.0457727519
         2.4754236835       -5.8761860454      -10.0861434390
        -5.1851167722        1.1296901980       -9.5276114475
        -0.1349922471        6.3086671417      -10.6196045203
         6.4723396441       -0.9732840016      -10.2450751384
         5.0765490452       -7.9091986701       -7.9799522073
        -3.9993154769       -4.9357876610      -11.9345083267
        -1.8749996297        0.7949168735       -7.8363775251
         6.7290421470        2.8675421110      -10.2199695484
         6.8344210378        2.9978271948       -6.5531943494
         4.9981573200       -7.5673973303       -4.0489244353
        -2.1891360530      -10.0784703802       -8.2073412664
        -9.5102832186        4.3322918322       -8.8376601107
        -1.0501794861        9.2978342904       -8.4038331060
         6.5964922816       -0.8611556786       -6.5175542984
         2.5635677279       -5.7837746103       -6.2762097393
        -4.9058117169       -8.4909204208       -6.4074750289
        -6.1372109226        4.0722430526       -7.2332150205
         2.6531985813        7.9339153965       -8.5088512763
         9.1192132935       -3.0529636069       -8.2494297006
        -0.1105492709      -11.4013548456       -5.3773777686
        -6.2229679299       -2.1971280346       -7.9382124250
        -3.7200277037        7.0599615744       -6.9044481533
         6.2473304356        6.3791968712       -8.5019226449
        -9.4174296925       -2.2243401766        4.2092657278
        -8.2768217365        8.3760953083        7.0591363794
        -3.9232073863      -12.0219388305       -5.3458218697
       -12.6303385924        4.0700229637       -6.5770521065
        -2.0285522006       12.1616470386       -6.0395196753
        -1.9451677169        1.2368899656      -11.4849908825
       -13.6807983360        0.2297271135       -0.3190492683
       -12.9494762035       -2.0746423875        2.7379295313
       -12.8942131685        1.7858263094        3.1686037910
        -9.4478200491       -6.5701745321        7.4878693012
       -12.0120353285       -0.5071752774        6.1840741503
        -9.3486201878        1.5687690671        4.5675828388
       -12.7995459097       -5.8979869254        2.2572221186
       -12.6373974772        5.6095755085        3.5409803706
       -10.5016902650       -8.9955468876        1.8631022706
       -10.3242885951        8.7117622427        3.8000038561
       -13.5871997158       -3.6296668791       -0.7750760766
       -13.4774951212        4.0910803567        0.0842591468
        -9.0640793057       -9.9050639599       -1.5874485693
        -7.7322123348        6.9423486134        1.8357225299
       -11.4471737600       -6.8531239475       -1.2190672356
        -8.7691774383       10.2703601571        0.6400726867
       -14.2510869070       -1.3256952863       -3.8075101045
       -14.1962086567        2.5300358037       -3.3785896762
        -7.5434124252      -10.7092635867       -5.0332560645
       -12.0321163859        5.7193649246       -3.1361744057
        -9.9138370284       -7.6961797225       -4.6874958735
       -10.3420342499        7.1752398115       -6.3202161911
       -12.1778907939       -4.5501221435       -4.2794699076
        -7.1386014221       11.7183627050       -2.5292717445
       -11.7174591405        1.1660470753       -8.9827307570
        -8.2266465490       -8.4101302241       -8.0809096288
        -7.9643189469       10.2095093039       -6.0037380271
       -10.5194969900       -5.3171954628       -7.7106554559
        -6.9898835511        6.8791009179       -4.7703696219
       -11.5359761679        0.7521813631       -5.2854882494
        -2.9255403310       -2.0340517579       -9.9326366226
        -3.0206983962       -1.6086138966      -13.6093266939
        -2.8710894880        4.5973653969      -12.8568230674
       -12.7191241150       -2.1686890664       -7.2710627769
        -6.3348483272       -1.8239828343      -11.6632580185
        -6.2434289935        4.5197526916      -10.9581289281
        -5.2383401734        1.5448534598      -13.1864579314
        -3.8170689063        7.5333317071      -10.5578080953
        -8.5139003730        1.3606024765      -11.1377380982
        -4.9495796254       -8.2045615334      -10.1421955900
        -8.3901394909        0.9501092727       -7.4439217571
        -7.3367508636       -5.1634795201       -9.9498636104
        -7.1585192587        7.4268044634       -8.5490886430
        -9.6003624142       -2.0146014367       -9.5442599092
        -9.6781092931        8.8146678048       -2.8504816851
