         2.2293358678        0.5938947311        1.1345794963
         5.8574588506        0.3838858094        1.5132570217
         2.5972834127        1.7439041788       -5.1923073800
         4.3016876701        1.0825980052       -1.8718638339
         2.2181780101       -5.1834269267       -2.0843841968
        -4.5577369248        0.8636787858        2.0194107003
        -1.1070904286        0.0309523964        2.3201968344
        -2.5334277742        2.2541849062        4.9631928137
        -1.1796296095       -5.3073017562       -0.0291521611
         3.2365693156       -2.0415321701        3.3096363339
         3.8069990937        3.7433888659        1.0264620224
         4.3823294414       -2.4935334026       -0.4176179578
         2.4225585774       -5.3124748207        1.6297117540
         0.6514941322        3.2467037946        3.3749257018
        -3.4647435233       -0.5632091197       -4.1518880520
        -0.1244227194       -0.6721288387       -5.9720726106
        -0.4919228160        2.5163490054       -0.1895253540
        -5.9089366424       -0.8622094895       -1.0431691217
        -2.8159716090        4.3017356060        1.7678236913
        -3.9332136301        2.3412022497       -1.4929883580
         1.9025672699        4.0752422200       -2.3172320102
        -0.6514943614       -3.2467038056       -3.3749254987
        -4.0537383434       -3.9119653917       -2.0968113956
         0.6886664409        5.9149871798        0.8194815366
         3.0621103983       -2.0146522843       -4.0155301918
         0.7803365403        0.1635441913       -2.4442277213
        -1.8215888969        5.4637198735       -1.8912212738
        -3.7749209718       -2.9607441009        1.6065150188
         0.5912353046       -0.1599615005        5.4022846424
         0.8492875419       -2.4264115899        0.0340194030
        -3.1467745683       -1.4168255171        4.9837288593
        -2.2599471448       -0.8783285887       -0.8550426537
        -1.1888080068        2.5568888748       -4.2007121781
         3.8047439847        1.5983490007        4.3705940299
        -0.3684738814       -3.4238003719        3.3648520893
