         3.3926076894        2.9761620990      -13.3059443116
         7.9811910068        7.3551926758       -8.9404427332
        -5.3041222297        6.9974818276      -10.4843295026
         5.7101924973        5.1745531165      -11.1525283149
        -7.3814590277        3.7194108027      -10.5528277189
         0.5871398518        9.3562792956       -9.9577868072
        -9.3472890377        0.4145424525      -10.4625030900
        -3.1613361588       10.1932765903      -10.2643360940
         5.2943482248        5.3155101014       -7.4575537523
        -3.8853498416        3.8369631575      -12.2372369702
         2.0070050245        6.1984907402      -11.7085844333
        -3.5241560455       -2.5268154317      -11.9086974643
        -1.7570108236        7.0792908981      -12.0508983852
        -0.3435022981        3.9278566348      -13.7685945209
        -2.4268421108        0.6482089104      -13.8456045272
         1.0683175472        0.7795912953      -15.3885535052
        -6.6447118307       10.0723703343       -8.5892048361
         6.5704031753       10.4968602707       -7.1814826134
        -8.7422263486        6.8375859510       -8.6901685126
         1.8475342186        9.7958388892       -2.7023657169
       -10.7703690229        5.7614587271       -5.5637331880
        -0.8536681760       12.3904028231       -8.0717431354
        -8.6924086074        9.0394480102       -5.4946485486
         1.1730753179        6.4198810906       -4.2267339992
       -10.7742644993        3.5596607984       -8.7262560274
         4.5756135033       11.8996561750       -4.1948101736
        -7.6798061892        3.8474982723       -6.7466084410
         8.2210674056       10.7787897863       -3.6973231347
        -6.4914261583       12.1983028052       -5.3610051298
        -2.9121820268       13.6304642422       -5.0409805830
       -10.6137331658        7.8950148331       -2.3228954593
         0.8402435747       12.8536030630       -4.6433277979
        -9.6013992043        2.6946333942       -3.5846523802
         6.2072998921       12.0655700760       -0.6784399887
        -8.4339034108       11.1006195821       -2.2153035730
        -2.1634422948        9.7821628120        3.4836641883
        -9.4328331166        4.8049019310       -0.3882739838
         1.4205581808       11.1459397227        3.7589440425
       -10.3115680489        9.9252260164        0.9419443742
         0.4082905936       14.2116510620        1.8964296209
        -1.5104835123       13.0567700919        5.0472782856
        -5.7149757503        8.3706304889        3.1817329830
        -6.4788968327        2.9447825510       -1.6366252796
        -0.2375999270       10.9401954319        0.3283424608
        -6.8179432239       11.5142490427        1.2868315527
        -4.8951738591       12.6584082328       -1.8850356630
        -0.0136578553       -2.3460415737      -13.5036178387
        -3.5289410330       10.2859251131       -6.5593708544
       -12.5320065322       -1.4053799685       -5.3722384446
        -4.1019028658      -14.1005847311       -4.2359390449
        11.4820492321       -7.6270900849       -2.2270393786
         7.8911758985        3.6940154900       -5.0884937543
        -9.7183955868        7.1985262024        6.5273540063
        -1.9419057260       -2.3076113967       10.0776480504
        13.6793440289       -0.9109428479        6.8128217239
         4.5494701122       11.6047013655        5.7743743210
         1.0077968811        0.1953832035       15.3015359202
         4.3240778496        8.4035075459       -9.5094953073
        -4.2436930618        3.9809941314       -8.5076813540
        -7.9235708850       -5.6237545760       -7.9435489586
         0.5861712658      -10.3529854131       -7.0072750263
         5.7241476029       -2.3531189301       -6.8918705453
         1.6020271869        6.3245663251       -7.9797727815
        -6.2467246171        0.6978170910       -8.4878548716
        -2.0633675845       -8.5699528033       -9.1741493188
         1.4343145943       -7.0027353066       -5.5485878760
        10.9784573772       -2.1115323596       -6.0837695023
        -2.1374880243        7.2097113622       -8.3548406661
        -7.1521242305       -4.2910410903       -3.1423283162
        -0.3994922159      -13.1921057797       -4.5489296416
         7.8004201692       -7.8250740269       -7.2019220127
         8.3619398665        3.5072535094       -8.8616379870
         3.0000996273        3.1438420896       -9.6219928636
        -2.8039944169        0.8035641007      -10.1635403668
        -3.0719866203      -11.5048228878       -6.7805886631
         1.5699037907       -7.2776197240       -9.2743343520
         6.1253190329       -2.5391142600      -10.6425534415
        -0.7354462121        4.0905482669      -10.0891995782
        -6.9809919643       -2.6247799815      -10.1894850407
        -4.5268001925       -5.6324742849       -9.7493371034
         5.1738933435       -5.8906507949       -9.1750535353
         3.2142079014       -0.7223172519       -9.3586853229
         0.6602836015        0.9370904447      -11.7121466396
        -5.9069892225        0.5248729227      -12.1889154499
        -1.0579745342       -5.4768085840      -11.4187321957
         2.5794788263       -4.0982053736      -11.3165978698
         3.6106477576       -0.8836454917      -13.0718760438
         7.5159744469        7.4586114820       -5.2400966019
        -5.6257874739        7.0887630385       -6.6779983027
       -10.3670719172       -2.6613830109       -8.3671804186
        -5.4655825281       -8.5653782754       -7.3881850117
         8.2111293178       -3.9793965289       -4.3602142524
         3.8664262899        8.4678415113       -5.7152562774
        -6.5548258409        0.8718103136       -4.7900376010
        -6.1203102661      -10.8249660551       -4.4371171393
         3.2897788284      -12.1044081783       -4.8113655531
         5.4819853953       -5.4748286006       -2.0010971700
         2.8719833045       11.4847148829       -7.6539309883
       -12.6974302780        2.4333069988       -5.5652229286
        -8.1298509350       -7.5981843576       -4.7263135665
         9.1322618170      -10.7146355508       -1.8384693776
        10.8366279301        1.8299942497       -6.4014594920
        -7.6124377868        6.0055309423       -3.5553661233
        -7.7910087544       -9.4616353134       -1.2930816368
         1.7815566245      -13.1051745150       -1.3587139364
         8.8016305529       -1.7444446787       -1.2919838819
         2.5109881281       13.1459096076       -1.1517377521
        -9.2040560766        6.9048474053        2.8243598758
        -9.9904484875       -6.3111037199       -1.5959102215
         5.4977700252      -12.0028078000       -1.6053780043
        11.5236151391        0.1546202708       -3.0123224200
         7.9213054302        5.7466204095       -1.8053548183
        -4.4350166221        6.2170664905       -1.5479833214
       -12.3029633144        2.7977893778        1.0983999706
        -9.0019348793       -2.9575877269       -0.0139288207
        -5.6137030826      -12.6897270194       -1.0645993439
        -1.9588295102      -14.0273810138       -1.0736985650
         5.0134134686       -5.7172430328       -5.5434760105
         8.9064082030       -5.4695619839       -0.6408884057
        11.1955221988        4.0448141482       -3.2294137991
        -1.8890698593       10.6516589036       -3.1240288714
        10.6392780457        7.8000611554       -3.2865634954
       -11.9600760096        4.9179711453        4.2890542411
        -7.1274443408      -11.2163660326        2.1348986611
         3.9588353177      -12.8548563316        1.8698526072
         9.2607636073        0.4427564250        1.7852503661
         3.4908020217        9.9889553446        0.7879937339
        -7.3739762644        8.0855018229       -0.3087717348
        -8.9987460501        3.0567066496        3.0383886727
       -11.6564763277       -4.9386723744        1.5986825527
        -4.3961673476       -9.4856962686        0.2573398157
         2.3623946976      -13.5057719000        5.3273487996
         7.6348133949      -11.6020447082        1.6239837555
        10.5208865079       -9.7449433242       -5.2636152295
        12.2228533934       -1.5219331644        0.3868418998
        -1.2555033423       13.9717677484       -1.5749289884
         8.7345986272        9.1541886880       -0.2316662775
        -8.6448546410       10.2315982081        4.4184104874
        -9.3028990178        0.9255825435       -0.1719554389
        -8.3470093046       -4.6986009023        3.3610878400
        -8.6043343790       -9.6574092072        5.3362979089
         1.3492488540      -10.5301244054        3.4309104600
         6.0730092308      -12.3982940850        5.0706651961
        13.0082915972       -3.1567699667        3.8396082071
        12.7478308243        0.7008910437        3.4398914236
         6.7139341265       10.4308234120        2.8057559827
         6.2811891792        5.3213038739        4.7230495294
        -5.0958106034       11.6826120862        4.7594711994
       -11.7111839660        1.0686929314        4.5018726301
        -5.0145264780      -11.0900997518        5.4080197590
         9.2268573214       -7.1139988223        7.7653318249
        11.3376180106        4.2007345139        3.5237420386
        -2.8077801800        6.4845161479        1.9172052043
        -8.7047256935       -0.8134466048        3.2100340972
        -1.3375193782      -12.3971992566        5.4105199403
        10.8752738047       -6.3549923100        4.3209565533
         9.1312425050        7.3797779078        3.2251693626
        -3.8475697854        9.5987973632        0.0316593846
       -12.0519127491       -1.0926510913        1.3368328878
        -2.3217673031       -9.3411823929        3.4845618322
         7.4460238315       -6.4317103160        2.8008718926
        11.0142374702        6.0577774290        0.1408629154
         2.8737171946        5.3741023817        6.5601502213
        -9.6782846098        3.4058780709        6.9195981128
        -7.2839393887       -6.3584715620        6.4953359750
         6.0810615235       -6.8857197317       10.0348739840
         8.4988033772        2.1928170703        5.1020385455
         6.1151095601        5.7140404853        8.5364906949
       -11.3362362997       -2.7772410421        4.7595909332
        -2.7953994407      -10.7052488929        8.5903221718
         8.5438320155       -9.4481978833        4.7276736090
         9.4441342870        5.5054989144        6.6024891181
        -6.1856708347        8.6821000064        6.9680451697
        -7.2970264555       -5.9859443224       10.2745854008
         0.8659841415      -11.9484128767        8.5517635164
        11.5117800663       -4.0149426500        7.3280669872
         4.1345119181       13.2719062278        2.3323062808
         2.6941474841        5.7780228429       10.3291239805
        -7.1814919974        1.7185125377        9.4112195339
        -3.6987299559       -7.4109253470       10.4580061128
         6.8699333532      -10.1568632040        8.1368042004
         7.4322433393       -0.3773975613       11.2442262130
        -4.5457259856        3.7583634402       11.3495921193
        -9.7773088701       -4.1494775287        7.9111545731
        -0.0260719585       -8.7080523723       10.4567996339
         8.4117142192       -3.7834172523        9.6210311143
         3.6192640829        8.6828904813        8.0408758534
        -4.3130982825        3.5867925809        7.6771872237
        -9.9815370598       -7.9554755122        8.4724297398
         3.6519380991       -9.8789024393       10.2882015340
        10.6204929139       -0.6549408928        9.0947992750
         1.0212869788       11.3828587799        7.4295376507
        -0.9526632096        5.1117429531       11.5042950579
        -1.8145812451        1.9507908125       13.5046891006
         1.8910225183       -3.1858567990       13.7566530990
         5.1915001182       -3.5174007427       11.7764664324
         5.1793474502        2.7938757465       10.8709121058
        -3.6129139553        6.9478332513        9.3558818346
        -7.1897242831       -2.1124360379        9.8322904666
         2.7806711304       -6.5599206498       12.0708124892
         8.4714757298        2.5737384178        8.9176494866
        -0.0085804303        8.2875252957        9.4989424476
        -4.5470663382       -0.0831725320       11.7293990858
        -4.5675061281       -3.9684221922       12.0575456525
        -0.9170049949       -5.3291785247       12.1940169516
         4.2119942958       -0.0949661218       13.3059107640
         0.8086560507       -0.2873744229       11.6322389463
         6.0240951648        1.3059553411      -11.0119909726
        -3.1341939123        0.9748490301       -6.4922151700
        -4.7490133594       -5.3213990661       -5.9231078846
         4.2065583221       -9.0956983034       -7.1314910209
         5.4307611570       -2.0274388668       -3.1155896147
         0.1726954379        9.4101124255       -6.1590660881
        -9.6757735068        0.5948533643       -6.7526544756
        -2.2006901043       -8.2397132824       -5.4341240573
         8.5498468989       -4.2508772167       -8.1549236811
         5.6157058786        1.4763780182       -7.2815187413
         0.2945328919        1.1188237866       -8.0565767896
        -3.8283679303       -2.3289152057       -8.1651945156
        -1.3080767700       -5.2697228850       -7.7207073378
         2.3211714855       -3.9228280252       -7.6294534800
         2.6046738625        3.2979780301       -5.9380161977
         2.8061720826        6.7023625039       -0.7412668349
        -4.5745277694        4.1079925420       -4.7586391441
       -10.3209378712       -4.4945958230       -5.0428064454
         0.7759027150       -9.9219575233       -3.2334874249
        10.9147419937       -6.0124596328       -5.6973845194
        -0.0776857649        1.2991399489       -4.4626004326
        -7.2496920377       -2.3817672730       -6.3665322225
        -4.9749806742       -7.4570304636       -2.9181644265
         6.9353530120      -10.9399911643       -5.0428655053
         8.5673742496       -0.3932073923       -8.5843761689
       -12.3669121427        6.6521141836        0.8664297149
        -6.7106131182       -6.1126690611        0.1867931331
         2.9100849099       -9.7972823495       -0.0191542108
        11.6439753787       -3.7725036855       -2.6631273571
         5.5171031555        8.7521687637       -2.2220908263
        -5.4732058501        9.2173622832       -3.4446894260
       -12.5092643759        0.6765949827       -2.1258614311
       -12.1905613469       -3.1756126578       -1.9032244129
        -9.4202352182       -8.0721423291        1.8873186085
        -0.7793189445      -10.7849683394        0.2631564173
         3.9919238667       -6.4277097585        1.2950219552
        12.2883861328       -5.4053309448        0.8186293445
         8.5187911128        2.0501914786       -1.6319355874
        -0.8822332486        7.6456860742       -1.2193362043
         4.8056152194        5.4383525869       -3.7424836242
        -6.2755370093        5.0400703116        1.5538491691
       -12.5812587910        4.5510396339       -2.3529725594
       -10.9383820910       -6.5813176525        5.0853476732
        -4.6222485289       -4.3733838192        8.3407740856
         0.2047698675      -13.8222542253        2.1343602586
         3.4865927554      -10.1833415493        6.5797734493
         9.6320292905       -3.3014632281        2.3992616708
        11.8638248929        2.3740712199        0.1309215319
         0.7458995776        7.8617516587        2.2008734070
         5.9775737532        7.0806691067        1.2576390643
        -3.2241952773       12.9498663424        1.6059166672
        -9.6621763209       -0.3842350374        7.3271969795
        -3.5092601806      -12.6557039732        2.1879397406
        10.0794956925       -8.5886973240        1.2446068559
         8.2380088935        3.9889840178        1.6449300093
        -2.5922124925       10.0767977751        7.2526154555
        -3.9829047696        3.4120255172        4.0046900171
        -5.9282769536       -7.9670008420        3.3903366566
         5.8422429354       -7.1947474635        6.2269662959
        10.2574238446       -1.0518125096        5.3960205054
        -3.2432696411        6.7406394890        5.6510005232
        -4.6337963384       -4.7247491259        4.5685510775
        -0.1394208967       -8.9775283522        6.6438174400
         8.1304019234       -4.1549605994        5.8322582317
         7.0496657337        8.6320633247        6.2177401112
        -0.6793639535        4.9401805637        7.8879218174
        -4.3782173326       -0.3045631336        7.9884109670
        -1.0195712596       -5.6941633254        8.4702851857
         5.0173245466       -3.8962927282        8.0478113302
         5.2090289286        2.3946877120        7.0746375777
        -7.1824949826        5.5387357018        8.9968758333
        -2.0541225430       -2.7277520362        6.3803966153
         2.6375616268       -6.9165394632        8.3720027266
         7.2266740550       -0.7643416458        7.5863453111
         2.0314471077        2.1262926435        5.0553122291
        -1.7350891731        1.7483641475        9.8736985758
        -1.7938431079       -1.9095041617       13.7689030524
         1.7589578275       -3.6102180462       10.0832788296
         4.0476946316       -0.5518428501        9.6646769901
         1.8964605799        2.5108202410        8.9391026823
        -0.3526716062       -2.1828060113       -9.8334614679
        -1.1091379097        4.2339558283       -6.4137835235
        -9.4381149604       -1.1693452887       -3.4115320368
        -2.8368472167      -10.8770625837       -2.9148565438
         4.4130788647       -8.8228684976       -3.4149670702
        10.5540979741        5.7245720429       -6.5914741567
        -6.8149629064        5.3201231681        5.2966048208
        -6.4344441833       -9.3730441924        8.5635643740
         2.4615946831       -7.1933425781        4.6603150868
        11.6918435766        2.3022232411        6.8412079104
         3.8954483116        8.3254427343        4.2603264320
         1.8835510897        2.9728253897       12.7794344172
         2.1450816712        3.4583340773       -2.2883290362
        -4.0595556303       -2.0811062232       -4.4178861666
        -1.4654838836       -4.9835425804       -4.0380038255
        -0.6136864298       -1.9799760859       -6.1955079613
         2.8632057645       -0.4889876341       -5.6325424171
        -2.5070309206        7.3046767615       -4.6464198126
        -3.3993629128        3.2258821316        0.3101374686
        -3.9567729960       -4.0322101903       -1.3414498757
         1.9445260606       -6.6580731034       -1.8770012125
         8.1387951227       -0.1509246838       -4.7944328950
        -1.1966887535        1.5412429810        2.6662948290
        -6.0494439210        1.1651621518        1.7016997950
        -5.7644579595       -2.7355675979        1.7586149771
        -3.2210993672       -6.2779880907        1.4728454012
         0.3528383138       -7.5144333777        1.5454275575
         6.5616139325       -8.5889417946       -0.2372340110
         3.6126251175       -1.2221584050        2.4915350522
         5.8065697377        0.1653145901       -0.0153910217
         2.3647674878        1.8767903546        1.2871037625
         3.1524536861        5.0714495932        2.7800203965
        -0.3567789378        4.7635422068        4.2677406058
        -2.0860353939       -3.0776275190        2.6435919676
         1.4472427136       -4.2342780279        2.7604108007
         4.7724271353       -4.2295823759        4.3025073643
         5.1513797101        3.7412573598       -0.2659785506
        -1.5260513978        1.6093288155        6.2644595797
        -6.9017117698       -2.3706286098        6.0323923764
         1.6157651879       -3.9578316556        6.4116292008
         3.8330310368       -0.9134580500        6.0634031283
         0.3767214098        8.0797293825        5.8575202457
         2.1059561017       -3.6413692286       -3.9690289102
        -1.5077419027        4.3887448359       -2.7749602981
        -3.5039023471        1.1549617189       -2.8599506098
        -1.6469079378       -7.6690257753       -1.6116220143
         8.0040326807       -7.5959534870       -3.5954721488
         5.2343815992        1.7393804690       -3.5227666596
        -6.8114202991        1.4554297964        5.6267592355
        -3.7476322032       -7.7070204526        6.6410753834
         5.0460499243       -9.4280022975        3.1733569203
         6.9007114023       -1.1753413384        3.9392960636
         5.3931644988        2.0469657044        3.2517009411
         0.6488039815       -0.7121942554        7.9993229755
        -0.8628198158       -1.7239351108       -2.5988655920
         3.0182956405       -3.3400502663       -0.4904484084
         0.0925421060        4.6493482530        0.6631505560
        -0.5265113606        1.5243394448       -0.9349367607
        -3.1917132517       -0.6840959215        0.2641074426
        -0.5038707235       -4.4868091093       -0.3962857556
         6.3043849240       -3.3422009352        0.9599370606
         0.4286298647       -1.2624642201        0.8523908385
        -6.3099929802       -0.9459620383       -1.5420326307
        -4.0026352812       -0.4675534011        4.2362081225
        -1.1157353790       -5.9875557044        4.7076410144
         0.4580177059       -1.0603631432        4.4282369052
         2.5705894085       -0.1408200112       -1.9654710349
