        -2.4611506178       -0.0147251360      -15.1469497010
        6.4613165488        5.9208383255      -10.8662686880
       -6.8108375833        7.2169421475       -9.4706475869
        3.5218951465        3.9849535074      -12.4282146999
       -9.1855724691        4.1916413342       -8.8388777998
       -0.7133290276        8.8539671548      -10.4440536623
      -11.4186331728        1.1426226004       -8.0993756246
       -4.3325360859       10.1470955175       -9.9676942830
        2.9064758366        7.4482502703      -10.7681724033
       -6.1829277974        3.8241650218      -11.2721555970
       -0.0852156858        5.4514681160      -12.2451006158
       -8.4644795803        0.7549260795      -10.5259962960
       -3.7177522739        6.7911281240      -11.7948639044
        0.5366148157        2.0049366035      -13.8819617625
       -5.4574052951        0.3734533904      -12.8680205950
       -3.0893746187        3.3927463301      -13.5421090997
       -7.3465988525       10.5199740084       -7.5289007538
        5.8418212079        9.3259393247       -9.1226325588
       -9.7348706079        7.5346988672       -6.9245741378
        2.2672067735       10.7711054221       -8.8393962780
      -11.0877392042        6.8175210419       -3.3446227019
       -1.3353750100       12.1387047368       -8.4875302329
       -8.7145515346        9.8469733502       -3.9699947712
       -0.2446924643        9.1214925099       -6.6584932991
      -12.0412339069        4.5003643486       -6.2669560192
        4.7652922751       11.0994218414       -5.8706733407
       -8.5528209110        4.5395424715       -5.0874340262
        8.2849446480        9.5636352032       -6.1197660615
       -3.8105515595       10.4026762326       -6.2505978582
       -2.4962042389       13.7459643225       -5.1351081721
       -9.9539405188        9.0366977794       -0.3658473446
        3.6075457871       12.7008761181       -2.5242872914
       -9.7579316254        3.7294089036       -1.5348848951
        7.1665700523       11.1584405920       -2.7975716069
       -7.4672273532       11.9734995008       -0.9633978120
       -0.0504238196       13.9777217975       -2.1450562838
      -11.0508852468        8.1187920989        3.2073735491
        3.3462694908       10.9715159533        2.6217414604
       -8.6603802343       11.1144292777        2.6138117105
        2.3904176487       14.1010348739        0.8518162823
        1.1228595095       13.3258396448        4.4342082791
       -1.6251463159        6.8632560751        2.0230715571
       -7.4995801989        7.9969219773        4.2792449526
        1.0112045759       10.9086497983       -0.3584001879
       -5.0398088763       12.3064676727        2.0619487227
       -3.7952795956       13.1194574980       -1.5423972736
       -4.9136251166       13.4144933749       -8.0743782855
        0.4485171798       -1.8633571707      -13.6129807011
       -6.2109288876       12.7431125799       -4.5430898560
      -12.3752081472       -1.7136959822       -5.6927892833
       -3.0283397124      -14.1946690988       -5.0707712814
       11.3967330040       -8.9656859611       -5.1448903809
       10.4925372115        6.3960019833       -6.1496112248
      -10.1442789876        6.5536068617        6.6187269657
       -9.8787146056       -9.0187091171        7.6438001351
       13.4555480980       -0.5466608307        7.5142791476
        3.9875832072       11.5663983548        6.3352817521
        0.3080976778       -0.5820477370       15.4210712581
        3.9267706973        4.3854410630       -8.7291736776
       -5.6586117261        4.1992988645       -7.5765980015
       -7.1116702197       -5.3680576363       -7.9132681204
        1.5387810087      -10.0113635829       -7.4333412954
        8.3482359634        0.6786867010       -4.0220323740
        0.3635078462        5.8128437271       -8.5453997766
       -7.9150465427        1.1406957619       -6.9011211077
       -4.6747490322       -8.4184952593       -7.6437884516
        2.4428589485       -6.6994782629       -5.9097927910
        8.8881675162        0.2093694620       -8.1879760181
       -3.2311652375        7.1401897457       -8.1289023491
      -10.2409842558       -5.0381315503       -5.6780067124
       -2.1188366876      -11.2166623543       -7.2834916764
        8.7947720941       -7.3712711995       -7.4214231583
        9.0356093372        3.9504446200       -8.7697507950
        1.0349292077        2.4020288792      -10.2203581145
       -4.9448640521        0.8256197000       -9.2596696564
       -1.1881458709       -8.1414713520       -9.4372668454
        2.4546623993       -6.9183783595       -9.6334513432
        6.1647600113       -1.8034209152      -10.0348904643
       -2.6090761560        3.8119453222       -9.8968990187
       -6.2996740485       -2.4817687249      -10.3351956207
       -3.8733606353       -5.5427869701      -10.0168805008
        6.0832539398       -5.6213071389       -9.6195525469
        6.2486153450        2.0295422729      -10.4649673072
       -1.9080266366        0.4641883415      -11.5138368062
       -3.1964710128       -2.7602775496      -12.5373639754
       -0.3312494409       -4.9973161688      -11.5310757267
        3.3011461842       -3.7589619477      -11.7166314782
        3.3895799786        0.0852913053      -12.1030628131
        6.8122874244        6.3191625006       -7.1586378458
       -6.2287323870        7.5125300417       -5.6998419647
       -9.3928011777       -2.1494736162       -8.0810527123
        0.5876269799      -12.9764510287       -5.1385779816
       11.3286865464       -5.1538660804       -5.3855002716
        3.3069691885        7.7424166964       -6.9726618618
       -7.2530648857        1.5275992227       -3.3055525462
       -7.9244001438       -8.2505061503       -5.5102664426
        4.2212156463      -11.6952955343       -5.1796097762
        8.8324541081       -3.5731564288       -7.7816868410
        1.1484591610       12.5084951999       -5.5429196314
      -13.2296373308        3.6619183402       -2.6757614295
       -5.5127842668      -11.3178360441       -5.3037748073
        9.8366544143      -10.1167641166       -1.8630205446
       10.8832846545        2.5703229508       -5.8080830074
       -7.5313958669        6.8008956508       -2.1433163519
       -9.6654627491       -6.9382149262       -2.3372406916
        2.6128255782      -12.8972684834       -1.8580580044
       12.0146879710       -3.0355508599       -2.2382351433
        2.2102953344        9.4236353647       -3.7068788361
      -12.1929573641        2.0585885835        0.7490800652
       -7.3217187466      -10.0637702675       -2.1337638200
        6.2629287666      -11.5761882181       -1.8810429394
       11.8619894026        0.8648478905       -2.4691820185
        6.7970731884        6.0402244478       -0.8456732041
       -3.9578802926        6.6920447109       -0.9478784894
      -13.0273353251       -0.1628556853       -2.2045022337
      -11.7858312149       -3.6973692639       -2.4399496857
       -4.8061346080      -13.0068627370       -1.9033808180
       -1.0691145198      -14.0677749433       -1.8018869267
        7.8411894741      -10.3696282991       -5.1879482911
       12.0056929863       -6.8982310932       -1.9948314784
       11.5469739943        4.7333872823       -2.7223376156
       -1.3979087176       10.7228924514       -3.3205606062
        9.3867560788        7.9255355759       -2.8041605054
       -8.6995542218        5.8889278374        1.4189290670
       -9.0012198521       -8.7243982669        1.0752749753
        4.6090966920      -12.6556092591        1.4614711673
       12.5886581697       -0.9170042846        0.9379368054
        4.5684914399        9.5012111398       -0.6748382475
       -6.3173196510        8.9250513825        0.8036340936
       -8.6250719429        2.1706449139        2.1014024249
      -11.2103558947       -5.5625028493        0.9083582475
       -3.9101297824       -9.7291859081       -0.4279377157
        0.9174875448      -13.8542706722        1.4991879223
        8.2100680679      -11.2117050399        1.4584987440
       12.5622700776       -4.7915181297        1.1826451212
       12.3657641961        2.9508980260        0.7247859945
       -1.3330402444       13.3091573838        1.4708199138
        8.1063654904        9.3574032917        0.5115939471
       -6.1956595163       11.2489046234        5.6020000645
      -11.2633404869        4.2988407494        3.7167785277
      -10.5886482644       -7.3204771581        4.2966877281
       -8.2316508569      -10.3874048103        4.4843119706
        1.7963082007      -10.5538173297        2.9685468557
        6.5358907543      -12.2434282451        4.7736098478
       13.0631191029       -2.6742370532        4.3637426476
       13.0081514826        1.1797967208        4.1496503169
        6.7711381866       10.7168556023        3.7841804086
        6.3455928105        8.5469764969        6.8162735809
       -2.5499077392       12.3447594034        5.0490877466
      -11.2327587057        0.3657274886        4.0772718628
       -4.5763547470      -11.5993880578        4.6400296670
        8.8389395704       -9.1542144766        4.6887084759
       10.8380889213        4.3156521418        4.0303646510
       -3.8860448150        9.0915943176        3.7689890413
      -11.0068859887       -3.5398805435        4.2824937521
       -0.8481624946      -12.6679435825        4.7429030885
       11.0175958276       -5.9417208940        4.5507057628
        8.7145615279        7.4685899071        3.9075621787
       -2.6685912972       10.0309611462        0.2484886487
      -11.9248733511       -1.8561431894        0.9991484890
       -1.9373460689       -9.5831436199        2.8911505206
       10.4923301516       -8.0729912598        1.3496394846
       10.2348615614        6.1435916046        0.6173243060
        3.1306671152        8.6730587541        8.8878835691
      -10.3356010351        2.6316135405        7.0653289770
       -6.2428839102      -10.1516163243        7.8110489311
        5.9959039895       -7.0027461840        9.9651001554
        7.8419047109        2.3157222014        5.6478707622
       -0.7316451279        7.1930080445        5.6212254061
      -10.2920495241       -1.3200132168        7.3955086564
       -2.5427873052      -11.2356515865        7.9270152757
        9.2544784110       -6.9552729063        7.8576536539
        8.7623131159        5.5310485555        7.1491460327
       -6.8497569052        8.1765954564        7.8416415464
      -10.1383582003       -5.2204863569        7.5945320755
        1.1737667357      -12.2559218245        7.9983700699
       11.3987834452       -3.7513258278        7.7056819335
        5.9703254129       12.6482323864        0.5416274890
       -0.5082769888        7.4823454733        9.3404551744
       -7.7576147677        0.8219467040        9.3447808089
       -3.7218862340       -8.1061196322        9.8993201930
        7.0566474232      -10.1210489034        7.9649090633
        6.9563711968       -0.5496388250       11.5856568516
       -5.0666928065        2.8877867698       11.1603921835
       -4.8465929728       -4.8338229754       11.6555750539
        0.0095330984       -9.1754752463        9.9992810800
        8.1707436579       -3.7915997493        9.8283408563
        5.5470634820        5.6484157403        9.2596076423
       -5.0186159032        2.6873297923        7.3909100097
       -7.3972827407       -6.9510004881        9.6881995745
        3.7425853145      -10.1292452880        9.9583043879
       10.2372886830       -0.5475135518        9.5658508908
        0.3453306266       10.5261756461        6.9728704719
       -1.4180095957        4.3342770437       11.4885406783
       -2.3859105983        1.1584772902       13.3472062279
       -1.1412363722       -5.9729963341       11.8637208020
        4.8464130232       -3.7972718257       11.8315480291
        4.6575677385        2.5768582891       11.5151208736
       -4.1367389136        6.1920266985        9.5861018705
       -7.6477831310       -3.0798391252        9.6212758732
        2.6093934835       -6.9710867298       11.8563582470
        7.9384400254        2.5637782772        9.4794512906
        2.2490519748        5.6058040945       11.2424873012
       -5.0494778344       -0.9560926973       11.5309926506
       -2.2686970026       -2.7069496428       13.5735125629
        1.4620164454       -3.7747077502       13.6863575300
        3.6455034962       -0.5623079158       13.5585262491
        1.3091564668        2.5070331108       13.4319721066
        3.5704854063        0.3069718942       -8.3620894126
       -4.3915545458        1.1790430905       -5.6944703464
       -3.6900270558       -5.1361351280       -6.2493857526
        5.1830697580       -8.7337636536       -7.4928457755
        6.1549021983       -1.5340775051       -6.2333524707
        0.8118002712        6.1008275008       -4.8067985327
      -10.7436154705        1.5114990244       -4.4687751245
       -1.2216611174       -7.9149045135       -5.7801306265
        6.0736036747       -5.3940777169       -5.9031342935
        6.3205049008        2.2958850660       -6.6516887572
       -1.4025847952        0.8798740892       -7.9126961451
       -2.8432655186       -2.3016939716       -8.7165816824
       -0.2639714648       -4.8172909873       -7.9048559373
        3.4141175272       -3.5831827194       -8.0373446897
        1.4960117401        2.8142251532       -6.5487560651
        5.7669492467        7.9453548569       -3.9425208996
       -5.0687186629        4.5175874477       -3.8678170722
       -6.9069631270       -4.9736186096       -4.1015450902
        1.4850624787       -9.7031685053       -3.6440858077
        8.5386310324       -3.1880217538       -3.8634602990
        1.8834577905        3.1635243481       -2.8355061681
       -5.9647033862       -2.0821585061       -6.5540529087
       -4.5916577528       -8.0524922758       -3.8581740523
        5.0857642114       -8.4066501212       -3.6788573565
       11.1666326183       -1.2924997172       -5.5777347006
       -6.3168818880        3.6787999531       -0.3977176987
       -6.3325653171       -6.7411900542       -0.6728736603
        3.4847967793       -9.5669809693       -0.3622351663
        9.2064494228       -1.0717832543       -0.7016872405
        3.2039233825        6.3318406177       -1.7774235299
       -5.0957798666        9.7258537980       -2.7292555631
       -9.4343746415       -0.0024744674       -0.9126960228
       -8.5214055225       -3.5797143486       -0.8518900363
       -6.5372365719      -11.7185254895        1.2901261898
       -0.1764265994      -10.7968400367       -0.3109650686
        7.0735189063       -8.1688712095       -0.3499069576
        9.2400996879       -4.9488027148       -0.4762712073
        9.0098850452        2.8182434635       -0.8504378263
       -0.3233326586        7.6732235384       -1.5266128288
        4.2979229758        4.7410504780       -4.9881026429
       -5.1785971594        5.7880791787        2.4755775775
      -12.2030124706        5.9131078973        0.2690821279
       -7.9419981281       -5.3402002878        2.5503977176
       -4.6433468893       -5.1318562476        4.1861749603
        2.8996277021      -13.5617311700        4.7932292417
        2.6573174572       -7.2269264181        4.4145445959
        9.7704784712       -2.8443796897        2.6751606422
        9.7137007760        1.0250326945        2.4956774363
        1.9586583926        7.7784508471        1.4410092130
        5.3931367343        7.4342952504        2.3987448603
       -0.2469270927       10.0967692393        3.2511843233
       -8.4285737601       -1.6298277610        2.4339523560
       -2.8478345179      -12.9104631813        1.4215967123
        7.6802105401       -6.0887037290        2.8475441479
        7.4986581682        4.2036939200        2.4300398367
       -3.2795786498        9.3753532915        7.4417936931
       -5.0913207671        2.3404890981        3.6020968261
       -5.6016724098       -8.4306877524        2.7498549014
        5.9574320870       -7.1083325045        6.1458562973
       10.1757557319       -0.7383448156        5.8075570533
       -4.3309706480        6.0164705147        5.9478050381
       -7.5433655454       -3.2848328380        5.8251392356
        0.0666093026       -9.2468812379        6.1778368999
        8.1098679166       -3.9374840173        6.0126048263
        5.4092808101        5.3226497971        5.4288920743
       -1.5079795574        4.1452929003        7.7901676815
       -4.9987481324       -1.1436165469        7.7801805955
       -1.0929034131       -6.1163508296        8.1132407813
        4.8506391987       -3.9556300550        8.0852275748
        4.6063104157        2.3637703814        7.7593072409
       -7.6641742283        4.6690417614        8.8981788583
       -2.1870606222       -3.0633920310        6.1644192295
        2.6382626543       -7.1169464170        8.1412969504
        6.9426965873       -0.7361918035        7.8736481331
        2.1496579090        5.3816340786        7.5410852938
       -2.3438600610        0.9822070208        9.6140167357
       -2.2294515296       -2.8904339589        9.8696837606
        1.5023798497       -3.9540934353        9.9870653012
        3.6708681004       -0.7328144066        9.8581908700
        1.3000664245        2.3283209238        9.7468686244
        0.7067443792       -1.6622440090       -9.9899698699
       -2.1230577366        4.1534778087       -6.2527967317
       -9.0411618007       -1.7743412122       -4.2733370983
       -2.1510513070      -10.9254163305       -3.5713494026
        8.6235724709       -7.0278476762       -3.6408154089
        8.0831795211        4.5718957457       -4.1500970528
       -7.6747031553        4.3861351813        5.0893692978
       -7.2530092022       -7.0518029903        5.9278435174
        3.7598048620      -10.2372086061        6.2356236064
       11.1583267836        2.5011717251        7.3599975906
        2.9111700138        8.3111333907        5.1618960004
        0.3646171070       -0.7552088928       11.7231901165
       -0.8789894398        1.2209115364       -4.3727554761
       -2.6038310582       -1.9162000887       -4.8438037696
       -0.2364580192       -4.6266422153       -4.2703317325
        0.8384158300       -1.5158334766       -6.3766255841
        3.5539458782        0.4849081829       -4.5925461135
       -2.7101762049        7.4041622126       -4.4345696903
       -2.9148924960        3.5807134400        0.7546259916
       -3.5990049919       -4.8271327222       -2.4622324587
        2.3722781479       -6.4246826003       -2.1528963590
        5.7832424726       -1.2104109951       -2.2597945660
       -2.4177682137        0.3668365499        2.1893475043
       -5.8268044428        0.1640182092        0.5547182613
       -5.2591287551       -3.4283085384        0.7535850476
       -2.9768645210       -6.4644864288        1.0171708309
        0.7108382669       -7.5204913757        1.1536995135
        4.3225029362       -6.2038378387        1.1462977898
        3.6714965300       -1.1150327615        2.5215912418
        6.4121914325        0.8898470784        0.9367289277
        0.6232968189        4.6243230883        0.3377228645
        4.1372894084        4.0476860459        0.9433459464
       -1.6530250918        3.8516698314        4.1267075095
       -2.0708702701       -3.2405155349        2.4851319055
       -1.0170841363       -6.2296790224        4.3356229673
        4.8257121815       -4.0974922270        4.3224743166
        4.4753116075        2.1034955747        4.0072950607
       -2.3519166503        0.7298753997        5.8703290900
       -4.7836894811       -4.9899697820        7.9428632740
        1.5257165368       -4.1135479211        6.2934658110
        3.6509566393       -0.9193512674        6.1729099784
        1.2115625903        2.1092228313        6.1015346686
        3.4378591832       -3.3964075293       -4.3491233048
       -1.6146946416        4.4224483521       -2.6283334642
       -5.7737018295       -1.7341056761       -2.7288601180
       -1.2340310803       -7.6825712904       -2.0984866314
        5.8987544439       -5.0834631303       -2.1149082634
        5.6124345926        2.6898061203       -2.3016347617
       -7.6910190613        0.5623128215        5.5370728512
       -3.6184707742       -8.1940773308        6.0795300760
        5.4375581662       -9.2333024330        2.9495107253
        6.8946351957       -0.9233464089        4.1552843087
        1.9502596408        5.0775795680        3.8626666233
        0.3791861302       -0.9542537911        8.0501421168
        0.8514150984       -1.4296802340       -2.7644698252
        3.2097319853       -3.1820298814       -0.6159698585
        1.1089780098        1.8426466705        2.4968097809
       -0.5157716312        1.4298198541       -0.8159207265
       -3.8411041013        1.4795147469       -2.1571033477
       -0.3404493321       -4.4953365806       -0.6396787517
        6.4691241295       -2.9974913180        1.0329343662
        0.5178038921       -1.3888355292        0.8813387341
       -2.5714868113       -1.6542337209       -1.0643491725
       -4.9796159644       -1.4271782392        4.0035813650
        1.5789933788       -4.2828843091        2.6332018420
        0.4075951939       -1.1513930316        4.4370470870
        3.1265037690        0.7288069065       -0.5664588729
