         1.7694063942       -9.4333113971        9.8337141529
        -5.9516006086       -4.5750816349        5.6968877262
        -0.6122368734       -0.4656010711        6.5197861871
         5.9296677719       -1.9093485232       -6.6411891724
        -2.4914612396       -2.5343870419       -6.2625534016
        -1.9121417992        2.9218123059        7.3819691033
         3.3187507643      -12.4847368161        8.2358300847
        -0.8210332256        2.2855245261        3.9878647980
       -11.7651952916       -0.8796238483       -5.8863128904
        -4.9589857028      -12.1831258863       -6.6331336044
         0.5559769274        7.7435898401       -0.4603000109
         3.1227243524       -0.7739873434        5.5213583956
       -11.5933507676        1.5637160952       -2.9637346424
        -5.4505626210       -7.4420938298        8.1716065495
         4.1087145614        8.7437224074        5.7917103427
        11.5966733386       -9.1257088152       -4.1764119949
        -8.8884181290       -4.3401590511       -3.3385345427
        -4.8942698941        5.0852028736        7.8584480375
        -8.9198011582        0.4706255960        3.0504763285
         8.9240750134       -4.8707273091       -0.4161054110
         8.5048072106       -0.0562146043       10.6441286609
         6.2856977532       -5.9298673354       -5.9512046930
         4.2692347069        5.4091635915       -6.3219258264
       -10.8014848775        5.1882659200       -3.6872874627
        -7.2889811834        0.4331937109       -6.9960074691
        -6.3240294235       11.4964183909       -3.4106351438
         1.7061263778       14.5836448717        2.1367927726
         7.1005312978       -5.8233033455        7.9255394623
        -1.2980910888       -8.9473878678        5.3299045099
         9.5448345875       -5.1921216887        5.0028124629
         9.6284601693      -10.1325877159       -1.0542600881
        -0.3800371366      -11.7481068798        7.5941688613
        -9.1888088605      -10.5277302956        2.5615806426
         1.0806021072        0.4997634693       12.6517431053
        -1.5020613451       10.5417292735        3.6153457712
         5.4617384899        2.3246452410        5.6555033677
         0.7515038733        6.4484872531       -7.5413402688
        10.9689289206       -1.5258561214       -4.9658584150
        -5.6707416098       -0.1916298015       -1.1187587823
         4.5958565893       -4.9621813124      -12.2576339865
        -7.2892928576      -10.7846956806       -3.8743095681
        -5.9236082748       -3.8528301122       -1.3092685116
       -11.9417917805       -1.3015895825        4.1910608636
        -8.6767201120        8.4146044279       -3.6285179257
        11.8174784274        5.6841951157        3.6279249493
         0.3919609597      -13.9480201017        1.2722327664
         5.1194950202       -8.8252518852       -3.7075376489
        -9.6834606971       -7.8231220147       -4.6809778848
       -11.1674029626        7.7057952214       -0.7725277933
         5.8497327600       10.5225165163       -6.2966484060
        -0.3483682846        7.0644512844       -4.0823670291
        11.8337279767        1.8639387125        4.3251612772
        -3.6711432153        0.3629340300       -8.2803733280
        -6.3678559109       -8.6843584972        1.0321671359
         1.1838128171        3.6404649712       -5.0921468928
        -4.7556491757       -1.5267184722       11.2780585461
         5.1771652160       13.4726250004        3.4818947747
         8.5854974202        0.1910376680        5.3924303330
         2.5555438259      -13.2337906725       -1.8841608291
       -11.8759748743        0.1561824236        0.6215419692
        -8.9136055001       -2.8891050310       -6.8498886280
         6.1719358300        7.7091465606       -3.8836061147
         0.0138610485        4.3399423733       -1.7241314100
         7.3974795670        7.1596257378       -7.4691497229
       -10.0618983489       -0.0494546097       -9.3005334437
         3.2061760594       -0.5561540115        0.5676802591
         2.1420512600       -3.4357967423      -14.7645650592
        -5.6998396539       -5.1883721505        2.1771508542
        -1.8687084672       -8.4787755181        9.0602744493
        -4.4658611822       12.7431120573        4.0199077538
        -7.6840070561       -9.8749979313        6.0919031576
        -2.1975988494       -6.1598669702        3.0321530177
         2.0350883202       11.6759221361        4.4964478318
         6.2754063098        1.0755387730       -0.6875186860
         0.2681756128       -6.0868772788       11.2113965586
       -11.2518065646       -8.8724287380        5.3186611399
        -8.4632728899        7.9837859563        1.7728347866
        12.2363330611        6.9648010339        0.0204309592
         0.6897756275       -3.8321437038        5.3515822856
         5.4274891143      -11.7637641588        5.1754822920
        -3.7574809446       -2.1933780895        7.7779519593
        -8.4711992970       -7.0264166297        3.7063839762
         2.2636276523      -10.8985926299       -7.8243493245
        11.8310223207       -6.9483865063       -1.0992614879
         1.7181723810        0.9308394287       -2.6361045721
         6.4274650175        4.8857055268       -1.4301649462
        -2.0530287517        7.1302765619        2.2948290527
         8.5358543599       -7.2762714300       -3.2019063161
         5.8985617306       -0.2073302238        2.9527296262
        -5.5688816920      -11.6186988194        3.3565377371
       -10.1037587214        1.0871986317        6.6308485331
        10.2041439754       10.0055442830       -1.2336390884
         3.6654048134       -3.3888907803        3.0425481868
         6.6916582752        7.0869291533        3.4602033435
         5.5348202174       -5.3958409159       -2.2776428423
        -2.4714057148        6.9870134537       12.2476267802
        -6.0096958323        5.7423392625       11.3100639012
        -1.8818199916       13.4927462913        1.2199982586
        -2.4353618167       -5.6133887377        6.7064431370
         6.0509813893       -2.7426977995        0.1352240244
         5.2203809404       -9.1384316109        8.0309012853
         4.8183305587        0.2054649781       11.7107670148
         0.0656194528       -7.6933575975        0.2929427520
        -4.9061175370       -8.0482955238        4.5300482385
       -11.7899787546       -6.1726722923       -1.8505200962
         9.2016220119       -1.0402753193       -1.1331361339
        -7.9893794586       11.4781956109        3.0927545478
        10.7841272314        6.0270096567       -6.0100111569
         5.8554273950       -0.4286972649        8.0674872081
         6.0033402683        3.6035714107        2.1452616126
         7.5461214303      -10.9891870634        2.0755568116
         3.3773116475        3.2446355457       -0.3718377083
         1.6069052198      -10.2706275715       -4.1114872736
        -2.5276430657      -15.0003837178       -5.7652245809
        -0.5845890046        3.0387357157      -11.6957836933
        -8.1646810714        5.5142769208       -1.1642150116
       -11.7462235475        6.4397915820        2.9051863101
        -5.8393772429        2.1848847869        1.9546971316
        11.6061166186       -1.9478666921        4.9731671458
        -6.2201197505       -6.4141697789       -9.8568151634
        -3.3485621336      -13.1632760951        0.5570908473
        -7.7540772761        2.9934622797       -4.0832038342
         1.8654318046        5.8268244172      -10.9802778104
        12.3879049274        0.6609966849       -2.2286867269
        -1.3972054510       -3.4429562327      -13.4207309015
       -11.8522852366       -2.2994995477       -2.3495984468
        -8.6738826997        1.8542569393       -0.5560386198
         2.8618946679        1.9741533724        3.1585388895
         4.0273647715      -12.6088913281        1.6649788219
        -9.5097400657       -9.2338267676       -1.0654020091
         0.4040522683        9.2520077550       -9.9532585032
         3.6920386002        9.5240513397       -1.5409386576
        12.2611638451        3.1645403147        0.7101017836
        -1.9712783690       -3.0312383206       -9.8161414632
         0.4810112290       -2.0996612933       -4.0142807045
        -4.1869902917      -10.2029793594       -1.7113206463
         4.3758327624       -6.2872148393        5.5578420543
         8.6697341534        3.9932974211        4.6646393505
         4.6157828004      -12.2456822417       -5.0301844369
         0.4801122727       -4.2521922532        1.5817333173
        -4.6227605761        0.9025688536       -4.5958405389
        -8.6872572928       -0.5420398375       -3.5694071895
         4.5191332513       -1.1489284277      -12.9248898103
        -5.5044389438       -2.9423880840       -8.4104937416
        -7.0116374463      -12.1050484181       -0.2275792408
         0.7394301611       -0.2068643700      -13.1954329243
         5.3806682685        4.7707614589       -9.8238116856
         1.7657416373        2.6200677383        6.5851438854
        -1.6055283819        0.1713477999        9.9748872904
        -0.2096961951       -3.2643591007        8.8926405271
         7.0504999614        3.3572222731       11.7032553076
       -11.7607628618       -5.1714500113        4.7650419239
        -2.6835241231        0.8572356048       13.4157533455
        -8.9956184900       -6.4016229326        7.2324118846
         0.3555312342       -1.0366943398        3.0853694944
        -6.7335222418        6.5621803756        4.8403680155
       -10.0025326098        4.9479194377        6.0092219338
        -2.5784940167        3.7459099032        0.9696532122
         9.7105316189       -7.7437590050        2.0020241836
        -3.5608119227       -6.7913205699       -0.4388472418
        -3.9181348065        0.6488997080        4.9533905239
        -5.4967820940        5.8475883966        1.3615973186
        -0.9662175288        0.7574797188       -5.6777080727
         6.1367906019        5.7321222038        7.0248439602
        -3.3207628431       -5.0260544153       10.2902678348
       -11.5982147943       -7.5767184286        1.7354782677
        -1.2041951265       -2.6181477507       12.4108832631
        11.2200824444        0.5951369115        7.9160533652
         9.1518645568       -2.6093792528        7.9105022833
         1.1580685572       -6.6265748843        7.6013610700
        -8.1036190916       -0.3757680355        9.5740837707
        -3.7685189209        4.4112894961        4.3909920865
         3.3307020267        3.6643842862       12.6507204308
        11.8100732561       -4.5026504269        1.9614111667
        -6.9533827765       -1.0375826310        6.0402091370
        -9.9565684126       -2.7548217379        7.1427703069
        -9.7053135649        8.7367646649        5.2450666627
        -2.8131290939       12.8691700168       -2.4975485718
         8.1580336431      -10.7328384460       -4.6142693579
         2.1316467961       -6.8588420082       -2.7947659704
         1.3822709357       -6.9942079660        3.7231623602
        -3.6976968197       12.0880208293       -6.1602951711
         8.1233533170        2.6912334986        8.1952831338
        12.1036744816       -0.6833395222        1.3660522120
         0.8883022021        4.9755306007        1.9187568822
        11.3032359269        4.3777364536        7.2126238386
        -6.0972500252        9.0686628708       -6.4316182427
         9.1290222062        5.2918374806        1.0867236086
         6.4323390053       -3.0356166891        5.4377268611
        -2.8947563027        0.1533760004        1.4368466101
       -11.9127788383        2.6008039971        3.5844692430
         3.4939231277        5.3446458930        4.4688428989
         9.2717546719        9.3991568133       -4.9372172710
         1.8607779289      -13.2752453103        4.7936275158
        -8.1223685653        3.4488537804        9.0316272481
         6.6930122489       -5.6030784153        2.6212925033
         2.3819035827       11.5794174195       -7.5949280629
         4.6956197026       12.1600852486        7.1071531988
         3.5253777834       -3.5300959871        7.8624070000
         6.1421533479      -11.7509400006       -1.4788250563
        -8.8617898605       -3.3501014908        3.5347746859
         2.7399825333        8.8019684689       -5.1972671518
         4.5907968670       10.0552803121        2.1689420938
        -2.9998001175       -1.9920263558       -2.7467765760
         1.0399276451      -13.6760368789       -5.4189204395
        -2.7346393375       -9.6959480188        1.8258530548
        -5.9070516028       -1.5793159920        2.4279031350
         3.0192385934        9.5186028739        9.3695850487
        12.5491255284        4.4620424940       -2.8995198164
        -0.0498259892        0.2371700313       -9.4351791623
         4.4113708086        2.9946591336        9.1546837513
         2.3128409156       -9.7369538343        5.9608208100
        -1.8694720072      -12.5318900125        4.1125074768
       -11.8823784120       -3.7440975432        1.2014185777
        -6.8435011629       -3.9157067546        9.1631160054
       -11.6398122719        4.0037244209       -0.0339528817
        -5.6537901176        6.2189059040       -4.0131089310
         3.0886988389        6.0020179011       -2.7932819318
         6.8345471618       11.2654196537       -2.6183663802
         5.0744670168        6.4732659314       10.6178203814
        12.1121294516       -3.1546542668       -1.6244453810
         2.1402891428       -0.1597454983        9.1011989651
         3.9612825602       -6.2982627958       10.1712859875
        -4.0565460533      -10.8467456557        6.8624458402
        -2.6299553039       -6.4676494008      -11.3398590482
        -2.8738033266       -0.1294720723      -11.9818815417
        -5.4362021057       12.2440675535        0.2954920317
        -0.9196715337       13.9589063167        4.9307224399
         9.0860891944        1.4673658988        1.7836682590
        -0.4950175089      -11.1206073856       -0.9677413648
        -3.7360042113       -5.3997708372       -3.9790810346
       -11.9021988123       -4.7314718398       -5.4013531037
         4.6961397893        2.6027458461       -3.8171778848
        -5.1150623470        3.3760320151       -1.6066147345
         9.5332693760        6.5713873188       -2.5171827565
         5.7621350970        1.9384790869       -7.2878776877
         6.2271006888       -3.1717966526       10.4740156147
         4.4717646990       -9.0306695055        2.9153072622
        -1.3676931900       -8.2163452038       -3.1554277339
        -8.7750870945       -5.7003179926        0.2118688284
        -9.7207222824       -6.2864501008       -8.2255127420
        -8.9083682497       10.8481720250       -0.6275046388
         3.9843863579        6.6405336854        0.8832464581
        -3.3449447575        9.2975844269       -3.7802376932
         9.0758497827       -3.9300028328       -7.4144328974
        -6.6351298656       -7.3467954216       -2.5469590928
       -10.4089874618        2.5822665545       -6.5254498828
        -5.0088408617        1.2669382063        8.4887777643
         8.0233924737       -3.3134806456       -3.7938528452
         0.3872750024       -5.9652418695       -9.0386351002
        -5.9245728183       -2.4739158889       -4.7792497749
        -2.9497940389        6.5014008526       -1.4055615942
         8.9418790924       -0.1123793681       -7.9337870498
         7.4830227290       -8.4491573816        5.0411820783
        -3.8207546321       -9.3851918854       -9.0544663150
        -3.2152913460       -5.9613382873       -7.6691756090
         1.1224207979       11.1658893790        0.8237471791
         7.8141960794        0.4907439415       -4.3432911588
         1.5975658469       -3.0441063646      -11.1191693075
        -8.8413465349       -1.9265623096       -0.0311214548
        -8.5230761083       -3.3820643334      -10.5335059704
        -2.4410552408       10.0156633909       -0.0913677512
        -0.1774078240       -9.3506865638      -10.4251156291
         5.8437137327       -9.4252556401       -7.4179195227
        -4.3666714826       -8.7861626690       -5.3148068477
        -7.9452772188        3.2459685406       -9.3986975254
         8.8188855578        3.6941036104       -8.4538658625
        -7.3635439649       -9.2636555564       -7.4569702078
         3.4533250938       -7.9698458297      -10.1122722135
         3.2319507803        2.3333396279      -11.9433554737
         1.0193468378       -2.6022854312       -7.5321151326
         3.9941713191       -4.4854267682       -8.6212915587
        -3.0001756792       -3.3219765599        0.7121125377
        -4.7821640410      -13.6059308301       -3.0131237649
        -1.0746077378      -14.5286807368       -2.2627215156
        -5.2287280225        3.6883995189       -6.9504183323
        -5.7144960123        6.5102267994       -9.3138989179
         0.9446678708      -10.5058406561        2.5165516895
         8.8639184299       -2.3589130871        2.5040718424
        -1.5216760964        3.5123805155       -8.0482844427
        -2.0511967252        1.3685825801       -2.0995656580
        -1.3607789264      -12.2264335723       -8.1199919820
         6.9838778477       -6.4033209165       -9.5955322099
         9.3130349916       -7.7890940422       -6.8839682922
         2.7986836538       -7.4538515526       -6.4619719321
         3.5372758120       -6.2674800761        0.7619164843
         2.7676794448        0.1838439108       -6.0126300204
         3.3557323611       -4.0264772408       -4.9826286823
         6.5937067397       -8.1967559195       -0.1292430057
        -1.9463033953      -11.6003436221       -4.4572119453
         1.0003703843       -6.4136405620      -12.6603571489
        -6.4912288882       -0.0815702027      -10.7135383322
         6.7341238442        1.2655655511      -10.7768309700
        -0.7858533953       -8.8278962339       -6.7981459521
       -11.9792125283       -3.2781989740       -8.8962463235
        -4.9665513889       -3.4264325345      -12.0218464989
        -4.2968491922        3.1929878966      -10.6410223242
        -6.1402215654        1.9411180745       11.9620680136
         4.2970192341       13.0001276106       -0.2475683409
        -3.3889385607        9.6454645131       -9.1174100654
         2.6313661349       -3.4965931017       -1.3393256980
        -0.7921933495       -4.8494319154       -1.8602103497
        -6.9701889243        2.7766301897        5.5186866159
         0.3315512308        1.7101834263        0.6630952414
        11.2372000887       -5.3109342080       -4.5939262197
         3.0956957911       -9.7622377801       -0.5937325800
        -3.0203160321        6.8524079562       -6.7646049579
        -6.7124808924       -5.8780193799       -6.1094559677
         3.7040721379       -0.5073882544       -9.4380456676
         7.7152104768       11.7702730131        1.1244288055
       -11.4372913898       10.1567535862        2.1461441062
        -1.3483260412        6.3293579500        8.8005946334
        -6.2310129226       10.0920082599        6.2384339073
        -2.6726908912       11.3403932498        7.1635192656
        -0.4123642687        3.9626055802       13.5001263749
        -4.3818540421        8.5944170348        9.3073958686
         2.6187368924       15.0873031590        5.8090755018
         1.3071965154        6.7734624291       11.5148291550
        -0.7770149090        9.7479585273       10.1558636562
         6.7537715477        9.1480639688        8.3672933574
        -2.8075616802       -2.7539590160        4.2707931672
         8.7691575872        6.0916031779        9.5778850946
        -0.7287754180        9.8514412663       -6.4824414017
         2.5339047777       -2.9582776740       11.5343642146
        -5.9250207777        8.6805538512       -1.0184001531
         1.4561257239        8.2952792570        3.1957444769
        -3.0113216828        3.5738833326       10.8514773682
         7.3264168822       10.5440998185        4.7893051279
        -5.0125509276        9.3094139620        2.7021233295
        -8.7854757240        4.2831224053        2.4655945663
         0.6951154129        3.2846550853       10.0521390422
         9.3815722268        7.4980452359        6.0414624325
         3.9206134879        8.2374521534       -8.7700172095
        -2.5572720017        4.0803175209       -4.4339247723
         2.2313297708        2.9914893600       -8.5156475195
        -1.9868659491        6.3364489214      -10.3936405683
        10.8631967576        2.2503337088       -5.4832274215
         0.7796118956       13.9904865537       -1.5633321001
         2.4128499142        6.0720078310        8.0002222609
        -8.3448355105        5.8669962126       -6.5703931565
        -0.2136162940       -1.4656127417       -0.5584455725
        -3.2330110969        7.8820645502        5.8045993162
         4.8033934093       -1.2185096997       -3.1056499546
        -0.2380772377        5.6476901022        5.3409447519
         0.3419171826        9.0442070831        6.6850878909
         0.9266078870       12.4602369094        8.0017616765
        -7.8841910827        7.2547228760        8.3050532519
         3.3635901349       12.3748997764       -3.9619351042
         9.4150468090        2.7738049881       -1.8394459700
         9.8605103799        8.8096093297        2.4171953128
        -0.1483233289       13.3193783395       -5.2458219125
         6.8539835411       -2.5539674437      -10.2190746165
         7.7109250437        4.3206468491       -4.9532056220
         7.0940735928        8.3380132705       -0.1736413405
         0.2017591002       10.5450425218       -2.8465646781
        -0.2176257699       -5.4413860318       -5.4349439985
