         7.6776348113        7.0903687097        4.0253630299
        -7.4777789969        5.2776285305       -5.3090158993
        -9.5498666060       -9.0127564411        4.9074922784
        -1.7432438090        7.0061696041       -6.7979055772
        -8.8792289709        8.2546697934       -7.0379635384
         5.6608886750      -11.0701446280       -2.0045038978
        -0.8191212669       -3.5588550369      -10.2248599647
         2.4072634883        2.2600203197       -9.2120169743
        -2.0070867576        3.3654992405      -12.3699378815
         8.0764193106        5.7797491325       -5.9796561773
         2.0066853330        1.0083321604        4.4286576817
         1.3952724190       -6.2946026350        2.1409949465
        -2.4239573120        2.1378389411       -2.6563695564
         1.4783927169       -1.8988652775      -12.7506474827
        13.3887794716        3.8923963386        4.6181075149
         1.1149377816        5.3486020746      -11.0957677983
        -8.4729544026        4.9953771396       -8.9859750328
        -2.5505379059       -3.7218057441       -2.0735108029
         5.2628476918       -8.2581586753        6.2044811509
        -1.4114547738      -13.0335538649        0.1786299765
         5.0968575500       -7.3888319603       -7.3360440458
         0.0292625447       -3.2178969859       -6.6180634062
        -4.4117906874       -4.5627851785       -9.2271364265
        -0.8329482592        2.7812943503        3.0121126416
        11.3082371654        7.1345994767        4.8737835762
        -9.1342519780      -10.3183081109       -5.0828181749
       -12.8149120289       -1.0291679014       -7.1032334306
        11.1053710297       -5.2942600375        6.1065793415
        12.8576634959        0.1477518583       -1.7404035236
         9.5498666072        9.0127564424       -4.9074922791
        -1.4221417665       -6.5050503623       -7.8231714232
         6.7405523109       -1.4533955501       -0.1179899763
         4.1919463350      -11.9056296533        5.5857981673
        -2.2828922747      -11.6043785287        3.6184935154
         3.2156591465        9.9858965102       -6.9680130428
       -11.3082371665       -7.1345994773       -4.8737835774
         0.0536690798       -3.4903324345        0.4748703807
         3.0951612959       -9.9360009250        8.7002491435
        10.5909933671        2.3652452943        0.3473389126
        -5.0839959833        3.4914916266        2.8487081047
        -8.6669856648      -10.5457966023        1.5225964126
        -3.8776222722        5.1750876770       -4.4615105081
         2.4239573122       -2.1378389431        2.6563695572
        -8.2167861483        4.5361264161       -1.5925795697
         5.9387123999       -7.5186356038        2.5570775268
       -11.6917074177       -5.7777837905        5.1414398218
        -8.5712838810       -5.6318005292       -0.5967360985
        -1.8038183854       -5.5839887544        7.3188033808
        -1.9705195670       -9.3035899769       -5.2387437726
         0.6369129621       12.4528763827        3.5903422282
         4.4117906856        4.5627851782        9.2271364253
        -0.5366672711       -6.0415217783       -4.1673112922
        -1.4037029059       12.6289933404       -2.9147895110
        10.8304882756        4.3035454699        7.4592994576
         6.8649911721        8.8730188628       -7.6249528197
       -12.4978201312        3.7109625944        1.3895640131
         5.7260528592        4.0473888339       -3.5430954400
        -4.7713737624        4.9470478983       -8.0446815325
         1.4037029062      -12.6289933395        2.9147895113
        -4.1999902336        7.7189149228       10.9220714981
        -3.0951612953        9.9360009237       -8.7002491415
       -10.3768995559        1.4936817615       -0.6753028948
         2.9021165576        9.7798971098        8.9226605454
        10.1525245797        1.3683390321        9.8785827312
       -10.8304882782       -4.3035454712       -7.4592994597
        10.8397665855       -5.8631787833       -4.2521109374
        -7.4926672192        1.9307510699        9.9369983807
         4.2643961548       -1.6447856701        9.8485418031
         2.6929019878       -9.1772318833        3.7730850682
        -3.1490373170        1.3469400373        0.8246934344
        -9.2104822508       -1.0362842073       -6.2861819917
         6.0289495926       -2.2538580660        3.5674039837
        11.6078427203        1.8812900867       -4.9003418143
         2.8953363524      -11.4950141704       -4.6665074216
        -9.7167710858        7.5539377424       -3.2889206578
       -10.5909933672       -2.3652452942       -0.3473389136
         4.4295617440       -3.8402189404      -11.3104516315
         5.3553495158        4.1066641778       -7.7566112420
        -7.6776348123       -7.0903687103       -4.0253630319
        -0.6369129622      -12.4528763823       -3.5903422278
        -6.4473771641      -10.6465031510       -7.7987422336
        -4.8708770994       -5.5121088853        0.2137580034
         3.6182919723      -10.6212140850       -8.4030343260
        -6.1601638625       -3.8652276874       -2.9501678259
         2.3171685914        6.8613840115       11.4557705265
         4.1999902329       -7.7189149220      -10.9220714968
        -4.7288822872       -3.9615072523       11.4848589499
         5.5926206047        1.0335528647        5.4079069237
        -4.1932112747      -13.2798635832       -2.5436088241
        -3.5580083315        8.6798094557       -0.0325371219
       -13.2697369398        2.2869966219       -5.1834351731
        -1.5307084583        0.0043083294      -14.0735445588
         8.6669856653       10.5457966029       -1.5225964130
         0.0072774523       -9.7143621672        1.1810930699
        -6.5298605625       -1.3637154438       -8.9957853189
         9.1714888941        0.2272245579       -2.5417489366
        -0.0072774524        9.7143621678       -1.1810930700
         0.8329482579       -2.7812943494       -3.0121126408
       -12.2359154080       -5.6498338892       -1.4297868183
        -7.8491666615       -2.0132990497        5.7161211862
         7.3215535550       -5.7970953276       -9.8380390449
         5.8971355726        7.7955520058       10.3433874910
        -6.8649911707       -8.8730188608        7.6249528189
         8.0644866602       -9.6602539994        0.5053178601
       -10.1525245804       -1.3683390327       -9.8785827320
         3.7887931959        1.6686603443       11.6133782834
        -2.4072634885       -2.2600203200        9.2120169750
        13.9966739625       -1.5269948449        1.4728028148
        -2.2455687709        5.7489060226        1.5889558561
         4.6079293252        0.0728915505      -11.4772979231
         4.4969765020       -4.4348337933        0.8524856695
        -6.3514897679       -8.7684654213       -0.8104085529
       -11.6078427188       -1.8812900862        4.9003418137
         7.1762824364        4.2752763441        6.5828968915
        -6.0289495925        2.2538580647       -3.5674039837
         3.3084937791        2.2754275608       -1.1741047484
        -6.1556898985        7.9219963057       -9.7909482526
         6.5298605618        1.3637154422        8.9957853177
        -3.1549639613       -2.4851232717        5.4793276562
         1.5307084586       -0.0043083293       14.0735445588
        -5.6263505936        4.6250113908      -11.6448364059
        -5.2918985543       -4.8814100971      -12.8025281568
         4.7288822873        3.9615072523      -11.4848589487
        -4.5497736246       -6.9966041487        5.3557373097
         5.4521028940        0.3306309066       -3.2836774351
        -5.4989838605      -10.2014087973       -4.2074186243
        12.2359154081        5.6498338895        1.4297868173
        -1.1149377812       -5.3486020747       11.0957677993
        -5.6608886749       11.0701446306        2.0045038988
         3.1549639600        2.4851232705       -5.4793276541
         2.3306403570       -1.6321808849       -9.0847360036
        -6.3807784242       10.4909564981        5.7640238969
        -2.2263786675       -5.2026688233        2.9313402049
         1.3058721995        6.7549836283        0.4756255964
         8.1655031363        0.6972598715        2.6889304322
        -0.8286981265        9.1259039646        2.5805936249
        -2.7494579403      -10.0265791675       -1.5084279423
        -5.4521028924       -0.3306309067        3.2836774345
         8.9041716952       -7.8743574591       -7.0162521130
         7.2238950736        7.2894517257       -2.5759318728
        -3.7887931962       -1.6686603446      -11.6133782843
        13.2697369393       -2.2869966219        5.1834351729
        -4.1919463353       11.9056296537       -5.5857981673
         7.4049059240        1.6899866193       12.5717300120
        -1.5525217472        8.3614690952        6.2953714983
        -2.1305605327        5.4774283531        8.7985613567
        -8.1153811442       -4.6351890186      -10.2037610732
         9.3522615226        4.0748303516       -2.8084076477
        -0.6779363333        0.3089776557      -10.4791268116
        -2.8953363526       11.4950141720        4.6665074226
        -0.0903927031       11.6154884731        7.3294626706
         0.6779363334       -0.3089776559       10.4791268119
         1.1846208015       -3.6771650035        8.7007734293
        -4.2643961547        1.6447856692       -9.8485418032
        -1.7139376094       -3.8385879758      -13.8026060010
        -3.1216367592        1.3778917670        5.3827575165
        -0.5119880786       -8.6126590551        9.1745174681
        -5.9387123986        7.5186356021       -2.5570775263
        -2.5334544367        6.6765135752      -10.5498999964
        -3.6182919729       10.6212140862        8.4030343270
         6.5625060098       -6.6059143595       -1.1379738353
        -3.4567729470      -12.5342122944       -6.2552789847
         7.0443575465       -1.9865771137        7.2090718307
         0.5366672702        6.0415217790        4.1673112925
         2.0070867579       -3.3654992407       12.3699378817
        -7.6213694158       -1.9583716121        9.9568336172
        -7.0443575466        1.9865771119       -7.2090718305
        -2.0066853345       -1.0083321615       -4.4286576828
        -4.4295617444        3.8402189409       11.3104516328
         9.1342519772       10.3183081101        5.0828181742
         0.8191212663        3.5588550371       10.2248599645
         2.7494579402       10.0265791679        1.5084279423
       -14.1919848591       -2.3144257052       -1.1896518893
         5.4989838598       10.2014087967        4.2074186237
        -7.3215535557        5.7970953284        9.8380390466
        -5.5926206061       -1.0335528664       -5.4079069250
        -7.5242219844        1.8075718858        5.3026730510
         1.7432438091       -7.0061696059        6.7979055792
         3.3792391331       -1.9302025589        6.2457618845
        -4.1286263623       -7.2337068243        9.5753306346
         2.5334544373       -6.6765135760       10.5498999979
         7.1103571282       -5.6293190750       -4.8438688422
         0.0000000057        0.0000000033        0.0000000052
         5.1096985495       -1.2902683364       13.4316961153
         4.1932112746       13.2798635832        2.5436088243
        -4.6079293251       -0.0728915503       11.4772979240
        -7.2238950730       -7.2894517248        2.5759318715
        10.3522188961       -6.7492865897       -0.4953664600
       -11.3008734799        2.0161120337        4.6035034830
         4.8708770996        5.5121088858       -0.2137580046
        -2.9283875402        5.1045070885        5.2049127574
         5.6263505941       -4.6250113914       11.6448364064
         2.2263786679        5.2026688249       -2.9313402056
         7.7486948266        5.8402514532       -9.8166574817
         4.5530290802        0.6973026388        1.8547840461
        12.9757872893        4.0379108001       -1.9932352904
         9.7857246090        3.9063725869        3.7951020195
         6.3514897680        8.7684654213        0.8104085521
         8.5626446384       -8.7839138430       -3.2531525047
         1.4221417649        6.5050503629        7.8231714236
         4.7713737627       -4.9470478999        8.0446815332
         5.9587514621       10.4135094846       -4.2833066850
        10.0821090247        8.9028789834        1.6650413282
         1.7139376095        3.8385879757       13.8026060006
        -3.3084937782       -2.2754275601        1.1741047469
         0.3951842883       -3.9338101308        4.9986245591
         2.8996926882        1.3404654507        8.0116723820
        -5.7260528585       -4.0473888330        3.5430954382
       -10.3522188951        6.7492865896        0.4953664603
       -10.8397665845        5.8631787831        4.2521109375
        -8.5626446368        8.7839138429        3.2531525049
       -11.7959876657       -0.6906015619       -3.5196137404
         8.4729544033       -4.9953771408        8.9859750337
        -7.1762824391       -4.2752763457       -6.5828968940
         2.2455687706       -5.7489060210       -1.5889558558
         0.0903927027      -11.6154884724       -7.3294626699
         1.5525217462       -8.3614690942       -6.2953714975
         4.1286263624        7.2337068242       -9.5753306325
         8.1153811421        4.6351890172       10.2037610708
        12.4978201316       -3.7109625943       -1.3895640130
         7.4777789970       -5.2776285320        5.3090158999
        -1.3952724197        6.2946026372       -2.1409949477
         5.0690068334       11.9115071985       -0.8896693875
         6.3807784236      -10.4909564963       -5.7640238959
        -5.9587514612      -10.4135094832        4.2833066846
         7.5242219857       -1.8075718857       -5.3026730521
        -5.3449025960       -0.2356404968        7.7055865385
        -8.1655031373       -0.6972598720       -2.6889304329
         3.6412657772        8.5799090507       -1.9376974565
       -11.9110490985        4.5752434760       -2.3588984909
        10.9530616200        7.3787583634       -1.7540987986
         3.1216367586       -1.3778917668       -5.3827575150
         5.2911401423       -3.6183546690       -7.5662525231
        -5.3553495161       -4.1066641784        7.7566112435
         7.4999154496      -10.4740306310        4.2478728297
        -0.3951842884        3.9338101296       -4.9986245575
         4.5497736255        6.9966041508       -5.3557373110
       -10.0821090245       -8.9028789830       -1.6650413291
        -6.5625060087        6.6059143582        1.1379738357
         9.7167710869       -7.5539377432        3.2889206585
        -9.9603553385        0.2010919953        7.7047181681
       -10.7024000011        2.0014189731       -8.0706564470
         8.2167861491       -4.5361264170        1.5925795700
         3.5028991944        4.1898059212        5.6361616041
        -7.4049059243       -1.6899866196      -12.5717300130
        -4.9843225777       -7.4193500653       -6.7477941097
        -3.6412657768       -8.5799090498        1.9376974558
        -6.7405523094        1.4533955496        0.1179899763
        -3.3792391332        1.9302025576       -6.2457618842
         2.5505379044        3.7218057436        2.0735108014
         4.9107454565      -11.5658937732        1.7814901407
        -3.2156591452       -9.9858965072        6.9680130425
        -1.5994690111       -1.9890139753       12.8601384848
        -9.1714888932       -0.2272245576        2.5417489357
         2.2828922751       11.6043785297       -3.6184935151
         0.6589189650       -8.7971327554       -9.9834251372
        -2.9021165583       -9.7798971095       -8.9226605451
         2.1587538534      -12.1469144971       -0.8711736316
         3.5580083307       -8.6798094543        0.0325371223
         5.0839959851       -3.4914916280       -2.8487081059
       -12.8576634954       -0.1477518581        1.7404035234
        -0.1701216972       -0.6092739998        6.8673990357
        -9.5112317346        4.0510760032        7.3609972763
        -8.6952784966       -7.5285028107       -7.6925227134
         8.8792289717       -8.2546697944        7.0379635393
        10.3768995563       -1.4936817615        0.6753028947
        -7.9636456513        1.6668869775      -10.8390209390
        10.3289701937        3.6411279870       -8.0033139834
         7.8491666632        2.0132990500       -5.7161211874
        -0.9234857032       -0.8494915352        3.2918598182
         9.6552980535       -2.3032708571        4.3993559719
         8.6952784943        7.5285028090        7.6925227113
       -10.9530616190       -7.3787583625        1.7540987976
        -7.1103571268        5.6293190744        4.8438688418
        -1.1846208014        3.6771650024       -8.7007734286
         9.2104822496        1.0362842059        6.2861819909
        -2.6929019878        9.1772318848       -3.7730850686
         3.8776222723       -5.1750876793        4.4615105088
        14.1919848587        2.3144257052        1.1896518891
         6.4473771633       10.6465031501        7.7987422329
         8.8295858990       -3.6325733755       -2.1463200190
         6.1601638610        3.8652276866        2.9501678238
        12.8149120279        1.0291679012        7.1032334300
       -13.3887794728       -3.8923963389       -4.6181075156
        11.7959876648        0.6906015617        3.5196137398
        -0.9447918542       -8.1298036707        4.5840194955
         2.9283875387       -5.1045070874       -5.2049127567
         4.0243737359        6.9518985347        3.1412549208
        -0.4694153049       11.0233964023       -6.2708378940
         0.4694153055      -11.0233964005        6.2708378945
        -4.9107454560       11.5658937746       -1.7814901403
        -1.3058721994       -6.7549836268       -0.4756255964
        -4.5530290815       -0.6973026399       -1.8547840476
         1.5994690114        1.9890139754      -12.8601384845
        -8.9041716948        7.8743574588        7.0162521127
         0.1701216973        0.6092739995       -6.8673990343
        -5.2911401434        3.6183546695        7.5662525247
         1.9705195662        9.3035899771        5.2387437729
         0.9234857013        0.8494915337       -3.2918598151
         7.4926672188       -1.9307510694       -9.9369983782
        -4.3950645901        8.0891937723        3.6858083491
         6.1556898993       -7.9219963069        9.7909482538
        -5.1096985492        1.2902683363      -13.4316961157
        -5.0690068332      -11.9115071981        0.8896693875
         1.8038183855        5.5839887526       -7.3188033793
        -4.4969765006        4.4348337923       -0.8524856693
        -6.9546577431       -2.3648285858        0.4413637901
        -8.8295858984        3.6325733751        2.1463200188
        -1.4783927168        1.8988652778       12.7506474830
        -2.3171685919       -6.8613840111      -11.4557705263
         1.2606115147       -5.7768513159      -12.3970808577
         9.5112317362       -4.0510760033       -7.3609972762
        -5.2628476912        8.2581586736       -6.2044811496
         7.6213694159        1.9583716121       -9.9568336157
         8.5712838814        5.6318005296        0.5967360967
       -11.1053710295        5.2942600370       -6.1065793410
         3.4567729468       12.5342122941        6.2552789847
        -7.7486948270       -5.8402514532        9.8166574823
        -5.0968575510        7.3888319616        7.3360440470
        -9.3522615219       -4.0748303509        2.8084076463
         9.9603553411       -0.2010919952       -7.7047181686
         0.8286981258       -9.1259039637       -2.5805936244
         5.3449025951        0.2356404971       -7.7055865373
        -7.7747818060      -12.0067783092       -1.8905858157
        -7.4999154483       10.4740306298       -4.2478728288
        11.6917074188        5.7777837913       -5.1414398225
        11.9110490989       -4.5752434761        2.3588984911
        -2.1587538532       12.1469144980        0.8711736321
        10.7024000011       -2.0014189738        8.0706564471
        -4.0243737368       -6.9518985352       -3.1412549215
        -0.0536690807        3.4903324381       -0.4748703822
        -5.8971355736       -7.7955520065      -10.3433874920
        -9.7857246103       -3.9063725873       -3.7951020214
       -10.3289701920       -3.6411279864        8.0033139825
       -13.9966739624        1.5269948450       -1.4728028147
         7.9636456518       -1.6668869782       10.8390209390
         0.9447918549        8.1298036721       -4.5840194966
        -2.3306403576        1.6321808852        9.0847360043
        -0.0292625457        3.2178969861        6.6180634066
        -0.6589189658        8.7971327565        9.9834251381
         4.9843225757        7.4193500646        6.7477941089
        -1.2606115150        5.7768513163       12.3970808581
        -9.6552980539        2.3032708564       -4.3993559719
         3.1490373200       -1.3469400394       -0.8246934360
         0.5119880791        8.6126590541       -9.1745174648
        -8.0644866578        9.6602539984       -0.5053178595
        11.3008734809       -2.0161120337       -4.6035034830
        -3.5028991966       -4.1898059220       -5.6361616054
        -2.8996926888       -1.3404654512       -8.0116723828
         1.4114547739       13.0335538653       -0.1786299762
         5.2918985539        4.8814100968       12.8025281556
         4.3950645893       -8.0891937704       -3.6858083484
         2.1305605316       -5.4774283523       -8.7985613560
        -8.0764193094       -5.7797491313        5.9796561761
         6.9546577435        2.3648285859       -0.4413637912
       -12.9757872887       -4.0379107997        1.9932352899
         7.7747818058       12.0067783090        1.8905858155
