         2.0941554052        0.5981828910        1.5640024488
         5.7672354218        1.2160942789        1.8136392310
        -1.2401243562        4.1392517636       -4.0872941878
         3.8748476323        2.1075862171       -1.2826392887
         3.4225943787       -4.1800662172       -3.1057656328
        -5.1081535545       -1.7061774535        2.5244843530
        -1.4655843223       -0.9381690013        1.6062015813
        -2.8607396542        0.7820513090        4.4275995817
         0.2347216209       -5.2617355869       -1.2186717792
         4.0093546722       -2.0122878575        2.9950477405
         2.9973410398        4.0229989350        2.0143362137
         5.1300732598       -1.4905376661       -0.7451166058
         3.7526751503       -4.8647460493        0.5299594038
         0.2105735467        3.0773823314        4.5691841783
         2.2899959271        3.0946652642       -4.5565023949
        -3.6117720739       -1.6362793868       -4.8854800101
        -0.5686574442        0.5323177102       -5.2718439153
        -0.7991439808        2.5192276379        1.2249826317
        -5.1043451201       -1.7323732868       -1.2428435818
        -3.3238088778        4.2944477162        3.1780887711
        -4.3140665996        1.4865645792        0.8300380255
         1.1642512422        4.8526147863       -1.2441741390
         0.0477387062       -3.1763846433       -4.5055945576
        -3.1372748718       -4.7539038684       -2.8717798697
        -0.2122003960        6.0376412844        2.0472101302
         2.8198279983       -0.5683530908       -3.8175280776
         0.2885973913        1.3892667506       -1.8959507015
        -2.7571267512        4.7454034430       -0.6924824355
        -2.8236800539       -4.2166140252        0.8356583813
         0.6549055903       -0.7633919104        4.6729328773
         1.6324277593       -2.0264519683       -0.6465968409
        -2.3194711556       -3.0833685046        4.5492462424
        -1.6242357881       -1.5904310983       -1.8215674927
        -3.4366435786        1.4840139243       -2.7380953184
         3.6334863765        1.4757151658        4.8428219807
         0.6822254601       -3.8541543730        2.4044930567
