         6.4532442258        7.4960779980        5.3682632557
        -2.7579707112        1.6411795341      -10.3147832304
        -6.5272430742      -12.4435239800       -3.2030914713
        -2.5613782741       -4.5915056731       -9.8302889519
        -0.4707306623        9.7450614505       -0.9616651229
        -1.0546313795       -8.2826663548        4.2993793906
         3.6013927444       -1.4410863539      -12.3380759116
        -5.7166277076       -4.5532931215       -7.6456804900
         4.0884035699       -4.7356996358       -4.7034258272
         1.5202601322       -2.6169445598       -2.8331075557
        -3.6318759032       -2.6425112196        8.7428177473
         2.5632502821        5.9048725270       -6.8049370591
        -1.1130247772        7.0725259304       -6.8221719337
        -1.2892272248        6.7917405790      -10.6553642397
        13.6525430191        3.2399938058        3.5214649543
         3.3042206358        2.5482880062       -0.5410349842
         0.7004824533        0.2838686614      -14.1203093845
         1.2268853059        0.8204077464       -6.6927953947
         5.5024142436       -7.6602082323       -3.0223374123
        -4.5653020208       -1.2454793300       -6.1875683635
        -0.7129442431       -6.8021185483       -0.7316854220
        -5.2037759707       -1.8291251198      -13.5794724777
         0.7891326146       -3.5886678235      -13.9194858032
         9.4342612734        0.9370860752       -1.0053387727
         8.0344962908        1.4980059121        7.7398639647
        -4.4177085571       -5.8134076949       -0.5921098740
        -7.5465975315       -1.1534054291       -3.8999614853
         3.8107286460       -4.8162305161        8.6623258287
        12.4435920964       -1.5167172408        7.2297465494
       -10.3182094140        4.7334837420       -7.6412209000
         6.6754071597       -3.0291365526       -6.6452040486
        11.1197315393        8.4669163514       -6.2775030557
         0.3042814314       -6.3599056078       -7.9995071384
        -5.0610323507      -13.7289679668       -6.4433107565
         4.3263772135       12.2608551822        0.1648012071
       -12.7806072641       -4.9353239599       -0.0722911923
         2.4074964459       -9.9202023542        8.9673853942
         4.1160024058      -11.7298647420        6.0364766002
         7.1244420216       -6.0922998892       -0.1431958222
         8.5614218331       -9.0859156472        1.6637843427
        -1.1814386544       -1.0059872060       -4.6517261324
         5.8444774081       10.9118483899       -3.0781388206
        -5.6752568673        3.0835622033        2.1142612690
         2.2913892544        4.2832043298        6.2480778010
        -1.9759684160      -11.8129606005        3.0786751647
        -3.2549331392       -2.5081107016        0.6527543605
        -9.3932145830        1.5171394577       -9.5721238661
        -7.3054480225       -9.4972083836        6.3638394777
        -4.0137377361      -10.4084968080       -5.1232313431
         1.1673036368       -7.0368347635        6.9234915084
         2.8847745808        4.9096865729       13.6394356303
         0.5760004288       -5.9322694608       -4.2429637151
         0.0188769827        0.0152328879        0.0420096622
        -6.3812337588        3.2533915004       10.5825766134
         8.5129558276        6.4920432169       -4.4526703036
        -2.8510588615       -4.8802354785      -13.5256078047
        -4.0566028554       11.7685543961       -5.9342200495
        -7.0738699447        6.1375052516        0.2432495962
         2.7982867084       -1.6094696797       10.4220496124
       -10.3972866538        7.0938064057        5.6953934038
        -2.3533517736        9.9585753929       -8.8646938942
        -8.3400105587        1.1762255771        4.1276792572
        -2.0883551768        2.0567037737       -2.9210082037
        -2.6694354658        9.1001895412       -3.9519243395
        -6.0515373378       -4.8773116663      -11.3739206429
        -3.5316911455      -10.3499775342        6.2686512078
       -10.5204932504       -8.1200311474       -0.0507560196
         1.8105942430        1.6201337728       12.1386310286
         1.8368610069      -12.5722032982        2.9486773705
         1.0710760869       -3.3237180571      -10.2267108841
        -2.9579673167       -7.1043842473       -3.7934512005
        11.7046266632       -3.8095597832        4.1855810329
         7.4094042502        9.5131826849       -6.2748147770
         3.8891618693       -5.0701716936       -8.3824895534
        -1.7751595068       -1.5907620954      -12.0273871720
        -6.1534764752       -4.5574178905       10.5920884552
        -2.0495541658       -1.8673507813      -15.7312529368
        12.9432560082        1.0796942981        0.3649554165
        -0.4825264448      -13.0943702115       -0.2055279002
        -2.5045859064       -5.8669638740        6.9076481633
         3.1326623481       -8.0477175345       -6.0492407645
       -10.9878216464       -1.3618491329       -5.2842894573
         4.8585233525        7.4487129923       -4.4083554987
        -3.3105298375       -7.5413298263       -7.5201676222
       -10.7772103332        3.2284382814        5.8803567354
         2.0903990797      -11.3618227396       -7.3559683817
        -3.9934171218        1.0432507024        4.8986479375
         4.1634777399        0.9735999125        2.6225042768
       -12.9028118851       -1.0310884361       -0.2579761686
         3.3182525073        8.8738742571       -1.1477757540
        -7.2640878400        4.6794039448      -10.0708901172
        -2.4591980096        1.8814655389       -6.6157195955
        -2.8411176377        5.5667808212        1.3563612437
         0.2509484127       -3.4755825952        0.4725821677
        -0.2606660127        3.5672721045      -12.4250855614
         6.7725241942        2.8572088802        0.7627112098
        -1.4493582166        6.2662438079       -2.1807214281
        -5.3114825084       -4.1757626794       -3.8937581620
       -12.1948428913       -4.6481668384       -6.6859606498
         8.1812759262       -3.9949286955        2.8472749974
         3.8530742093       -1.2124814541       -8.5799750235
         7.4972520550       10.7842111743        6.6946062634
       -11.4382576815       -1.6739602142       -9.0149763929
         3.1380178268      -11.9370761337       -0.6626462858
        -1.4896198642      -12.5659612564       -6.8878312259
         9.4422667914       -1.4824651309        9.6790564951
        -6.6377506893       10.6404010759        1.3124650532
         9.0041778931       -1.7524626124        5.8850781185
       -12.7695777314        2.8486830998       -0.4916541015
        -3.6245684183       -7.8816908978      -11.2166034221
         1.3177500601       -3.0154078816       -6.5273535227
        -4.2707604479      -12.2313337947       -0.0574908863
        -0.0954186102       -4.0107751806        4.9871000783
        11.4522666093        6.4311819086        3.5044918505
        -5.5080721662        1.9565997122       -4.3834161895
         3.6200352730       -5.3400729235      -12.0739200963
        -5.9422017959        7.1908666867       -3.2876938531
        -1.0318693380        3.3573178902       10.3338149997
         1.3358064906       -6.7553409857       10.7584033262
         5.1133987442       -7.7419725298       10.5555262796
        -5.9255632461        1.7204192911       -8.1423964648
        -8.9534457322        1.7953350490       -5.7770109241
        11.0483209582        0.7153708033       -5.9950513828
        -0.2160053717       11.1572724922       -6.0404701057
         6.7172334161       -6.8123548434       -6.5020486616
        -4.3660235242      -10.8478086253       -8.8522195321
         1.5681876682       12.5908944957        6.9789089848
         7.3144588267       -4.6430585130       10.1767270205
        -5.3354839269       11.2829796778       -2.2978198972
         9.5771251448        9.8178132437       -3.1046805432
         6.2463848975        4.6992515706       -6.7063261311
        -1.4714560635        2.6596603101        2.9363012949
       -11.9675103501        1.1532560737        2.8451706565
         4.8146180883       -8.0351391007        6.8694691315
         5.3519440099        4.2090647200        4.0110741993
         9.3905724737        4.7852042296       -1.1558926653
        -2.2501606346       -4.2497031092       -6.1343361749
        -8.4550965978       -2.6665775118        4.4295080608
         5.9958767835       -7.1498717337        3.3893974951
        -2.7908571888      -13.4750812139       -3.3485930754
         6.7808235826       -0.9698750690        0.9813227052
         6.4789810873        0.8267400545       -6.7169232149
        11.4597680300        1.7067958514        9.1149608817
         3.6051263309       10.3811012003       -6.1703365187
        13.6818980886       -0.6067090103        3.6914913139
       -10.2052797442        0.8350832777       -2.2260567851
        -5.6050402203       10.1548830033        7.9439753655
        -7.9949865378       -1.4643510945       -7.6280785052
         6.5403928508       12.4678259123        3.3568905938
        11.7762853285       -4.9786803679       -2.5310166657
        -2.8115347066        8.4894098975        9.9438544373
         2.5992351091        4.6229689234        9.9445134873
         8.3797801540        1.7926887447       11.4406057671
       -11.1422623357       -4.5135131326        6.2730275571
         3.6775113862        2.6798008887       -8.6271577817
         2.8578004750       -8.4475187314       -9.8383953861
         6.0872381955        4.9069320147       11.4948267875
        -7.4747114936      -10.7713882760       -6.5772810549
        -6.7395692940        1.0107355895       -0.8747708518
         7.4806558807      -10.0407154898        5.2550900465
         5.5330708441        9.1703116914        2.0130887937
        -0.7825836244       12.3923350201        3.8969947027
        -0.7501240749       -9.6932206075       -9.3737881565
        11.0383330384        1.3996776447        5.4114804098
         2.8256652768       13.4775222321        3.4399700318
        -6.6285430042        3.0749240976        6.7456328870
         5.5566373901       -1.9208019078        4.4917352725
       -13.6723560788        0.6416594333       -3.6007002461
         6.3465639640        0.6984015756      -10.5616660850
         3.6603985653        7.9136891456       11.3319040941
         8.7882233074        4.4669800409        5.4222145683
        -2.4355656229       -5.6877785652       10.7506593684
        -6.3740245660        7.1547280554       10.2906770412
        -9.3901378616       -0.8900970633        1.1114044051
        12.8343383150        4.9605462655        0.2213403648
        -0.9355015101       -0.5284936984       10.5139657942
        -6.1733330018       -4.6409964151        6.8082639501
        -8.7324713534       -6.5870473361        8.4352037770
         9.6075621393       -6.9525255249        4.7064366003
         0.2970750052       -3.5366453340       12.5315637777
        -8.4557506696       -6.4453259888        4.5992757753
         4.6063113627        1.2793151249        6.3016291692
         4.6243203875       -4.1222114169        1.5314891694
        10.4476885031       -7.0433965185       -5.5934167729
         3.3512790190        7.5734145820        7.6316407858
         5.2388421944        1.8569106387       13.6934386155
        -0.7541697122        3.6182355851       14.0268295276
        -8.7517014701       -4.4385067245       -5.2990787501
         4.0439813301       -0.9983677060       -4.7969136142
       -10.7196545252        6.0460393174       -0.9841268128
         2.0388994586       11.8440743308       -2.9801751113
        -1.1811205565       -0.7832027587        6.8019561842
        -6.3052454740       -0.6683411678       10.6632973588
         6.8501487313        7.9008496685        9.1556411162
         9.3090048313       -2.9452925233       -0.7336083398
        -7.4241096986       10.0822513522       -5.1537714199
         9.2160873437        4.8317034661        9.2101638001
        12.8075360549       -2.8004142605        0.5897934539
         2.3132085174        5.4407635442       -2.4065698840
        10.2391671349       -0.7903200678        2.3361472002
        -8.5079873373        9.1304112329       -1.5638665144
         0.7945026171        9.7342597937        9.4802627771
         2.0815763689        1.8942239256       15.8420364645
         8.0530165335       11.1649887912        0.1105397725
         3.0590164729       -1.3261709593       14.1143975631
         4.0714478473       -4.5453238172       12.3539054992
        -8.9006323538       -2.7088716636        8.6560334348
         6.2913286850       -1.4083864052       11.9835668830
        -3.8096634727        1.2508519246        8.6856003891
        -7.9298021824       -6.1582643133       -1.9747534004
         1.4042356285        1.0222417570       -3.0431435503
        -3.4500009952        5.0397128642       -4.8794486369
        -4.0406453579        4.7807094170        4.8059146807
        -9.5181427647       -9.7391825182        3.2606580132
         5.8808730184        0.8098326314       -2.3225582459
        -8.3416460628       -1.7636998535      -11.3248915138
         8.5036321322        2.7142472002       -4.3213202352
         7.9538229337       -9.8651076085       -4.7984226402
        -6.9806153008       -7.8029049224        1.3486722529
         6.4217629251       -7.1110952593      -10.1883962075
         4.9514290824        1.5719045816        9.9985417215
        -0.1998472193        3.5107834965       -0.3672913577
         6.9264077233       -4.8888883917        6.3862346261
        -0.0395478397        3.8361748607       -8.6676085251
        10.5679720628        8.1590664588        0.1923064321
         3.4547371733        2.4416524392      -12.3725730541
        -9.0466647670        1.1799426285        8.7158982054
        -6.6675594647        6.8592837334        6.6044520607
        -3.7642778758       -2.8151283858        4.9305029625
        -5.0610919457        7.7793957572      -10.4526948680
        -8.1317550454        5.0298985630        3.7992715814
       -13.6284218560       -3.2304886719       -3.3668644839
         8.3886943700       -1.1257873270       -4.0297917029
         7.0291887336        7.8495659919       -1.2104679726
         9.1859728966       -5.0059434282       -8.5980625334
         0.8316776220      -12.3556800537       -3.7900052214
        10.8273242598       -3.1745825828       -5.7814280518
        -3.2632777339       -8.8403621209        1.2538229603
         1.3636700469        8.8922139827       -8.7883927085
        -9.8568954480       -7.7272911858       -6.6547531080
       -11.7303096897        5.0312937878        2.6308059515
         3.8307396351        2.8681685494       -4.8273053239
        -9.5283073336        8.1219326202        2.0504322334
        -6.7257027200       -2.8197099907       -0.6448651863
       -11.6587327377        3.8500786854       -4.0785068329
         1.9430993031        3.8506525227        2.5702287006
         0.0138341426       -6.6842130166      -11.7309154754
        -6.8116401520       -7.8700310988       -9.0303911748
        -5.4948712098       -9.1321917544       -1.8801264232
         0.4874640352        9.2954092391        5.6887506478
        -5.8800015527       -4.4972518652        2.5881337089
         3.3496353108       -1.0835098437       -0.2811701721
        12.0811810085        2.8169009177       -2.9326933391
        12.2107908749        4.6691516387        6.8032690447
        -1.3114460537       -8.8534566529        8.8920986483
        -5.8331154149       -0.7656107660        2.4289091557
        -7.9010969040        9.9117207018        4.8994524180
        -1.7761629188       12.6059929838       -2.8483651496
        -1.4840117835       -1.3027274372       -8.3338619362
        -0.4346262442       -9.2546550803       -5.5810189619
         4.1335717582       -8.4080078264        0.5036818848
         3.5036359753       -5.0028964415        4.9824421630
         5.6590627459      -10.1080917830       -7.8413189772
       -11.8878842530       -6.6640851784        3.2062316557
        -4.8017613634       -7.4110286790        4.5168218036
        -5.4509306266        7.7042974385        3.1237975343
        -6.4183261266       -7.4652538463       -5.2453582334
         4.4640394145        5.8521157435        0.7098231883
         7.9735591034        6.1942489374        2.1014175546
         2.8898788285       -5.5275803120       -1.2554460311
        -8.1345805689        4.0348572878       -2.7435873544
        10.7678816061       -5.9997271562        1.0852599603
        -3.3050905312        1.1267261519        0.3864950960
        10.3780648558       -4.6856775334        7.7462294708
        -3.0819790338        8.0933374167        6.1553258170
        -3.8439693040        5.1113455533        8.4857891776
        -9.1366465566        5.0510153731        8.7000279316
         5.9354558862        4.5423546731       -2.4648701432
         9.0651236815        9.5284579520        3.4494077924
         1.5231079000        1.3348418205        8.4462676347
         1.2279735392        1.0439770550        4.7626931643
        11.9764176874        6.7039360026       -3.0488096250
         1.7938866223       10.1652544486        2.1390215745
        -2.0304529957       11.4098031143        7.4606053835
         2.1400600600       -2.0180689259        3.0242810306
        -3.5790267432        5.3758122590       12.1781520052
         0.9725069790        0.5591655297      -10.4013006869
         2.5056403921       -1.8465222089        6.7213499773
         0.5273240430       -9.7133872713        1.0623717420
         8.2484394049       -7.8127470365        8.2632235717
         8.7494506993        6.5991513084       -8.4767058863
        -4.7587480457        8.0733730638       -6.7667088786
         2.7285799871       -9.0636351336        4.0518693949
         4.4016750270       10.8622407298        8.9523456046
        -5.7824734659      -10.8839133118        3.1799584597
         9.5795517753       -8.0736445752       -1.9504239619
        -3.7614154735        4.8517642402       -8.5586406919
       -14.4424032651       -1.5594337258       -6.6598243441
        -9.3357962595       -4.7472945522        1.2944819233
        -5.0312336991       -7.7285557876        8.7433863367
        -4.0787911964        8.4478674039       -0.4036523163
        -0.2615919109        6.3969666970        8.1086709746
        -9.0274241780       -9.4900986106       -3.3176151691
         6.1715502441        4.5725726474      -10.5129263403
         3.0014673404        7.1398731104        3.9114150097
        -0.6681253886       -0.2568191554       14.2305554304
        -6.2500756878        1.4390730410      -11.8743853556
       -11.4079492288       -6.4016985846       -3.3724116351
         1.1140887566        8.3196575305       -4.2013221007
         5.0767559927        7.7702438372       -8.6511605129
        -1.3434991823       -0.9735239821        3.1416083878
         0.1497431007        4.0503360184       -4.8850440398
         7.5898375636        1.1888757371        4.0183399095
       -10.1866327322       -3.0452689325       -1.9880554361
         8.9510106245        2.7444625545       -8.5640814696
         4.4159059465      -11.1315332064       -4.2807738510
        -6.8713931294        4.9285361024       -6.2798107529
        -3.0234788342        1.3549631392      -14.0069939921
         2.4732854746        5.7224818809      -10.6486071736
        11.1824103222        4.6124050370       -6.1855333708
        -4.0284347890        4.5783573995      -12.2493500010
        -4.3642126683       11.1747550771        4.3844539751
        -6.4291994310       -0.7773506867        6.8188035688
         0.7613245007        6.8341407768        0.8381355468
        -8.0169858255      -11.1160282343        0.0376381379
        10.2305853110        3.0753532040        2.1216561365
         5.3931772371      -11.2429719902        2.3978697948
        -4.1180356886       -0.9359839536       -2.5100632411
        -1.7437073943      -10.1409961289       -2.0287529060
        -1.8971039199       -3.8133263966       -2.4578879509
         4.0615700701       10.4507334133        5.2501965998
        -1.2739654188        3.0538668765        6.6328477346
        -3.4258442433       -2.4172274287       12.4801432502
         5.9702403090       -1.6862754075        8.2518913746
       -12.0407699845       -2.7619294214        3.0338329243
        -9.5544640292        6.9939731527       -4.6025546804
        -4.9132818507       -1.5408489003       -9.8840977205
       -12.4011298299        1.5881997028       -7.1391640434
         6.6925512780      -10.5976039681       -1.2123787601
        -9.1786413838       -4.7996445906       -9.0847944266
         9.8948069657        7.7587253831        6.7812741246
         0.5371659353       13.1213495702        0.3041835576
         5.7543854342        4.5845878033        7.7667242172
        -2.2601141496       -5.4029510395        2.5127166613
         0.0857508110       -3.8015894476        8.7735366943
        -3.0827351166       11.9744959256        0.7639107454
         0.0245128725        6.7188795943       11.8398503453
        -8.1913344305        7.8553023512       -8.1602248830
        -4.5761776565        4.1617364284       -1.4302280814
         5.7210876614       -3.0377662039       -2.0115568737
         1.8840407858       -8.9655333912       -2.5120259141
         9.0958185541       -1.1367034493       -8.6131703920
         0.2791132740      -11.1195321408        6.1399573754
        12.0112973431       -1.0979377478       -2.7472628477
        -0.5306435605        5.9727295611        4.3509663565
        -3.5643911660        1.4711148101       12.4442335938
         6.4265031341       -3.2150526430      -10.4801329635
         1.5034352422       -6.2308200102        2.2834028332
       -11.0017082093       -0.6497787681        6.0925065420
         8.1801060770       -4.9797460703       -3.6998460127
        -9.2661761251        2.9943983688        0.8342115294
        -1.8352951825        9.0030625599        2.6155448166
