        11.2678562341        0.9005516395       -5.4091672690
         0.1448510306       11.4838698132       -5.3439421421
        -6.9411135268        2.6590868315       10.4174256000
        13.4254568761       -1.0476779311        4.3296429390
         2.0733974249       -2.3216472939        6.6888525146
         3.5907735262      -12.1612686908        5.4495044033
        -1.3768075184       -0.8575139393      -15.9215975627
        -9.5797116823        4.6130097534        8.5215688217
         1.2386066525       -6.3965660976        1.9303453220
        -2.3054001789        2.3152988303      -10.3322630512
         1.2321569322        0.8481376075       15.9979596974
         4.1434976715       -4.6022236206       -8.5133129557
         5.7116169724       -3.0179825784       -1.9431698975
        10.6836520441       -6.8297747222       -5.4390024475
         7.9076613171       -4.3021936549        2.9774264436
        -7.1177481878       10.4849034770       -4.8840761971
         2.1835466115        3.9845927603       14.0364343202
        -1.9273321366        8.8200298990        3.0710059943
         4.2353442113        0.7959044711        6.5801144594
        -2.3439197750      -11.9571834210        2.1964626476
         1.0478004622        0.7617926762        8.5645346094
         1.7954793101        3.6297184060        2.8913714089
         9.4092007388        0.8375436235       -0.4903606511
       -13.5673248111       -2.8164508028       -4.2503597967
         9.3816009919       -8.5232228801       -8.4997798209
         0.3598015499        4.3536160576       -8.4206239572
         4.1830662693       -0.7527496057       -8.4582198877
       -10.6852464029       -7.9505348203       -1.1015690481
        -4.2875003095        4.5027122032        4.8775906352
        -0.4657361295       -4.3312653978        4.6917035289
         1.9607127909        3.8305384041        6.6021517734
         5.4687359027        8.9162111654        2.8351242107
         0.3579313054        9.0843178653       10.0952395553
        -7.9804722471       -5.9095484514       -2.7678458783
        -8.2248839557      -10.9831132289       -1.0798755711
        -2.9093568659        5.4833419010        1.5504520594
        -3.1151912021       -6.3280691613       10.2140694488
         6.4701317217       12.1254005492        4.4116591337
         1.7583227874      -10.5181475861        8.4072872149
        -0.3760793196        9.7646188360       -0.3788251925
        -7.8039000372       -9.7741851522        5.3583136181
        -4.5342341745        4.3030559384       -1.4028398414
         6.6682885685        5.0963276982       -9.9139752865
         2.4241112410        5.5140535730       -1.9565244455
        -0.7527852944        7.4452074663      -10.2778975623
         0.5326461001       -5.8584203033       -8.3822813589
        -1.8636416758       10.5101922600       -8.3432660064
         8.4960504767       -1.0239968960       -3.6914078295
        -5.3408592262        2.3045093735       -4.5336427518
       -11.0822267091       -0.9405941822       -9.6745257555
        10.0274137019       -1.1044557792        2.7730462416
        -0.7444023770        5.6715091669        4.6752924669
        -7.7589433757        8.4633494481       -8.0587316258
         8.9282120867        9.1372379110        4.4693611426
         9.4162824529        4.6854858664       -0.4094999756
       -11.3881573423       -6.0143889177       -4.3472353327
        -6.7778887638        5.4000396308      -10.1185842094
         7.5864942530        0.8739741737        8.2051546891
         8.7244105773        6.5992069309       -3.6364700670
        12.8452832737        0.8464792724        1.0594981243
        -6.8035617870       -2.6785641137       -1.1715016536
         2.7510991170       13.1953504178        4.4231394276
        -9.3467551186        3.0643652722        0.5456685087
        -5.6316716372       -8.1971355668        7.9564052700
        -9.2997254821       -6.9814288604        7.5381842008
       -12.0942678525        2.2112335489       -7.6451514809
        -5.7700052305        7.4616624736       -3.1319389055
        -5.1880865242       -7.6123304252        3.7718544468
        -8.8625234360       -4.0898819632       -9.8310693189
        -3.2818110787        7.8663111476       10.2942673982
        -3.3669653236        7.7079615451        6.4784721485
        -3.2210758713        5.3789497731       -4.7284845777
         2.8965565786        6.2558600622       -6.3098399385
         9.8329180269       -5.3466351271        7.9291237912
         6.8490684379       -6.5056778875       -6.6141541968
        -6.9154962863       -1.2561302119       10.2513089408
         1.3232355661        1.1369523989      -14.0409634286
        -2.9927351856       -6.2651255008        6.3686730477
        -5.8216511806        3.0191334954        2.0077932920
        -8.0922332888        9.6756632976        5.0996386741
         4.3820711544       12.1332063369        1.1327497826
        -1.5991988267       -1.2070737522        6.6516713875
         4.0304580695        3.0849351117       -4.4671135673
        -6.9848250422        6.5040367393        6.6679386361
        11.2671294061        6.0181852612        4.4493913567
         7.0999387148        7.7732336804       -0.3900055746
       -11.3905153541       -0.8776398204        5.4707454103
        -4.2398745489        0.7244043014       12.2993212438
         3.4044874323        8.8487738601       -0.4363236648
         9.5087540255       -8.0970206258       -1.9889309646
         3.9550249347       10.6555771425       -5.3387101616
         4.1897626068       -0.7730161326       -4.6669914221
        -9.6118262445        8.1061786111        2.0691330631
         5.0614540574      -11.4622571696        1.9153213085
         5.3477311265        3.9889636452        8.3059358006
        -0.9002809239       12.1075784593        4.6102867418
        -4.1440157085      -10.2131006509       -9.7457514309
         0.9368986915        0.7024548821        4.8624483109
        -1.4579481213       -1.1545549396       14.1147126893
        -3.3962564344       -2.4990819146        0.3136870695
         4.1730633936       -4.5035269031       -4.8129704647
         6.9846934333       -6.1929791054       -0.1987332130
         6.0297888949        4.5658430129       -1.8954728578
         8.2346499461       -4.8909899383       -3.6316655778
        -0.4950752455       -9.0833840828      -10.0150986359
        -3.3827944598        1.1440695600        0.2833202496
       -10.1549612652        1.1178266881       -2.6859883902
       -12.9711235325       -0.8285699799       -0.9771337922
        -8.8337473297       -6.6006990080        3.7391954118
         4.0075294144       10.2150919485        9.8347205029
        12.7872421342        4.7352700983        1.1365870364
        -4.9897927511      -13.2284070241       -7.5594127391
        -4.1127642364       -3.0742395695        4.5286639599
         3.1111674279        7.1159740314       11.9665628728
        -6.5405268566       -7.1934799191       -9.8551519249
        -0.3624878835       -8.8848440356       -6.1902932169
        11.4412184510        8.6474747202       -5.2082356433
         2.9554287789      -11.9216240050       -1.2895024020
        -9.3132924993        7.4015237034       -4.6354631778
        -0.7033327948      -13.0494988878       -1.0848350066
        -5.5816843794        7.5427181366        3.3143884588
         5.0857360802        7.6010811287       -3.7061532044
       -10.6665648045        6.8632134606        5.5986291261
         0.4213638119       -5.9458163296      -12.1379254913
         4.1140781611       -0.7431291372      -12.2276123242
        -2.8633566799      -13.1990131473       -4.3507649550
         1.4870808022        1.2039948126       -6.5792332663
        -5.5893714906       -8.9191585995       -2.7414386558
        -5.4737259330       -3.9864221873       -8.2113469688
        -2.1873571668        2.3221679938       -6.6124170271
         2.3419443078       -9.3517944933        3.5719747551
       -12.9045719783       -4.7380164416       -1.0333097783
        -6.8064017311       -5.1313493430        9.9418547900
        -9.9492900493        5.3491029449       -7.8444374077
        -1.4412570722       -8.5260348023        3.6817192470
        -6.7565956807        1.1583029251       -1.1544122604
        -9.0507980642       -9.1351204523       -4.3705271800
         6.2042402259        7.0333014548        6.1334823261
         8.2877535256       -9.3165349002        1.4882111087
         5.6614212443       -7.4535522930        3.2014929901
        -1.9056835352       -3.6270065884       -2.8044514523
        -4.5184996086       10.9123799675        4.8415842244
         1.5425240302       -2.4662089490       -2.9395503529
        -7.8775895153       -0.9327164724      -11.8315665718
        -9.8667058530       -9.7886583565        2.1459729840
         4.4242201471      -10.9048537971       -4.7768981172
         1.4910309436        1.1796605146       -2.9207452265
        -8.9705237669        2.2470788154       -9.9275329728
        -0.0629710309       -0.0090245492        0.0137600945
        -8.3390633191        4.8889490205        3.6851737672
        -5.1533359023       11.4534944124       -1.8565106546
        -3.0464315486       11.9181374106        1.3492103334
         3.2719687056       -1.1405533594       -0.2078520559
        -9.6957510836       -7.1538814003       -7.6269455185
       -11.5812174562       -4.7425669292        5.3989365569
         4.4034946518       -8.4842535059       10.2647905544
        -9.4333943171       -3.1248199068        7.9931592433
        -1.9382728516       -9.3884084744        8.2171017555
        -1.6348114185        2.6294261952        6.7284667030
         1.7347969331        9.9652957817        2.8487248632
         4.4949865008        0.9004170477       14.0150001850
        -4.1499492709       -3.1570939600       12.0938908805
        -0.2053725141        3.5066436369       -0.1626252790
        10.9565947401        0.9432960802        9.7734575262
         6.0430059859       10.9627758161       -2.1154214053
         7.0108364012      -10.4793650164        4.9503111965
         0.1048394013       -3.5175922745        0.2413500860
        14.0728077692        0.9330382539        7.5657248086
        -8.3997147999        9.3262971247       -1.4204233514
         5.1313764400        3.8511081794        4.5195226505
         2.0838466275        3.9346130593       10.3219479343
         1.1482536779        0.8120571442       12.2760883163
        -6.6368230748       -4.9768821054        6.1652283836
        -2.4331291247        9.3412316044       -3.5104821916
       -10.6728897673        6.2452312466       -1.1456762162
        12.6561251001       -3.0280753362        1.0461404288
        -4.5374258647       -5.7033637422       -1.1940198041
        -4.2979367969        0.7431792837        8.5270615666
        -1.4871993464        2.7247148378       14.1572636255
         3.8419943792       10.0108635368        6.0728482582
         6.5586074262        4.9858833851       -6.1096724831
         1.4625782554      -12.7649917736        2.2036899622
         3.2373889665       -5.4255926290        8.4988720474
       -10.1961733591       -2.7693972091       -2.6955213379
        -0.4732090153       -4.3620984511        8.4886725175
         6.4585807144       -5.4042010357        6.3835043179
         3.9340271240       -8.4931417301        0.1474784766
        -9.5300161648       -0.8255802209        0.5702706178
         8.8483590887       -2.2461907530       10.0176537871
         8.6660528880        2.8240255801       -3.7371928888
       -12.2957776372       -2.7761783977        2.2367388342
        -7.0925287713        6.2058425668        0.2641430716
        -4.0392467695      -10.6732463852        5.3918814764
        10.6880879220        0.8758295827        6.0125816466
        -6.8728055889        6.5656545311       10.3766243791
        11.0047251657       -2.9812359226       -5.4450995567
        -8.6105704929        1.0284926232        3.7606784678
         5.4562088722       -2.3066935291        8.4025668308
        -4.1955392742        4.6338908363       12.2849830565
         0.6072176772       13.0423879246        1.1462908743
        10.0745316861        2.7735103673        2.7960690380
        -4.5236686099       -0.8531424898      -10.2122706551
        -1.5535381112       12.7556760755       -2.1445098012
         9.5682714117        7.1579678941        7.7281249013
         6.6348206594       -1.1509719155        1.2351241804
         3.2350370104       -7.7109121994       -6.4086799056
        -9.5294755697       -4.6860256705        0.5104395542
         5.4929369277        4.0715058909       12.0585438384
        -1.3899132705      -12.0934160718       -7.7542939051
         5.4804828519       -7.5444535316       -3.2489014198
         8.5972388537       -2.2760775395        6.1945741270
         9.2003828660       -7.3942065692        4.7126952508
         7.7458889646        0.9321467825       11.9252142332
         5.5906248829       -2.2679084202       12.1567478181
        13.4456410870        2.8219240859        4.3518805073
         6.4077760085        7.1962803865        9.9519116644
        -7.7101189915       -0.8706762075       -8.1096561708
         0.2327367767        8.8863856045        6.2706473501
       -12.7815293657        3.0550726758       -0.9572085442
         9.4865197960       -4.6691106185       -8.4418960134
         9.2203606726       -3.0480246869       -0.4720921320
        11.8652063300        4.0481813602        7.6805805141
         1.8323548573        9.3789209611       -8.1583444728
        12.1147862501        6.6802749832       -2.0561680569
        -7.3585292482      -10.2324695930       -7.6249780871
         1.8907146430       -2.2558379263        2.9686706997
        -4.2914743122        0.7751901832        4.7308308755
         3.1142155788       -5.3761259866        4.8005381290
         8.1006869013       10.9834001836        1.1767899128
         2.9853790843        7.0128709043        8.2463071749
        12.1697878103        2.7939064164       -2.1707313129
         2.1811072372       -2.3191668006       10.4083320323
        -1.6465495756        2.4681752696        3.0111953091
        -7.4417738798       -0.7984362792       -4.3503251240
         9.4347616285       -0.7737586068       -8.2316508320
        -1.9937402892        2.2618253290       -2.8955006477
         2.8054222805       -5.4888314953       -1.4819726848
        -1.5775536866       -1.1661410937        2.9823565148
         9.1661376763        6.9544472883       -7.6345878142
        -3.9707950896      -10.0104225309       -5.9837724857
         6.7361589427       -6.5676969774      -10.3543778355
        -3.6865030261       12.1541192620       -5.3844621784
         6.6878559068        2.6803081814        1.2620606974
       -14.1965841438       -0.9281876660       -7.4660131318
       -11.4791727019        4.2632201743       -4.4150289043
         7.6463094011       -8.4637884850        8.1335247031
        -0.8408655451       -6.7387185932       -1.2208169587
        -2.3547803134       10.9182214814        8.0419778308
         9.7604903064        9.8189816019       -2.0352587885
        -5.7183430191        2.2648677799      -12.0729435927
         1.3477700938        8.5162098883       -3.6230082691
         1.2565368574       12.0945690431        7.8328399377
        11.3592533953       -4.2510214117        4.5013402316
        -1.8449207546       -9.9701771738       -2.7747473137
         5.5204106103        8.1899925181       -7.9131230467
         4.0191078472        3.1307129912      -12.0291509920
       -13.5525383446        1.0630575282       -4.2399209717
         0.7945324389      -12.1062473522       -4.5411324651
         4.4224616860        5.7020545330        1.2818152119
         8.7338405284        4.0929397437        9.9314690002
        -7.2157799852       -7.7730814644        0.4871857472
        -6.1424646107      -10.9804821762        2.1720232467
        -6.3293246271       -7.0305301995       -6.0370017344
         7.3204865682        0.8035097831        4.4449530466
        -1.1743847626       -0.7634963771       -8.4812796069
        -0.2368961579      -11.4937388558        5.4021552563
       -10.8119077586       -0.8700789805       -5.9132481736
        -2.9421970314       -6.8106151092       -4.3975817248
        -4.5188736859        8.4819863134      -10.1948193793
        12.0490964481       -1.1140706120       -2.2263676549
        -1.3341922465        6.3854450918       -1.8600728949
         4.0599972222        3.1318002659       -8.2717961048
        -3.3525270736        5.4235124534       -8.4270630366
         1.3437649658       -2.7327680767      -14.0859729292
        -6.5939865154      -12.1263718407       -4.3198897671
         6.8897538961       -2.7278941797       -6.5061663795
       -11.8744158966        5.0201327762        2.3454888558
        10.5571035254       -6.2300128758        1.2297423267
         5.2278660710       -2.3012379374        4.6167662312
         9.3303667434        3.1076165772       -7.9532906438
        -6.6415769102       10.6023451795        1.6337497299
         4.0531763318       -4.6338209769      -12.2221913098
        11.7737355542       -4.9812178013       -2.2341922549
        -3.4393333438        5.3846991661      -12.1384250964
         6.8305083970       -2.6787804572      -10.3433424651
         3.3147583803       -5.3898652463       12.2101745121
        -2.0818912443       -3.8283569974       -6.5141446798
        -1.2856060279       -0.8179091955      -12.1968714222
         3.1418167316       -7.8671532397      -10.2246326815
        -6.8467594672       -1.1210416724        6.4073463078
        -4.3972204707        8.5392702729       -6.4865237796
         2.2160098426      -10.9208021842       -7.9666674667
        10.5670874305        7.9509949368        1.2034517765
         4.4238376347       -4.2993006680        1.4730128444
         8.0279298811       -9.6525021759       -5.0710919617
         0.3220834699        4.3218998257      -12.1940649025
        11.9739259191       -2.2065827927        7.7373853699
        -4.2763790254        4.6031858453        8.5748418290
         0.3656325337        4.3315663464       -4.6261048841
       -12.1952991813       -6.6825294753        2.1689440097
         2.9937152523        6.3132434897      -10.1564439610
         2.2514036022       11.9451473810       -2.1396481871
         1.4432691184       -2.7018530427      -10.3731790916
        -9.5359399745        0.7508132202        8.2916546835
        -6.5714760159        5.4061132442       -6.3036363822
       -11.1082317421        3.0019109114        5.5169646340
        -0.6620065509        5.8588723267        8.4610499307
        -4.0236113294        8.4860727565       -0.0850847330
        -5.9571663697        9.6914851456        8.2655367670
        -2.2169433154       -3.9366141728      -10.2364344104
         0.7325178511        6.7325119022        1.2959478456
       -12.1684875126        1.1413389024        2.3008547968
        -6.1388530204       -4.5663477175        1.9861527082
        -4.4882255897      -12.1439163386       -1.0652438995
        -0.5618857983        5.9430402935       12.2152907372
         1.8230541757       -8.8225086031       -3.0029856465
         0.6264254497       -5.6703136869       -4.5965759801
        -8.7843478014       -2.8210688470        3.8120349781
        -5.6285716549       -4.0718691724      -11.9652398128
         4.3940546153        0.8526193468       10.3004836524
         2.2563054040       -2.2717208900       14.1200013045
         3.2869910507        2.4967717669       -0.2278284831
        -1.5787932819        2.6996370998       10.4465349498
         7.7474396674        9.7418669745       -5.3166191667
        -4.1692450198       -3.1448418979        8.3447900148
         8.4952217771        3.9770485955        6.1134535316
        11.4544633442        4.7951757175       -5.3511559609
         6.5561103441      -10.6021560040       -1.5834980314
         3.9695619912        0.7215105653        2.8670442759
        -0.4488928180       -4.3355910523       12.2614864806
         4.8567978662       13.2294027367        7.6466935844
        -2.5270308292       -5.5214388155        2.0290749422
         1.4128551809        1.1756793324      -10.3036781370
        -0.7621610292        7.4843542969       -6.4298826965
         5.9275915794        0.8382059488       -1.9922346118
        -4.6338335909       -0.9051008917      -13.9294697049
         0.6588164867       -7.4922368766        6.4921313983
         0.6364196296       -7.4543507113       10.3416944338
        -8.6179633467       -3.9725677525       -6.0132219450
        -6.0415712825       -0.8359345226        2.0674131211
        -1.5385771026       -1.1880261035       10.3793050392
         7.8618557365        5.9116257774        2.8648732230
        -2.3265437388       -3.9897785338      -13.9533518973
        -3.1152421980       -7.0111725260       -8.1577111157
         0.2827541138       -9.7728230263        0.4411794607
        -5.5755167055        2.3074489158       -8.3177980777
        -1.0467584428       -0.6984482856       -4.7755628057
       -11.9900376236       -4.0437450668       -7.5777079791
        -3.2510705168       -7.1170911116      -11.8794803452
         4.2890392309       -8.5406234749        6.5552583301
         2.8200858346        6.8117984769        4.4865074042
        -8.7157380364        2.2806126833       -6.1047218066
         1.5155242727       -2.6281671713       -6.6541097011
         6.7494444702        1.1192456447       -6.3481630609
        -3.5071204204       -8.8573909759        0.5063079756
         6.6592138020       -5.4013592464       10.1984914563
        -5.2492241918       -3.8472151044       -4.4264559597
        -4.3544123974       -0.7934637606       -6.4900117092
        -2.3902114114        2.2637501632      -14.0450883127
         5.8124362222       -9.7258464966       -8.2163940551
        -8.0245978285        4.3113246425       -2.8983243104
        -4.0834066255       -0.7170962590       -2.7804652628
        -6.9972414083        2.7262314613        6.5694548021
         6.8016690334        1.2301904253      -10.1916957352
         7.2274908525       10.2351788104        7.7208531961
