        -5.4629194007       11.2284002937       -8.8080560107
        9.4105276595        7.3776992239        7.7200861549
       12.7752684097        4.7590389628        1.2789736212
      -11.4849457276       -0.7481186807        5.2722890211
        7.8640910946        9.5554489828       -5.4310364564
       -1.8346915044       -3.7510656289       -2.7017329882
       -1.0107237538       -1.2439438937      -12.1633961290
       -3.1691952924        4.9455810825      -12.3582403899
       -6.7635377590       -2.7584597514       -1.2030225765
       -9.5095540172       -7.4441147773       -7.5681194194
        1.6061372826      -10.2728418602        8.7952536884
        0.1131965365       -3.5297408965        0.3791465709
        2.4728355534        5.4299915487       -2.0595732178
        7.0633480253       -3.0193747848      -10.0727185215
       -3.1704091924        5.1052588475       -8.6513456572
        1.7449095820        3.6876443156        2.8230168568
        0.5459353350       -7.3107730507        6.7623669841
        0.7030244156       -6.3587328926      -11.9027993083
      -11.2757666448       -6.2017721422       -4.3638565154
        1.6301198504        0.9669948759       -6.5540270765
        1.6324658460        0.6641716284      -14.0078635765
        0.3000897369       -9.7808737739        0.7848809029
        6.9779191140       -6.9085833564       -9.9685079966
       -0.2549779517       -9.4298419382       -9.7005515028
        8.3755947127        4.1467174899        6.1805807365
       -0.3230778020      -11.3449285764        5.7813170081
       -9.6972913114        0.9692482258        8.0817657853
      -10.6741726757       -1.1119561542       -6.0825014265
       -3.3113435315       -6.0367437177       10.3648043525
        3.5044975662      -12.0033345770        5.9306002830
       -2.0777660345        1.7731086628      -14.1352207023
        4.4063411691        5.7147953054        1.2108867516
       -1.9291204118        2.1327660982       -2.9880767258
        1.6391601571        0.8217944730      -10.2742984230
       -1.6272104492       -1.1070154108        3.0122612420
        3.7200704944       10.1685885630        5.8565352208
       -5.7767913225       -7.9786633067        8.1144898582
        8.5998129721       -1.1564480925       -3.4564923415
        5.6231146407       -7.3706439321        3.5800901894
        9.6138549826       -1.0444928692       -7.9598408103
       13.9256189914        1.1631334838        7.8520732425
       -7.8918799061       -9.6430059318        5.5251990466
        0.5382794173        4.0603608292       -8.5174855721
       -0.8133064718        6.2890826582       12.0253702358
       11.5852757951        4.6150725062       -5.2323848269
        1.9722953080       -1.8547975227       14.2520276810
       -4.4466602387        4.9796895635       12.0612629044
       -7.3383801852       -0.9835786537       -4.4518117783
       -8.6722493328        1.1075111413        3.5589316595
       -1.9284698190       -4.0720069060       -6.4047899102
       -0.7936858414       -6.8031202141       -0.9944651583
        1.8727687216        4.2259211509       10.2509174255
       -4.4359022864      -12.2114238241       -0.7452139533
       -0.6343413342       -4.1241419765        8.6341121242
      -10.1245134294       -2.9030079126       -2.7932710146
       -3.1228456043        5.1859628809       -4.9494168122
      -11.8108608034       -4.3392666927       -7.6681202085
      -11.9082775767        5.0487593168        1.9501279927
        0.5938171056       13.0413369565        0.7838781139
       -6.1257865147        9.9067722622        7.8490069089
       -7.1250998224        2.8925409727        6.3490601308
       -5.6961238183        7.3271521427       -3.4709866741
       -4.3786884066        4.6177577587        4.6601152169
        1.6811418338       -3.0580668250      -10.2219284824
        4.3670961863       12.1394156904        0.8706866672
        5.6831486056        7.9210423126       -8.0195026644
      -12.2218717152       -6.6616853801        2.1492079492
       -1.2965092865        6.3068733476       -2.0830253715
       -1.7237398342       -1.0308196789        6.6763298215
        9.6881710246       -5.1105723579        8.3257805983
        0.5860693102        3.9089260983      -12.2843679949
       11.1490428202       -3.1645070444       -5.0869669234
        3.9557699775       -8.5004062051        0.5260943755
        9.8114928078        9.7369567031       -2.1140852583
        2.4141660940      -11.1962193485       -7.5393017591
       -3.5159389451       12.0666241116       -5.7368693621
       -6.7507941429       -4.8197560251        6.2018681175
        6.0133931360      -10.0017510936       -7.7519444831
       -2.9735207216       -7.5314907855      -11.6838299794
       -2.9188135311       -7.3069156585       -7.9651285013
        6.4635163353       -5.1001809335       10.5266453935
        4.3416047760       -4.8930374015       -8.2459527393
       -4.3207392065       -1.3938546643      -13.9626852512
        9.1289938516       -7.2581060493        5.1641206298
        1.6635386180       -3.2070819681      -13.9330148714
       -4.4952873171        4.2224636148       -1.6148447835
        6.0828395689        4.4834156917       -1.8948206108
        9.4381001758        4.6539129901       -0.3389967492
        6.6174932982      -10.6576864510       -1.0802031541
       -9.6460139660        8.1302319112        1.6213804811
        4.3707496459       -1.0413875920       -8.3081465325
       -4.0148099460       -0.8464492960       -2.8176739423
        4.3340483847       -5.0403829056      -11.9523900513
       -1.7335875737       10.2446572056       -8.6722613888
        5.7793999975       -3.1030654946       -1.7073119287
       -4.2674019032        8.2742119643       -6.8388465353
        7.2428232583        0.9213099537        4.5877268977
       -5.3909529754        1.9960081667       -8.4812556757
       -4.1942813790       -2.9665354721        4.5607985639
      -13.4622363253       -3.0053449361       -4.4162717817
        4.1775795894       -8.3527468027        6.9370701660
       -4.1262282543      -10.5319751576        5.6650465939
        3.3002428668       -1.1767153224       -0.0872487153
       -6.1779700915       -7.2640415791       -5.9129235479
       -7.2058273492       -7.7985644233        0.6086298576
       -8.1760568728      -11.0597895882       -0.8749752738
        8.5295996501        4.3814419818        9.9967467114
       -1.6969798580        2.5322262671        2.9144385190
        0.9219932673      -12.2711847060       -4.1074775564
       -5.2386100556        2.1154106494       -4.6948698690
        9.6797468323       -4.9440304592       -8.0531345139
       -2.3661058476        9.2131934114       -3.8513439433
       -0.9394350174       -0.8865640209       -4.7489118692
       10.5609210963       -6.2024617302        1.6748918175
        6.2013326511        7.4787463105        9.8707526504
        1.9892883448        9.1025195155       -8.3786346783
       -5.4503200530        1.8308226231      -12.2349467516
        6.6837972048        4.7744724304       -6.0917971108
        2.8635911603        7.4577339452       11.8177186427
        3.3930451170       -7.9359610088       -6.0643807179
        3.0378872494       -5.2487096683        5.0563223843
      -11.3700131976        4.0772312355       -4.7684791284
      -10.8629207634       -1.3051724693       -9.8448406887
        3.9252897247        0.7847740703        2.9394626256
       -5.1107628332       11.3652768836       -2.2938505363
        4.3867880610       -1.1498863380      -12.0766277442
       -2.8281684298       -6.9864995134       -4.2104956093
        4.0718395123       10.4634413890       -5.5620072036
       -3.3868592787       -2.5233149434        0.3468492147
       -0.5439362602       -4.2112474911        4.8394391011
       -6.7165317268        1.0816247748       -1.3099447751
        6.6314499290       -1.1348350508        1.4295228553
      -12.1987526446        1.1688770800        2.0239446034
       -7.0859111749        6.1820724664       -0.0673426503
        4.2104112156       -8.1820672990       10.6446661874
       12.8420106396        0.8689121772        1.3275229387
        3.8039280581       10.4892146367        9.6124986023
        6.0957923432       10.8736499639       -2.3058743618
       -1.4950173805       -8.4350636738        3.9438017381
       -9.7493658474        4.8363373993        8.1866096714
        4.4205467077       -4.2752400370        1.7239555240
       -4.7963780767      -13.5045336677       -7.2079250220
       10.5501599133        7.9702216038        1.1968585202
        9.3259341115        6.6949576635       -7.6227798997
        2.8165124927        7.2384186689        8.1000983422
       12.1216636823       -1.1957199569       -1.9092704284
        9.4401583708        0.8043406080       -0.2971102163
       -8.4729219214       -4.2106098488       -6.0360835162
        5.4172779429        8.9769931733        2.6889659782
       -8.6341460982       -4.4521936503       -9.8523179297
        8.8401114344        9.2527264060        4.3888962396
       10.5757505697        1.0490288605        6.2267546652
        5.3476482243       -1.9089628165       12.3581009379
        4.1869844762        1.1472347984       10.3760095139
        9.5834449820       -8.1713416556       -1.5037963107
        6.3481646761       -5.2222257102        6.7100832936
        5.5721325847       -7.6584010635       -2.8646661765
       -1.1941539698      -12.3691435338       -7.3645301991
        4.2087628327        1.3144881162       14.0896797945
      -12.3244577138       -2.7515730348        2.0857492869
       -1.7580929164      -10.0867236664       -2.4641738512
        7.0079276087       -6.7300096771       -6.2311110458
        7.0691976076       10.4485312102        7.5683755541
       -1.4816945532       12.6664895838       -2.5170512643
       -7.6106275448       -1.3603237687      -11.9329515405
       11.1807654176        6.1399135612        4.5155256564
       -3.0696890929       11.9227839375        0.9406250340
       -4.4881754721        1.0734429072       12.1990440119
        5.2951841769       -2.0671390195        8.6047287144
       -6.9688861452       -0.9567631438        6.3136061483
        3.3054708946        2.4637054392       -0.2254760960
       -7.0839089814        6.8474883056       10.0369188439
       11.7109887803        4.2741699517        7.8194990120
       -6.9988952760       -4.8557665732        9.9770271047
      -10.6325707122        6.1686647526       -1.5532319751
       -8.8934864289       -6.5248823633        3.7842497371
        4.2340176479        2.8507357473       -8.2475644773
        8.4871269662       -2.0993713197        6.4649986665
       -9.5230668823       -4.7157020700        0.4837020283
        1.2186363943       -6.3535896886        2.1814509913
        5.1523826548       -2.1783846602        4.8170153084
        1.8507862446       -2.1919792040        3.0995931120
       -6.1630738869       -4.5422982967        2.0246994507
        0.9052627170        1.3217874914       16.0062807615
        6.9364251941      -10.3369101995        5.4531290183
        6.8770246617        4.7652109996       -9.8924683844
        7.8110627638        5.9776040419        2.8600687217
       -1.7767514848        3.1346201170       14.0498844995
        0.8795044940        0.9988799799        8.5755811617
       -4.4945136147       -5.7781839886       -1.0803460552
       11.2893158109       -4.1206472562        4.8979421081
       -7.6261222045        8.1481011027       -8.4876444927
        1.8310659780        4.0052925140        6.5325167246
       -4.3304130096       -2.9170093807        8.3734389572
        1.9758312389       -2.0208672881       10.5426646706
        8.6515442047       -1.9490172767       10.2895138263
        5.9913845351        0.7529873390       -1.8732057140
       -4.0115125096        8.4495563328       -0.4229397264
       13.3661704279        2.9483170925        4.5667002531
       -8.8459494004       -2.7422709991        3.7335915762
       11.8286559851       -1.9740396482        8.0791233515
        8.0837862087       10.9965871860        1.0255708789
       10.7603276361        1.2350077878        9.9885502342
       -7.1177218108       -0.9730295149       10.1594109056
       -4.4661793513        0.9732891851        8.4265820861
        7.5030500061        1.2850202345       12.0686296427
        0.7134998511        6.7416118484        1.1153351542
       -9.3416095277        3.0424717733        0.2676183425
        3.0787318044       -5.1826994938        8.7570826988
       -9.5849307292       -2.9139505931        7.9101472585
        3.0754755108       -5.0301209377       12.4665479130
       -4.3773230240        0.8881369400        4.6327013524
       -7.9026971763       -6.0411281017       -2.7180610177
       -2.5511416161       -5.4870429491        2.1754607587
        1.0961736589       12.3032091928        7.4993815052
       -0.6289376951        7.2510464065       -6.6528586532
      -11.2070039010        3.1307682757        5.1997103675
        4.1099516944        0.9748048251        6.6554173957
       -9.7859443297        5.0363935032       -8.1968123577
        6.8827848465        0.9017120678       -6.2009511908
       -0.2059561442       -9.1100141821       -5.8830082999
      -10.6411577580       -8.0328580015       -1.0451021339
       -5.3537325819       -4.4965389500      -11.9177481065
       -5.5076322978       -9.0450903566       -2.5448186449
       -5.6388556486        7.6062504382        2.9750354936
       -6.4726337836      -12.3032618997       -4.0406461082
        8.2888868100       -9.2816324356        1.9844503856
        8.1617138752       -9.8199729428       -4.5641980590
        6.3835722290       12.2347636701        4.1892640213
       -8.9329200041       -9.3184269465       -4.2379709497
       -3.4933288509        8.1482879977        9.9895453333
        3.0128509838      -11.9761319232       -0.8201582531
       -6.6700982006       10.6080762692        1.1782902689
       -6.1618414558      -10.9477616469        2.4156821004
       -9.5253163235       -0.8511754128        0.4160016291
        7.0191475465       -6.2166549570        0.1692219222
        4.2782626729        2.7302967630      -12.0008974353
       -5.2812104761       -4.2895900797       -8.1664582757
        1.9119521479       -8.9364190249       -2.6541763445
        7.1177895425        7.7384422583       -0.4642650783
       -2.7377928684      -13.3668535199       -3.9584942153
       -0.9823331098       -1.0701939432       -8.4503127345
       -4.2925004399       -1.2215164707      -10.2474738126
       -8.1912068046        9.7879738198        4.6385174425
       -0.3634697004        9.7142246346       -0.6748389276
       -7.9498849376        4.1799314987       -3.1851158214
       -2.3610063650      -11.9145016055        2.5503991516
       -6.9796665943       10.3210594696       -5.3801627725
        1.4473852794      -12.7137576140        2.6639915451
        8.8121682639        6.4666523547       -3.6361533658
        4.5541408945      -11.0694670507       -4.3055125632
        3.3841815024       -8.2129351819       -9.8737351046
       -3.4951825158        7.8722809009        6.1797928771
       -3.1066231300       -6.0938243201        6.5218459355
       -3.9080824209      -10.5591369390       -9.4711096806
       11.4092483995        0.7185422925       -5.1689161405
        0.1078278718        9.0475493432        6.0126449845
       -9.4391065558       -6.7842462446        7.5812868815
      -12.9343741753       -0.9078396514       -1.2009979172
      -13.4460844140        0.8766065555       -4.5331370254
       -0.8319316443        5.7843096169        4.4954334433
        0.7317007288       -6.1523873415       -8.1510323781
        0.7402523685       -5.8439210647       -4.3729919842
       10.0296420392        2.8433989121        2.9382368120
       -0.0311028151       -0.0226925556        0.0623479641
       11.8504967872       -5.0627886713       -1.8009972823
        0.4637381138        4.1558714620       -4.7271189158
        1.8947178476        4.3938214277       13.9645818467
       -2.9310410377        5.4999922086        1.3313324459
       -7.1676069996      -10.5165667268       -7.4185263384
        2.7344082987        6.9195845875        4.3451266870
        0.8493290658        0.8240076851        4.8733347163
        5.0500594475      -11.4106337782        2.4100744702
      -10.7720951950        6.9910264041        5.1679505676
        8.7654154321        2.6891687691       -3.6208297439
       -4.3014288027        8.1021005285      -10.5777231108
        4.2864046856       -4.6779427524       -4.5518989924
        3.4210812199        8.8078247874       -0.6196845831
       -6.0682788040       -0.8088396230        1.9858539114
       -8.5794411300        2.0317394697       -6.3337713956
       12.1693613644        6.6034239549       -1.9870386060
        9.4997616803        2.8419492969       -7.8083707099
       -1.7903290242        2.9907931595       10.3399957649
        7.0350320728       -2.9507375083       -6.2351491078
       -1.7448041895       -0.8952511027       10.3999267360
        2.3092086462       11.8495636988       -2.4370163812
       -8.4003839567        4.9654117557        3.3654891659
        1.6111713070       -2.5863188195       -2.8006700543
      -11.6746520623       -4.6141986155        5.3234952905
       -2.0086778456       -4.4713515583      -13.8382521911
        5.0460211224        3.9651572376        4.5185107658
        9.5852606098       -8.7993966954       -7.9985993021
        7.4250803304        1.1081109447        8.3491094125
        3.2055468280        5.9729484617      -10.2526119967
        5.1696769433        7.4645834018       -3.8102261462
       -0.8339653457        6.0871461269        8.2741001402
       -2.5195085487       11.1300707549        7.6664915101
      -14.0251044046       -1.2267735513       -7.7039122520
       -0.6475022976      -13.1084289014       -0.6560760079
       -9.1965321099        7.2192543913       -5.0469736031
       -8.7511930786        1.8757755647      -10.1582785548
       -4.3907683394       -2.8116705323       12.1211045815
       -3.8157987517      -10.2366753163       -5.7143658037
      -10.0827383866        0.9876408021       -2.9101668177
        2.6637196023       13.2989316708        4.0913713106
       -5.1396206285       -4.0291778468       -4.3856132890
        6.6756260527        2.6967248479        1.3337645818
        4.1220120563        2.9182679340       -4.4472468841
        5.2438048024        4.4212959479       12.0531233383
       -6.5605267520        5.0213053578      -10.4102793512
       -6.3063750172       -7.5495946346       -9.7272729214
        1.5509881434        1.0547633653       -2.8992537864
        6.0820152952        7.1976006309        6.0565639611
       -8.3550965212        9.2492552657       -1.8865523786
        1.6817970943       10.0188181021        2.5929234376
        9.9901627517       -1.0338497311        3.0389761476
       -7.5254065884       -1.1774405744       -8.2123702114
      -11.9252481627        1.9077305812       -7.9416789824
        4.2929616693       -0.9447036707       -4.5182377511
        1.4235403638        8.3785035355       -3.8383720140
        1.6692804882       -2.8665764468       -6.5068774468
       -0.5392944245        7.0980132903      -10.4874733055
       -3.3686445973        1.1135416920        0.1946582916
       11.5577097583        8.4697642544       -5.2137857302
       -7.1151999743        6.6696880621        6.3299050817
       -0.6913461712       -3.9788786122       12.4045395155
       -1.9831340906        8.8799688235        2.7710513995
       -2.0869195160       -9.1541246297        8.4902215130
        4.6996769398       13.4359951769        7.3536840975
       -5.2468437251       -7.5269568077        3.9260526875
       -2.0404364517        2.0728796616       -6.7060082157
        0.4396094823       -7.1531813809       10.6081664712
       -4.2063941111       -1.0410012611       -6.5270417322
        0.1495219651        9.3624581875        9.8300937034
       -0.9918682636       12.2141962936        4.2353140023
        5.1795573111        4.2206139058        8.3025979989
        1.9501887356       -2.1392416582        6.8231605945
       -5.8463535942        3.0441333822        1.8031486062
       -9.8891352113       -9.7650648965        2.2747565143
        8.3406600424       -5.0226395026       -3.2781585995
        3.0268618459        6.0368435793       -6.4123336535
       10.8282266172       -7.0123981958       -4.9679664204
      -12.8655944481       -4.8213442316       -1.1269542698
       12.6594433370       -3.0052101038        1.4335471430
        7.0227539873        0.8931218151      -10.0427974447
       -1.7648538932        2.8044274771        6.6249618123
       -3.4944513147       -8.8727507304        0.7402534234
        7.8713788589       -4.2256314845        3.3014637971
       -4.6148517147       11.0224482940        4.4224269773
       -4.4483010816        4.8318878454        8.3523192653
       -6.4410753326        5.1502441883       -6.5944113347
        7.5003247037       -8.2228025149        8.5836714210
        9.2567563446       -3.0794202543       -0.1594341748
       -0.1961613773        3.4823590901       -0.2700407278
       -1.9804218393       -4.2986253221      -10.1231544366
       -1.7434360376       -0.7430421675       14.1329896093
       -2.0752539612        1.9426507899      -10.4246554948
        2.8550432386       -5.5528429710       -1.2209472706
       -7.1500057543        2.9448350805       10.1989110393
       -1.0200798595       -1.4026135616      -15.8861341537
        2.2920136406       -9.2547931753        3.9400466148
      -12.7445044251        2.9792582638       -1.3040729950
       13.3530744404       -0.9202183913        4.6678548738
        0.8994239113        1.1660939843       12.2859523763
        0.2701790017       11.2957592065       -5.6709896973
       12.2344533439        2.7141697691       -1.9756437479
