       -12.0446585027       -4.7292581006        0.9477315606
        -6.8199409131       -9.7226218511        7.3947852582
        -7.6245692053       -6.4481168215        5.7683907461
        -6.5136864404       -0.9248514565       -1.8889996096
        -6.7187353294        1.2816499457       -8.8631137232
         2.9401500934        3.0626118801      -13.8326181837
        -1.2596568710       10.1213260549       -2.7283322703
        11.6414491830        2.9192124284       -4.2713099756
         0.7999455757       -4.2783053087       14.0594058750
        -2.1857564243       -4.9764666408      -12.5798238855
        -0.1702614510       -3.4659355027       -0.3081818040
         5.3796581812       -7.5939282399       -3.3759435809
        -6.0969390865        0.9768632197        1.4405316620
         6.1148724397      -11.0031211466       -1.7724869125
         6.7688091371       10.2704099984        5.8524106668
        -8.8573565233       -0.8711175033        2.8229044035
        -7.0030465814       -8.0457636630       -9.0488614525
        -9.7310862935       -0.7736728924       -3.7568269134
         3.4254451571       -1.1108664480       10.6325429032
         7.7505496044        4.1237977792        3.8250559871
         4.1419522874        8.4497079530        0.7257288534
        -7.0950088921       -6.0006256391       -0.6226604741
        -0.4340150400       -9.6957210704       -0.6667109661
        10.1065494330       -3.1009427812       -7.0598744317
         2.1419776927      -13.2874818544        4.3519037998
        -6.1528366423        8.1887702051        7.5420861387
         1.2185076392       -4.1326429030       -8.4632796929
         1.8701354396       -7.3799307666       12.0203581502
         1.8392184320       -1.0872490420       -2.8015026097
         1.3160376607       -3.9576204958        6.6395843939
         5.9834546958        5.1814337248        7.0951929737
        -8.8179759502       -7.0491724253       -5.7538010561
        11.8395391232       -8.7345705733       -4.2612635650
        -6.8956315276      -10.4423637625        0.6994429372
        -6.0311907347       11.1019131426        1.7946391989
         7.7187242913       -4.4289629541       10.6193203900
        -4.8363335880        3.0947904493        7.9292147010
         6.9593410388       10.5468552875       -0.6726082055
        10.1162436357       -1.1706699642        6.9913312313
        13.3259135895       -1.3327780651        8.8742468961
        -0.4401436332        0.8882824749       -4.8740177310
        -3.3079882355      -11.8307048550        0.7504635259
        -4.7431027165       -4.4665358896        4.2932838500
        -2.2417164125       12.0017706868        2.2233393824
         1.0698426399       -4.1448250015       10.3531381860
         1.7138239548        2.2040818499        3.1746278746
        11.8395963926       -0.9770291287       -4.2944455928
         1.6107325367        6.0844614293       -8.1696862595
         1.8889876161        6.2548872183      -11.9126538708
         2.3425959960        2.7967942101       -6.4274772167
         7.6554806752        2.7637421054       -5.7363437671
         9.9016426679        7.9832126018       -0.8693774338
        12.7630508247       -1.0799697364        2.2850747395
        10.3426532215       -8.1464373455        2.0391441568
       -10.3747085302       -8.4497290585        7.3396988865
       -11.7529405092        1.0749529439        4.2973243170
         1.5587911818       12.7301343243        2.6306705204
        -1.5600583666        8.5201033880        3.7061809110
         0.2704273511       -0.9157013099        8.5750653935
        -7.8531914148       -1.7673895691      -10.8679162034
         7.0462174038        8.1757570609        9.0301209705
         7.1230818195       -4.9542564980       -5.5529537887
        -3.2761702008        8.9682425819        0.3406829996
        -3.2203141172      -12.0341773691       -5.9427242638
       -12.9515692463       -0.6104583992       -5.6450117172
        -2.2338093161        7.0285439419       -4.5406363296
        -4.1867376267        4.5177681978      -12.4083163130
         4.7268436442        2.0649705963        8.9258479639
        13.0494168762        0.7320335866        5.6380366306
         2.9167432442      -10.4489186237        9.9203271205
         6.3293077435      -10.4913127102        8.1364672478
         2.5657451137        5.2232086455        8.8853118792
         6.9319019893        9.7934858929       -7.3571546433
         7.9401095514        1.9000910449       10.8657043678
         1.5293567939        2.1843570671        6.8912793354
        -1.7733003229        1.1966338960        2.8176301394
        -1.1683136382      -10.2731298970       -8.7404311428
         6.5966184308       -1.2939438318       12.5792854246
         8.3627026767       -9.3624108552        5.0951055972
        -7.8963224490       -6.5899223529        9.4994470605
         5.1415607265       11.3533790047        2.6703825377
        -4.4177811022        3.1256871573        4.1457907690
         9.1874544816        5.0222343491        8.9640251560
         7.8639537339       -4.2276405609        6.8003193370
        -0.7183193821       -9.2486817745        9.8397570441
        -8.2712116935       -9.0638799966       -2.5132866773
        -5.3684309577       -0.8608725819       11.7656875748
         2.1160662581       -7.1937582081        8.3080267918
        12.1229951245        4.8544514065       -0.9920028959
         3.3503033999       11.0956280175       -7.4642835173
        12.2327823678       -6.8433610593       -1.0161121185
        10.5987402332        6.0327226812        2.3893115146
         2.5939064270       -5.4868885853       -1.8622473674
        -3.2406711809      -10.9879347342        7.4860718033
         7.8356159062      -11.1303271999        1.7019824318
        -7.9892358232       -1.8877923481       -7.0407952342
         1.5176086932       -3.6756712296        2.9320577968
         4.4866042971        1.9415026488       12.6735459190
        -0.1687502498        7.2604776621       10.5104888241
         4.7469302213        0.8329438253       -4.2224276799
         9.8383258080       -6.9445929163       -6.8517820670
         2.3272421979      -11.9042777312       -2.1921218957
         4.3621426305      -10.5899182449       -5.1798535762
         2.2282156333        9.2643690341        3.9923815847
       -10.5033464671       -5.9312027623       -2.4029785265
        -7.7726088754        4.3538578272       -6.7977772687
         8.9178109615        7.1480990105        5.7536189939
         3.6359692345       -0.9717257953        6.9154190751
        -3.5489524448        1.0931133421       -6.9127443048
        -1.1473168269        4.2337746448        8.4787822706
         8.1518404033       -9.7541658412       -4.7585587196
         9.0444276906       -2.8848445102       -2.9437698123
         7.0548767170       -7.8690758515        0.1144030240
        -9.9126046922        1.4590124170      -10.7599339728
         0.5634829287      -11.3442581674       -5.5820273643
        -5.0931340151       -4.6417135743        7.9765704255
        -9.7451768589       10.0388480500        1.3142689081
        -4.0340845057       -7.7254229689        5.9049639651
         0.5649406288       -6.7268085670        1.1737971786
         3.3578961130       -8.8662572276       -0.3223407346
        -0.9729224293        4.2672356627      -10.3429290513
        11.0341520736        3.9712536039        5.6776438471
         4.9015103277       -3.0038769428       -7.9156043007
         6.2151575724       -8.1017947608       -7.5225664378
        -9.7043255356        3.1068991688       -3.6866506678
         3.3404832534       12.0063036013        6.0511336715
       -11.5667431918       -2.8126378940        4.2661359649
        -5.4597243327       -7.2100235082       -3.8985873630
        -4.0685730149       -8.3571621277       -0.7148529357
         1.6286004334       -8.4325381283       -3.6907436823
        -4.2863271628       10.6788802079        5.2011389800
         3.8622016806        8.3539028614        7.1311203511
         0.3829307458        1.2918945785      -15.9814732772
         0.8377387623       -4.1859146530       -4.6889984292
         7.9855250950        2.7878877977       -9.5712365316
        -3.0607208353        1.3721092749      -14.3332990635
         5.2478627852       -2.9249969836      -11.6569848798
         8.9419869190        0.9627404421       -2.8236491078
        -7.6590813802       -4.0148388561       -3.8256875553
        -2.1665966639       -9.1879693138       -3.9964562711
       -12.5539237622       -2.6857472781       -2.3537375335
         7.9950814404        6.6950553922       -9.4411957255
         9.4984794278       -0.9737910473        0.4033987714
         6.0307672197        2.9790028600       -1.3052767409
        -2.3004659020       -8.7924991361        2.6325041803
         3.9689887386       -6.1257681410       -9.9647294440
         4.8315418193        4.5675202879       -4.2772513514
        -0.2845292819       -1.1692143032       15.9922688262
        -8.6975580762       -9.5352438631        4.0405896930
        -5.0524912342       -0.7906219798        8.0090867126
        -7.0627143411        5.0460356667        5.5688650065
        11.2791943458        1.8451718956        8.9085079723
        -3.6603256723        0.9302534274       -3.1967478459
        11.0590994711       -4.4019766428        8.6943897217
         5.3468672242       -7.4828165520       10.3393238241
         2.3274521805       -6.9100810615        4.5542870324
         3.1570623509       -1.2426484568       14.3391510756
        12.6194756181       -4.9729424593        2.2664078311
         4.5141959997       -4.2210343363        8.6681706094
        -7.5817153085       -2.6684559572        5.7454365000
        -9.7740541047        7.0365084435        6.8687954725
        -7.7945263039        1.2112726895        9.5150054440
        -2.4495493643        1.0411439875       10.1712649245
         3.1302169559      -10.1626029397        6.1664643248
        -5.9491581635       -2.8857064861        1.3171065310
         0.9751532137        1.9686907422       14.3011565595
       -12.1507894435        6.9488723320        1.0226349297
        -1.4360434817        3.7892331181       -2.9298861813
        10.0039163729       -1.3246866537       10.7574782786
        -5.1793556652        3.0139311374       11.6708986122
       -11.8616943331        4.9760519176        4.3163451375
        -1.4947924582        4.1224184491       12.2351450565
         4.2851090256       -4.3875466520       12.4150113735
         1.5687907716       -4.0226092752      -12.2160422604
         0.3454143679      -12.2296310333        7.6150176230
        -2.2536844386       -2.6857067912        6.4382876118
         5.0885010645       -9.0403772313        3.1317958055
         4.8776480443        2.1431996613        5.1391890551
         2.2202899805       -1.0419295186       -6.4450539059
       -10.2497245049       -0.6963188924        7.2502723737
        -8.6636387963       -4.7433162185        2.6960375507
        -5.3052913668        7.6858845160        3.3920243066
         9.8293989612        0.8916465251        3.7540094248
         0.0471912352        0.0361288209        0.0264541571
         1.2459175678        6.3672652114        2.1727925925
        -6.1191890775        4.7104351842        1.4264126257
        -8.0757908793        9.8473512306        4.7758398559
         2.2744055387        5.1060945812       12.5841057051
         4.1154599900      -12.2000452660        1.2666415075
       -10.3983955936       -4.5939435178        7.3621731770
         1.1929111653       10.3401703624        8.7700911826
        -1.8992739772       -2.4470997297        2.7399195147
        -2.8399590239       -2.9472051688       13.8466781831
         9.4198749506       -4.8250002695        0.3934050377
        -1.4480972911       -2.0670663503       -6.8825160825
        -5.4313074871        7.3590234169       -6.5135019861
        -9.3370402833        4.9336687100       -0.3891787776
         8.0756112594        2.0181817827        7.0389456438
         6.9234746699       -0.9971269164        5.0987246451
        -1.5129280580       -5.9697851478        8.1842780072
        -5.3818808120       -4.7517426053       11.6746109062
         5.8021038475        5.0931405883       10.9102834752
         6.6064251922        1.0351026939        1.8935280847
        12.3750647760       -2.9519004400       -1.0336757727
        -4.3337386290       -7.9620205176        9.7062858790
        -9.4095442771        1.0813221311       -0.4031663476
         6.8088693735       -1.1517386826        8.8626565288
         3.1414576699        5.5070926832       -1.0830793769
        -7.3512292835        1.1784686333        5.6936514614
         4.6760502494       -4.0005541522        4.8832476000
        10.4575244246        4.6364557900       -7.3719805750
         5.8686496751      -12.3006429071        4.7307201506
        -0.1633740683       -7.2816156954       -6.6662277161
        -3.7915874825       -8.2246478041       -7.1344552028
       -11.3201964901       -6.6660936971        4.2007463985
        -9.2905336797       -2.8114694174       -0.4997001779
        -3.8188044798       13.5557235994       -7.7362100232
         5.4851916451        4.8675961799      -11.6546324653
         0.3375378490      -13.0243433925        0.8924513316
        -1.7668449951        7.5051203723      -12.0047473902
         8.7123838465       -7.4631062632        8.4425372455
        10.7490673247       -6.2906240250        5.3765694189
        -1.2184361512       -5.7021157034        4.4127588549
         4.4282520514        4.2201221448        1.9891979180
       -11.1921929665       -1.7126263513       -8.9138795219
         9.3901072613        2.9161207609        0.4990008512
        -7.7450476520       11.2386196784       -1.6832423648
        -1.2254996112        4.0765898179       -6.6321150064
         1.2687827990        2.0999934655       10.6018084862
        -1.6383935048       -2.0906007029       -3.1658376513
        -7.4335425484        6.1985922267       -3.4564809459
       -10.0429894978        3.1876392297        7.0756434290
         5.1923442372        4.7512752356       -7.9559683524
         0.5592558738        9.0827440497       -6.0076954001
         4.4401257811        8.0734990466       -9.6855025735
         5.5269638353       -7.2364492380        6.5246305755
         0.0913785716        1.1719340477      -12.2700810824
        -5.0711503423      -11.2696366197       -2.6390922555
         9.8295627013       -9.9362806005       -1.3000428369
        -8.2692305405        9.4808708054       -5.0819278448
        -6.2279616494       10.6159759128       -8.1185643977
        -7.6235492244        4.5613555441      -10.6165053883
         5.1786822468       10.9723927148       -4.0661711545
        12.6541560472        2.8030922309        2.3369680806
         4.2603180797       -5.7750536374        1.5536746783
        -1.1835307929       -1.9743790142      -10.5933181248
        -4.6719948981       -0.7334292088        4.2357362932
        -0.7675185841        4.2893515137        4.7035096021
         7.5216330919       -6.0832265649        3.4639416221
        -3.9057268623        6.2117618331        9.9851973374
        -5.9368044664       -7.4456829125        2.5343654915
       -12.6714941968        1.1963640251       -2.2900099371
         9.7913817305       -2.9877855175        3.6868442644
        -3.5244153145       -8.0911084710      -10.8653576089
        -2.7346947344       -5.1398737109       -5.1896779028
       -10.0257840942        1.3006535937       -6.9941242246
         0.2327735344        7.3800412701        6.6845735742
         8.7391662207        4.8285658724       -2.6817728466
        -6.4906099154        2.9084647102       -1.8236040964
        -5.7724140692       12.4153869523       -4.7079368955
        -4.8922263950      -11.1743973544       -9.1664454978
         2.5290932335       -0.9364176580      -10.1584068025
        12.9879255166       -3.1384077981        5.5710539140
         3.3973266039        1.1210290836        0.1261522611
        -9.8235204649       -7.8876127613        0.8565269913
        -4.9971087398        9.1517573162       -3.1153715566
         2.8085908777        5.2560221039        5.1927981046
         3.3803040570       11.9359198008       -0.7157088761
         9.0172471802       -6.6636053500       -2.9243278930
        -5.9079073462       -5.0526862992       -7.0963533674
        -4.6420883464       -1.9386085214       -8.9237921558
         1.5797194925       12.2431098991       -4.1678826902
         6.1987251926       -4.6111399804       -1.4206679277
         4.1371977318        7.8291450573       -5.8847509100
        -1.4636555072      -12.6443087014       -2.5644981220
       -13.2358166625        1.4648214557       -8.8779268586
         2.5399826182       -9.2100812652       -8.1618122351
        -2.5188831615        5.5783695382        1.8701143846
         7.1776027814        6.0987366977        0.6289027056
        -4.4205794026        4.3470747219       -8.6624115399
         5.4468293858        0.9579243686      -11.7588906380
        -3.0297340160       10.2825327385       -6.1451380842
        -4.3459558657       -4.1174338710       -1.9811182246
         3.9231097899      -13.4348589317        7.7633900319
        -4.5880140260        4.1203275648       -4.8782619466
        -4.7952573386       -2.0248566233       -5.1354025057
         0.8228199255        9.3664232311       -9.8193182411
        -6.9699940024        7.9732791425       -0.1019289058
         2.6596265316        2.9519818723      -10.1316371872
         1.3482363993      -10.0055539263        2.7520432983
       -10.9360226522       -3.8574043655       -5.6841293390
         3.7442155063       -0.8161367695        3.1996244315
        -1.4958685616      -12.1273206686        4.1966003237
        -6.6504315328      -10.1989516564       -5.8762541168
        -4.3983431488       -1.8114146392      -12.6711614011
       -12.2891106604        3.0586691465        1.0351362854
         1.9792033598        2.5483527493       -2.7315683134
        -2.7408711670        0.9213872867       13.8960909399
         6.1797178667       -0.8782216879       -1.4330684114
         1.3093861606        5.8105413591       -4.4006352069
        -0.4575318120       -8.9683662918        6.0272910129
         0.0034827451       -1.0489234671       12.2797930751
        -1.7861428952       -6.1371698868       11.9285944029
        -3.3150302061       -1.0187237333       -0.1182168435
         5.1285126758        0.8878833663       -7.9986800584
        -2.4851812074       -5.0966226988       -8.8836751277
         7.8602916873       -1.1259954623       -9.5056040016
        -8.6156910661        7.5916082479       -8.4342839512
         2.8224828901       -0.8179965754      -13.8836555420
        -4.0265729356       12.3080242159       -1.2386727127
        -0.6982967400        4.4031707389      -14.0480321076
         4.4805751612       -3.0255781558       -4.1302562051
        -7.5595361953        5.0791247801        9.3450274851
       -11.7608622212        8.8319590236        4.2710870947
        -7.9140019133       -2.6996169774        9.5703011735
         3.6072927503        8.2187101007       10.8308415876
        -2.1433564250        1.1479532791        6.4596123604
        -0.2405119236       12.3460991514       -7.5882947503
        11.9445182677       -4.8796311921       -4.3103360241
       -10.6591754390        6.4125175120       -5.3719583519
        -2.0501377167       13.4064050338       -4.3205440658
        -4.1755314640        5.8809385717       -1.5438038155
        -2.4863940512        9.2924506396        8.1866536218
        -3.0625854846       -5.4117437914        1.0923343814
        -2.8120240926       10.5730329941       -9.8989803241
         0.2414811858        3.5466681002        0.3040334173
         2.3821857385        8.8996082197       -2.6127326578
         8.7357303743        9.6603215650       -3.9960353240
         6.0174658863        7.5463957225       -2.5216318550
        -2.5618164980       -2.8367318386       10.1442748109
         7.7295305356        6.5479059494       -5.7429025566
       -12.2463505929       -0.8555110758        1.0062721500
         8.3670458308        9.1546980740        2.5077800062
        -0.4816516802        6.8309518605       -1.1602278944
        -3.4173046413        6.2334725433        6.1670694306
        -5.2468692889        7.6117443349      -10.3281704437
       -12.8999473563        3.2621719595       -5.5725215970
         0.5090027125        9.8042939148        0.6851832204
        -8.9381385186        6.7620008235        2.9328842834
         6.5737995920       -2.7978073645        1.8277344234
        -8.9606905491        2.9818292036        2.9465993503
         7.4132894671       -1.0894072702       -5.6823988273
        -2.0174916256        7.3156710742       -8.2929909968
        -1.1796281663       -6.2863156527       -2.1775391773
        11.2870711094        6.7951585118       -4.3008953703
        -5.7201637153       -4.9606604953      -10.9106950286
        12.3345891535        0.9678363454       -1.0137551532
        -6.5030429192        1.4271807891      -12.5785555843
        -5.1083220216      -10.8575314415        4.0880996255
       -10.2554989665        8.2587003057       -2.0296836700
         0.2354704492       -7.1699422797      -10.4833448684
         7.6224403298       -4.9932298719       -9.3289878813
        -0.8863553858       -1.8440523074      -14.2932018127
         3.3390794127       -2.5216798289        0.0090812578
       -10.9668331973        4.5330765080       -8.6937358849
         3.4812887756       -6.1436689181       -6.1489020820
         0.5212049523       -0.7740922651        4.8781925635
        -0.2518248903       13.1374564970       -0.8511333068
        10.3133577212        0.7714867104       -7.2422053662
       -12.5342933954        5.0882579383       -2.2643523269
        -0.4800769324       11.4224838564        5.6087609476
        -9.1096325730       -4.8873473791       -8.9645597699
        -0.1801024231        1.0356204233       -8.5670404432
         5.5440758992        7.3137303665        3.9059749173
        -3.2603811933        2.6185916512       -0.0062233867
        -6.8343310365        1.1207573329       -5.0981440301
        -3.3336773682        1.2384329200      -10.6282924451
