        12.1018496093        5.2225389233       -4.2304047321
        -3.2685663731       -1.7107828542       10.2249600556
        -2.8099631582       -1.9145714174        6.5367293277
        -6.3190543981       -3.1998105006       11.7822472006
        -8.0788517440       -1.4406869435        5.6101308418
         3.1262131821       -2.2933332127      -13.6244780312
        12.6976508668        1.7213400408        2.6762572705
         1.1692413642       11.5887540386       -8.5837281786
         7.3295034901       -6.4991558791       -8.5391087573
        -0.2003335622       -0.2244681592        8.6307067777
        -4.2768806159      -12.1520945941       -5.0641270401
         9.2287404550       -3.6276522371        4.3513296211
        11.4356034730       -8.0846854081        0.0865592161
        -9.2628267831       -3.6599823596        2.7013044564
         4.0004858930       -4.0292934480        5.3993597236
         6.0467013735        7.0304288652        3.5368388782
        -1.8028177914       -6.3256487293       -1.6983846707
        -2.3141421243       -5.8246726831      -12.2043034647
       -11.0354610516       -5.0974830880       -2.3561925400
         4.3701414301        8.4791648995        6.6019521845
        12.4230122017       -2.1444574343        2.9357167907
         6.5290130794        0.5263149049        2.0912185670
         0.6019303448       -3.5095499686        6.9967770834
        -1.4576444013       -9.6514632708        0.1172606414
        10.1687570684       -4.7293867736        9.5118278931
         2.1980956232      -13.0631736851        9.0044982548
        -2.7971968359       12.4674745736       -2.4270883318
         2.0043499623        8.3400808208      -10.5129877756
         4.4604425670       -7.1801611470        7.3368692777
         2.7449120067        1.9730252697       -6.5233988513
        -4.6821484409        8.4098940871        2.5162367240
         3.2014466689       -0.7519550221        7.1291026120
        -2.7104728073      -12.6382325702       -1.5752423919
         4.7724481704       -4.1431000996       -7.4131792034
         1.1200847324      -12.2393640627       -1.1018377710
        -2.7633680530        2.1282803564        9.9399850293
        12.3241604598       -0.3542807362       -0.5314018103
        -6.7508176703        6.1319603440        4.8236009371
         9.2580450178        4.8118086628        8.9289552487
         9.6476120567        0.2236183834        4.1056979302
         6.2648233808       -1.0766280599        9.2259547159
         2.0201424195       -5.8712523041       -1.2885215976
       -11.4980985525       -6.7607199159        7.5579691434
         4.8164489192        2.0616648346        5.1612552483
        -9.2927430716        3.6890797370       -4.3238820992
        -3.2005996775        2.3626784554       13.6404809566
         0.1322107250        8.1093299906        9.8487312308
         8.3250908731       -7.7524387070       -1.9700287053
        -7.6924527888       -1.9466668807      -11.0068567046
         7.6666873121        5.3907671838        0.4445603199
         0.1420799158        3.2030907901      -14.3747877959
        12.7673676037       -0.0896819133        6.1397574140
         3.6426956111        5.0454360707       -1.3892197003
         9.6170067087       -1.5811417128        7.5107973588
         2.2443793839       -1.8170481073       -6.2328493255
        -5.4560426884        0.3764689313        7.8210763549
         2.8409717711       -0.5510985615       10.8340026093
         2.2469887599        5.8875059521       12.2185286091
        -9.9717410956        4.7310084970        6.3307991929
         6.1571270363        5.1256259963        6.9154280647
        -9.3160860112       -4.7546965763       -8.9105965921
        -0.6160877355       -0.0097697961       12.3181633025
         4.3545135559      -12.3856298376        5.9762703597
       -11.5288521753        6.3818261424        3.3619123349
        -1.0898210868       -2.7743670834      -10.4299717045
        -6.5929158638        1.3172464984       -5.4475060032
        -6.0955643781       -6.9795326680       -3.5207118155
         0.1739131233        6.6967239532       -1.7313093762
        12.3255936111       -3.9298074555        6.3822239820
        -5.9147743093        0.6703284357       11.5511694975
         3.9643357545       -9.2122126474        4.0832088170
        -0.2313642225       -6.6456735175        1.7474652893
        -1.0773872500        5.0216395880        8.0442034447
         7.3899598083       -2.2955483100       -5.2353228193
         5.8228423967        5.3834994248       10.7117450148
       -10.5806167270        0.9098721904        6.8295042994
        -3.6913468856       -1.4712085937       13.9077492992
         9.2511658025       -8.4408785018       -5.8205642589
         4.1288885335        2.5453842789       12.6645941944
         3.6799076085       -3.9087142835        9.1803295313
        -2.8949483054       -4.9058500136       12.3068691342
         9.7701374154        8.3314954177       -4.4172239110
        -3.4684988265       -0.7215279097       -0.1653309791
         7.9108330777        1.7813862673        7.2090126454
         6.5279669245       -1.2567971867        5.4669674157
         0.6113790239       -6.4920361409       12.6594025102
        -3.0118804926       -9.2645052538       -3.3131111676
        -9.7064562690       -0.1716620173       -4.0875579621
        -2.0119548257       -5.1824071420        4.8136330624
         8.0147544642        1.4923928589       -5.5929143619
         0.6822863755        7.8536691507        6.0565314629
         5.5548508330       -9.2932276722       -6.5487662990
         7.9125193939        3.6433734900        3.8210226092
        -6.8146960632       -6.6128321475        2.8819561673
        -2.0706765471       -8.2785590493       10.5292121493
         1.7960678093       -9.8777997517        7.1125338591
        -9.3799880375        8.9910067329       -3.1160187072
         5.6769501339       -5.3137620068       -0.7659491836
         4.8723658921      -10.3479165042        9.2420855605
        -4.2723849803        3.8505307884        3.6837166238
         3.5273903889       -6.0271183986        2.2056331617
         3.3811399786      -11.3877138033       -4.0962775577
         0.9679031721       -3.5664199451        3.2881972371
         6.7073118009       -6.0917236557       -4.8066645288
         7.4772115469        8.1545857719        8.6636683722
       -12.5654523833       -3.4698422412        0.8142042742
       -11.1444989504       -3.2779709128       -5.8090691427
         6.2802497739        2.2489220090       -1.2869815915
        -1.0803975885      -12.8943519941        1.9747416090
        -2.9112559263        0.6163467333      -10.8194807508
         2.6914402269        5.6573393207        8.5412305946
         1.0125771771       -4.9593577887       -8.0270971036
        11.4642087155       -6.3865242344       -3.3661397202
         9.3152982745       -8.9318254537        3.1530789902
       -12.4835033838        2.1922960656       -2.9203418962
        -5.0703908740       -6.7849790260        6.3436976453
         0.5178872696        3.5086536105        0.0370176497
        -1.7963308116        1.5672411409        2.6378459692
         1.0094163091       -6.6516922914        8.9583148538
        -0.2663489990        0.4869886915       -4.9370794294
         0.1311346173        0.2890983002       -8.6162610783
        -8.7880374695        4.0548072446        2.3073666501
         1.4279378327        2.5813025923        6.7522936090
        11.9696320341       -4.2424104135       -0.2379717789
        -2.9302620546      -11.5435481736        5.1128516677
       -12.3898765864        3.9900945685       -6.3515109129
         1.7483254544        6.3698173527        1.7073377832
        -6.5844323973       -0.4727592205       -2.0751117574
        -2.7533271045       -5.5965860651       -8.5268381991
        -9.8238767706       -8.2863655009        4.4342916549
         6.5353281839      -11.6732224363        2.9498993590
         9.0792499494        8.4750372940        2.1295145701
         2.6910519705       -2.0609880439       -9.9205515948
        11.7544986087       -2.5058728690       -3.6700183283
         9.0196846188       -0.1663414455       -2.4906992082
        -0.6517502194       -2.9934823390      -14.1121410437
         0.9760945712       -0.1528100539      -15.9975170656
        -1.0772976087        6.7149913447       -8.9396402352
        -6.8455869333        4.3284325686      -11.2603785417
        -4.6674808315       -9.9608510506        8.2197118040
       -12.0312052975        4.2824221586        0.2447746175
        -0.8740325512        8.9009558844        2.9164910536
         5.3892929419       -0.3162900044       -7.8040629400
         6.7602680538        6.6578127911       -2.8661129308
         9.2568615081       -1.8753797147        0.9055878399
        -0.7384942610       -7.7935726838       -6.0388773213
        -4.0662985817        4.0904243577       -5.3816454176
        -0.2143158131       -3.1353764597       14.3893268291
        -8.5483610087       -1.0994307161        9.4063930751
        -8.8499496679        5.7476492997       -1.1676597664
        -5.6199452904        9.3476204383        6.5527031651
         4.1186539720       -7.0806965204       11.1474478705
        -6.3901773208       -9.9421252372        4.7451199601
        -2.3094951840        1.8775141229        6.2527344197
        -8.0947518217       -8.3648062461        7.8706144791
       -12.0074739036       -1.3294339049        3.9792679213
         2.4252456524       -0.3352271465       14.5237807511
         7.1161478886       -9.6852325432        6.2098635749
         1.4194175345       -9.8188620716       10.8646722696
        -8.3817101640        7.8036558162        2.0138627043
        -9.3126661620        1.9232321112       -0.8904248530
        -5.5293508695       -6.6594164306       10.1336006498
        -7.4150818530        6.5807648999        8.5188395975
        -1.2323053899      -11.5315830603        8.6042582135
        -6.3284600273       -2.1978666749        1.2966439214
         4.6953549836        3.9067647581        1.8296330333
       -12.3778935116        0.3940323502        0.5426714310
        -4.0307630401        9.2710456506       -4.0558574179
         9.7880259119       -6.8508786225        6.3459475851
       -11.1312921823       -2.9323490690        7.2593068981
        -1.1634790919       12.2899741164        1.1136822816
         4.5183210356        2.3216903372        8.9334433859
         0.2027587186       -0.4276150715        4.9508290218
        -2.4977620484        0.4026140992      -14.5092314167
         0.2025988460       -3.3499779200       10.6996429880
         2.3837114498       -9.1663801312        0.5556477663
         2.7451341822      -12.4107469804        2.4429168384
         1.9070056498       10.8992991735        7.9234787760
       -12.1508284221       -5.1765903022        4.2441602514
        -5.8867387931       -3.4428404861        8.1044698384
       -11.8065151816        2.5356755300        3.6793612036
        -3.5201602619        0.9837772820       -3.4028117124
        10.9849630438        5.1423387277        2.3719600916
         7.6263594073        2.0084156067       11.0231078812
        -2.0744046021        5.9189894967        1.3025024005
        -1.8107036787       -2.2053062426       -3.0452904078
        -1.0489493521        0.2208465596       16.0114919441
        -4.9321117119        0.0623903146        4.0756054044
         9.3559810870       -1.3995413869       11.2688741766
        -7.7142553392       -5.3435736273       -0.4306168513
        -1.0308458502        3.6247228381       -3.2761690302
        -6.1772479591        3.3382953073       -2.3177094348
         3.2997312182       -3.7296908468       12.9150176972
         2.4036402677        5.1523026008       -8.5637802398
        -6.2141495337       -5.0679942533       -6.8991630776
        -7.6049466490        7.6182615867       -9.3786691574
       -11.9512590998        6.0561229116       -3.1855012033
         3.9554297779        8.6942899578       10.3163704686
        12.7265491733       -1.8943452080        9.5406645578
        -3.3390586262       -8.2922813887        3.2480335931
        -3.0369766196        7.0290599227        5.4766834346
         2.9627576533        9.3086660743        3.3236371680
        10.5185121770       -0.8550352673       -6.8095988153
         8.7447960116      -10.9390597334       -0.0504622644
        -5.3870259452       -3.6257530844        4.4394085003
        -3.5898180433        6.0831190944       -2.1858689454
         5.9044709525       -0.8769413809       12.9289903643
         1.3849477384       -6.7127566106        5.2051516829
        -8.0303667255        2.7699511152        9.0283491040
         9.9134153706       -4.6694548974       -6.3266033014
         8.8608406431        5.0237941098       -9.6444396225
         4.6310238168       -8.3605871124       -2.5024194046
       -12.7925751176        1.9545130214       -9.5124559613
         1.8110545551      -10.0923684480       -7.2533143330
        -2.4355053411        9.2184500379       -0.5402867359
       -10.6689633028       -6.8221080918        1.0788418248
        -6.6049853486       11.7274202747       -2.9131791029
         6.2517329539        3.2624597309      -11.7680892704
        11.0696080477        2.9834624153       -7.2400608844
        -0.2725416675        3.4155785281      -10.6850974242
         7.5358229015       -7.5544484333        9.4064538706
        11.0894593747        3.3286078830        5.8268582948
         1.7560189428        2.2644882570        3.0578429919
         9.2153799558        3.7059771357       -2.6907576058
        -7.9656859342       -3.5917772373       -3.8052250445
        -4.4246087120       -8.4221829630       -6.5858503399
         1.7401022075       -1.5150358332       -2.6234822681
         2.8260609328        4.9708943604      -12.2935382809
         0.4128612327       11.8455842977        4.6116291303
        -3.4143907758       11.4372230897        4.1066132999
        -9.8552073127        6.9132871112       -6.3157866040
        -1.5765764731        5.2725703787       11.7722653997
         7.4598089268       10.0483453778        5.3145144002
         1.5810236197        8.4111161917       -6.7054312719
        -0.2175822060        9.8943375575       -3.6045315709
         6.6683924401       -6.4906927570        4.2806073230
         5.4648028976        6.7179141464      -10.1183502522
        -3.6998537541       -4.9986376613        1.4023751454
        10.9689767416      -10.1949998351       -3.0102920384
        -8.8025388326       10.9600397352        0.1071636791
        -0.6192184725       13.0928424860       -5.4980079108
        -5.8857643341       -5.3233062202      -10.6963982241
        -0.6822082317        6.5583962638      -12.6414917769
         6.1166869962       -3.2802980378        2.3375432642
        -7.5088013959       -9.9982421189       -5.2971711978
        -9.5833161789       -1.9599551048       -0.6641893849
         0.8276611011       -8.8559744387       -2.9076464596
         9.5305519546        2.0047864419        0.6766014640
         1.0205377825        2.8395077045       10.4432255977
         3.0793362641        5.3558849389        4.8702609194
        -0.1964570689       -8.0493754871       -9.8319625418
        -5.7317241994        5.3641802898        0.7896912786
         7.0768645483       -4.4045989520        7.4701115438
         3.6041498079       -7.3260277094       -9.2384142375
        -8.0055885946       -9.6480592133        1.2593532406
        -4.4199643634       12.4446464706       -5.9455751256
         0.5797950655        3.0598812799       14.1252265496
        -0.5535584082        4.7076192873        4.2986890356
         1.9490020837        5.2368973420       -4.7989333519
         3.6202104118        1.5384747142      -13.8945986127
        -1.9625922035      -10.8417339049       -7.9037801103
         3.2836951062        8.3415218310       -3.2323729297
         9.3023654399        6.7045692808        5.5444054487
         0.4971747669       -4.6514763970       -4.2817964919
        -0.5773926981       -3.4636618078       -0.0279872905
        -2.2974218547       -2.0358710554        2.8517378000
        10.6222605815        6.8669902834       -1.0634420038
         6.3362502253        9.9897579941       -4.7275096466
         6.1441063854       -8.4983235917        1.0677677227
        -5.7412312852      -11.4156260377       -8.4164541145
        -9.6826801333        1.6418035378       -7.4862108502
        -1.8616891419        9.9385237502       -7.0879198838
         6.0378790999       -1.6092361374       -1.0840190477
         1.4092097516        9.7008484526       -0.1046570272
        -7.5327655876       -8.0987122577       -8.6458852660
       -11.0741453863       -1.3993748729       -9.2072871710
        -9.3539210039       -6.6544373112       -5.5266640817
        -7.2173433291       10.9549210745        3.5813756033
        12.5141644787        3.5119062181       -0.8002069406
        -4.1891295476        7.1464830105      -11.1250816176
         5.2548523072       -4.4195361365      -11.1268961583
        -2.2634356380       13.1240954350       -8.9762263545
        11.8912222537       -5.9916827302        3.2226659533
        -2.4698765974       -5.0916695231        8.5775755574
        -4.5277886884        7.2430288276       -7.3130680159
         4.8720127135       -0.0102432906       -4.0589218229
         4.6061446220       10.0145043507       -8.2015228510
         4.8841100598        8.0204425110        0.2108283861
         7.9559125393        9.6909612470       -1.2428079132
        -0.4577886491      -11.8022098750       -4.5978833903
        -4.1985109870       -2.4811243206      -12.6512871410
         4.2214840616       -3.8033913894       -3.6656119305
        -4.9346257966       -7.9764022560       -0.1970436552
        -9.1257736330       -8.4287945142       -2.1128030577
        -5.9757350508        0.9428170507      -12.9110953761
        -7.4528488236        2.3443036385        5.2516150545
         2.8756003229       11.5946005969       -5.0950324110
        -8.9237908347       -4.9686061785        9.6604754620
        11.4387907445        6.8099200355       -7.5418197259
         5.3240024295        3.6771621951       -4.4257549148
        -1.6446296995       -8.3553857789        6.7223804171
        -3.6767389467        7.3885035821        9.2503003510
         4.2273545340       12.1972266249        5.0779498526
        -3.0502613015        2.8908614359       -0.3438044276
         2.9838215278       -6.9699215082       -5.4598725498
        -4.0149522960       -8.6355134238      -10.3000859991
        11.9607179736        1.3710399998       -3.9656787320
       -12.8290345837        0.1405152235       -6.1197668301
        -6.1569666707      -10.9318876923       -1.9178230934
        -0.6683363140        3.5716310114       -6.9822837635
         1.5039321238       -5.2065754097      -11.7571695641
        -6.2076588558        8.5505719099       -1.0330570120
        -5.0053434926       11.7352028073        0.6025171876
        -0.0226071754        0.0196523082        0.0169139737
        -4.8753077900       -2.0027727337       -5.1463686845
         6.7746887204       -4.2631053287       11.2827220170
        -7.1838764738        9.7470723306       -6.1797240985
        -9.0678491472        0.2095595060        2.4994688856
         0.5638647414      -13.0352876625        5.5183509811
        -7.1447436921        4.4668879897       -7.4463445317
         8.4457752891        5.2312433834       -5.9305644266
         0.5439204263        0.0772142664      -12.3041188496
        -1.4907252836       -2.5204553397       -6.7389400706
        -8.5066223105       -5.1810195975        5.9463122665
         3.1990550179        1.7755304751      -10.2116144118
         1.0328275801       12.9472242483       -1.9592506117
         3.4209064345        0.7778155475        0.1752085285
        -3.2680292544        0.8138529124       -7.1146377593
         4.5312729544       11.4154281324       -1.5634360298
        -4.8398081866        4.2054788317        7.4370903621
         8.7350559314       -4.0073926646       -2.2936166530
        -9.3175293565        8.5101607829        5.6794702377
         2.9942440068       -2.8387886264        0.3576929394
         2.6647819546       12.6861181131        1.5896128287
        11.0123600219        1.4578796458        9.2278596752
        -1.4500939671        6.7730448389       -5.1857193860
       -10.2376026490        4.7921042910       -9.4838314956
         6.1086840776       10.9750962470        1.9331933401
        -6.0895549992        1.6599419783        1.0982226822
         2.2344994671        2.0865476326       -2.8399732133
        -6.7337819525        6.5511018070       -4.2552199347
         5.8218211522        3.5003640617       -8.0902303745
        -1.4878445473        9.8827435155      -10.8415450852
        -4.7460534799       -3.8532440593       -1.8161982946
         8.4839126085        1.1592024301       -9.3897084046
        -6.3328981229        1.1397104784       -9.2072906901
         8.7923169496       -5.6890894025        1.2026538277
        -4.5834017747       -2.2598446055       -8.9195967202
        -4.5797773165      -11.3684617950        1.5793209649
        -4.9403906251       10.4115055134       -9.2140329256
         4.9614344692      -11.6765264572       -0.5948020127
         5.0087397567        6.8376884360       -6.3276760353
         5.8438971556       -0.6024809847      -11.5360192539
         0.1613686710       -9.8395639990        3.6227673523
        -9.4248851917        1.4628873090      -11.2457745257
         7.2184154158      -10.8900606911       -3.5822431852
         3.4576227346       -0.9249230019        3.4147836708
         8.0348425684        8.4161112588       -7.8530940303
         7.9631333578       -2.7017986758       -9.0162433136
       -12.7540078613       -1.6777549209       -2.6612577890
        -1.8704191734       10.1501292896        7.2734974243
        -3.1350055615       -5.2967043420       -4.8561905983
        -3.7489775843        3.9729704091       -9.1622051805
        -7.9710465184       -1.7220547822       -7.1918890504
        -5.3335796714        4.4931310416       11.1390914753
       -11.4627683588        8.1381307427       -0.0283648098
        -3.3717307379        3.7967312746      -12.8975434359
         5.6879133711       11.4710929893        8.4330235162
