        11.2542263827        7.2287294248       -7.4631453665
       -3.2045694969       -1.9271378119       10.1978244457
       -5.4531973250        0.1024692635        7.7870962766
       -8.7482954549       -5.3635045941        9.5817622200
       -4.9094157559       -0.1627682852        4.0425065286
        3.2890269467       -2.1239045645      -13.6402833885
       12.3955149074        3.9202973926       -0.7410607871
       -2.1412850413        9.8834604973       -7.0453375553
        4.9804150183       -3.9606459064       -7.4375772700
        4.0303882070        2.5705116297       12.6969488552
       -3.8035519280      -12.2633507878       -5.1661331930
        4.1556054034       -3.9598284022        5.3997676920
       11.7350172859       -7.7086759910        0.0687293881
       -9.4869763086       -2.3049886333       -0.7188268860
        1.6330122013       -6.7255240820        5.1722662507
        9.0578430612        6.9581310190        5.6068657351
       -0.4104669086       -7.8050845909       -6.1090640498
       -2.4194372528        0.3794899039      -14.5218324241
       -3.4960659054       -5.1423194162        1.3523553273
        4.0731253153        8.5496704781        6.6615633713
        9.0803196269        5.0429680366        8.9842799233
        6.5150411977        0.7047107842        2.1163489900
       -1.3451204834       -8.4763116317        6.6594914584
       -1.0908149481       -9.7059769992        0.0431809560
       10.3316538786       -4.4672794044        9.5176824902
        2.6455035730      -13.0717991982        8.9173626806
       -5.3958428438       11.5247427767        0.6540096343
       -1.2376275863        6.6987913464       -8.9074122729
        4.7165562399       -7.1048057835        7.3139775133
       10.1275792404       -4.3126682843       -6.3433071917
       -4.9669983800        3.9497006512        7.4210220266
        7.7814542208        3.8586249257        3.8657948133
       -2.6430339750       -9.3437508274       -3.3873599474
        6.9736570146       -5.8601616146       -4.8393301099
        2.7291441975       -9.0958913070        0.4995626151
       -3.2691243515        6.8472844847        5.4907987289
        9.3291711464       -1.5898161766        0.9221918893
       -6.9541833058        5.8441549474        4.8178411504
        5.9751174927        5.2576812222        6.9650237133
       12.4987775388       -1.7588592461        2.9577111751
        9.3979311957       -1.1790749047       11.2942028792
        0.7124707224       -4.6361228545       -4.3220783241
       -8.3093818821       -5.5318532806        5.8692267012
       -2.1931986158       -2.1531200122        2.8283180947
       -9.3627644569        3.3605299135       -4.3530295305
        2.4206012414       -0.3803490254       14.5346513871
       -0.1492555531        8.0119068094        9.8829140082
        9.0064132225       -5.4175311589        1.1969541878
       -4.0270619143       -2.5716343056      -12.6865600387
        1.8217738721        5.3045895735       -4.7589802752
        1.0747966735       -0.0436076818      -16.0028928816
       12.7628123131        0.2864955612        6.1749034970
       11.9263338584        1.7822831500       -3.9234710977
       12.4632357520       -3.5693189726        6.3951373151
        1.2504663415       -4.8993128036       -8.0673854268
       -5.2346921138       -3.8606631977        4.3908583393
       -0.1841403188       -0.3254022095        8.6307066414
        2.0329100150        5.8496248841       12.2572509229
       -5.9232584575        9.0755858188        6.5812070615
        6.5801963921       -1.0997580757        5.4890267153
       -9.0818106489       -5.0426549842       -8.9865550939
       -1.7583890384        5.1014754433       11.7855631590
        9.6393783603       -8.6531552579        3.1257942397
      -12.1427387094        3.8503946865        0.2222993887
       -2.0336104026       -5.8494906507      -12.2597066116
       -6.5754604168        1.0912527604       -5.4710784040
       -5.9780286347       -5.2627559265       -6.9616207193
        5.2991260159        6.9413078459      -10.0595309779
        9.3618253607       -3.3658908707        4.3617312090
       -5.9353606341        0.3514213979       11.5187447163
        4.2997654780       -9.1225699937        4.0377585772
       -1.8133191201       -5.3040152796        4.7718127268
       -1.2416679133        4.8915929268        8.0561701046
        5.4623765400       -0.1094481292       -7.7979889373
        4.4375544102        2.3824241601        8.9663509526
      -11.0151128496       -3.3861285177        7.1774696270
       -3.6518567135       -1.7244605395       13.8793804749
        7.6311072360      -10.6258256970       -3.6369499560
        0.9237839414        2.7676050097       10.4620504358
        3.8211329836       -3.8782955549        9.1821155744
       -2.7316296363       -5.1194579307       12.2644209280
        6.5637139112        6.8928842143       -2.8066494963
        0.2368377171       -0.4891749092        4.9565942733
        9.6379113883        0.5004585501        4.1360975436
       12.7855953237       -1.5398852032        9.5662183358
        0.3204820130       -3.4486081030       10.6865682997
       -5.8160445623       -7.1869396998       -3.5990432013
       -6.5330303305       -0.7132644848       -2.1105476068
        0.7369064895       -3.5686006231        6.9874567418
       10.6015537172       -0.4743569833       -6.8002095859
       -3.7536455704        5.9427095352       -2.1694166269
        5.9336490355       -9.0822862957       -6.6114273956
        7.1007425122       10.2382761614        5.3904055867
       -0.4177893127       -3.4842033842       -0.0418852175
       -0.8333793924      -11.6523261446        8.5156490637
        2.1445204193       -9.8862301654        7.0532415558
       -6.9021843991        6.3101296865       -4.2534118376
        5.8862614658       -5.1336513942       -0.7743887819
        4.3613908318       -7.0474712112       11.1265473871
       -0.0204809521        6.6924890191       -1.6929345134
        4.4115262951       -3.6716973249       -3.6876472824
        3.8160805587      -11.2432970098       -4.1695318182
        1.1157309851       -3.5842200036        3.2833938693
        1.8528447736       -1.4801174176       -2.6342841732
        7.1827217157        8.3228501812        8.7303413394
      -12.4237006446       -3.9238234723        0.7332626916
      -10.9762768549       -3.6448989666       -5.8835589114
        7.4792257346        5.6171682327        0.4993312207
        0.5204722611       -9.8684109615        3.5523026549
       -2.8519444220        0.5537781590      -10.8298048010
        2.4955229207        5.6560540097        8.5810495459
        3.2806732466       -6.8599864611       -5.5113453763
        7.5231556321       -2.0352818811       -5.2400367026
       10.0323722831       -6.5807655139        6.3365017802
      -12.5106887322        1.7584975749       -2.9642637597
       -6.0293039838      -10.2007120570        4.6418701129
        3.5026611252        5.1611328408       -1.3467476695
       -0.0256598005        0.0246738989       -0.0604554286
        1.2457918232       -6.7074692323        8.9258581655
       -4.5793355425       -4.0308482261       -1.8645536050
        0.1929375443        0.3164804668       -8.6147274319
       -2.2551014821        5.8205169832        1.3270950581
        1.3474149967        2.5480148800        6.7719006226
       12.1275355145       -3.8491569195       -0.2315011994
        1.5762514619      -12.1943103568       -1.1883267656
      -10.3222956294        4.4643824515       -9.5091045198
        1.5509047919        6.4091923463        1.7591116361
      -12.6546366828       -2.1169901730       -2.7311287972
       -7.1865062816       -8.3234018062       -8.7367368842
      -11.2530764873       -7.2246135279        7.4561985442
        6.9550280747      -11.4858411333        2.8912293360
      -11.3583561613        9.8172816104        3.0389894466
        5.7961111005        7.1814873869        3.5936658811
        2.8359771380       -1.9340323416       -9.9347824355
        4.9237084156        0.1528632072       -4.0525104936
        9.0374841981        0.1330792802       -2.4637896520
       -0.9173601403       -2.7735068373      -10.4566800802
        3.6501399815        1.7252771639      -13.8781085899
        7.7981141801        8.7173276153       -7.7780944702
       -6.9094064218        4.1290604557      -11.2698804663
       -4.3188238389      -10.1950555695        8.1270939687
      -11.8839608256        2.0993310918        3.6417757027
        4.6272775765        8.1719915900        0.2733996181
        6.1081660427       -1.4236028605       -1.0738445927
        4.5612441133        4.0211498840        1.8684694145
        9.4638149745        2.2978755698        0.7189371325
        2.2207314774      -10.0053767241       -7.3362392380
       -1.6252465077        6.7209952673       -5.1542146619
       -0.1209559210       -3.2706873298       14.3721667142
       -8.5024903696       -1.4873941143        9.3492363304
       -9.6374557024        8.6512799890       -3.1226256763
       -9.3443475270        1.5853649067       -0.9218119705
        5.2286648077      -10.2707808411        9.1912041691
       -7.7974663225       -8.7130959040        7.7720756603
        2.8588562384       -0.5618404089       10.8488892030
       -4.8211568778       -7.0200258236        6.2740594999
       -6.1264334286        1.4173911376        1.0791059458
       -0.6200488971       -0.1489413409       12.3142099704
        4.7896470335      -12.2960881516        5.9041035648
        1.7534526965       -9.8729098236       10.8052200254
       -7.6357698177       10.6425529672        3.6270827934
      -12.3640945164       -0.0505958546        0.4891129682
       -5.2982195000       -6.9429547624       10.0631965081
       -5.4763820996        4.1889497582       11.1335996622
       -1.7866166076       -8.4480856027       10.4660624012
       -6.2412297376       -2.4530456426        1.2597929073
        0.4341552412        3.5191358674        0.0684334259
      -11.7249406196        5.9904863541        3.3653320295
       -5.2251931132       10.2612976570       -9.1830747277
       12.1093349948       -5.6241137497        3.2210371561
       -7.5085494017        2.0268499224        5.2201027927
       -1.5773644512       12.2183186759        1.1793587797
        5.6262142594        5.4805193265       10.7621601252
        3.2372909746       -0.7250711083        7.1474808287
        0.6234987199        0.1453059478      -12.3065436405
        3.4213212847       -3.7365286948       12.9152427084
       -4.1596673053      -11.5374311990        1.4753510574
        1.0235659196      -13.0643671509        5.4236445451
        3.6429337895        8.7280157202       10.3743312654
      -11.9649285049       -5.6421018103        4.1536914831
       -5.7560094207       -3.7273625329        8.0530187578
      -10.5935637910        0.4706217420        6.7703780775
       -3.5003756204        0.8489518088       -3.4055151140
       12.6343640849        2.1159442894        2.7226668758
       10.9524406718        1.7511113687        9.2697611480
       -1.8193724150        1.4507066085        2.6273836931
       -0.2211043248        0.4735361853       -4.9289629843
        0.4604346449        2.9520619006       14.1423567812
       -2.7273589526       -2.0853993642        6.5109193828
        6.9204310651       -4.1371091354       11.2901875608
       -8.0053684603       -1.7813329217        5.5532200063
        0.0017348779       11.8157381252        4.6772461241
       -6.2466021924        3.1073190636       -2.3288871685
        0.8270926228       -6.5883190205       12.6248965299
        2.2914649060        5.2574929256       -8.5229835569
       -2.4921930193       -5.6618490651       -8.5804200971
       -4.7093516199        7.0962823440       -7.2952068593
      -12.1108520481        5.6249847421       -3.2227241174
        5.2797936261       11.5767446647        8.5139945828
        9.6708389896       -1.3270060979        7.5348158286
       -2.5179102101      -11.6875204483        5.0146034798
       -7.6086483800        6.2098644730        8.5490224161
        2.8987736910        5.3880668255        4.9118114962
        8.0147144951        1.7763930120       -5.5701914624
        9.1460542107      -10.6529772235       -0.0969545272
       -6.5607957071       -6.8723357713        2.8029584435
       -3.1192803140        2.7638049479       -0.3377596806
        5.9249665365       -0.7907253394       12.9508826501
        3.5083011553       -0.8635232305        3.4365255487
       -8.1128764236        2.3903453437        8.9997046356
       11.7089334819       -5.9876017501       -3.3758799787
        5.9379485891       -0.3533703600      -11.5318448258
        9.5975470023       -8.1102246907       -5.8602500795
       -9.3889560310        1.1773674216      -11.2850712804
        1.1750670597       -8.8093966636       -2.9672011989
        0.6103117759       12.9696220855       -1.8822836167
      -10.8232634586       -5.4771987654       -2.4425546703
       -6.9564100435       11.4876736279       -2.8930292497
        5.7618214110        3.7248625801       -8.0520958748
       12.3412700969        0.0489906874       -0.4991643621
       -0.3128297023        3.4413327144      -10.6672404295
        7.7977250592       -7.3863326951        9.3875523264
       10.9637780464        3.6452888522        5.8771912195
        1.6891672295        2.2605105347        3.0779121171
       10.7993485977        5.4762967065        2.4325605949
       -9.0736796126       -6.9580044789       -5.6172168953
       -2.8984073320       -5.4035957318       -4.9068811711
        2.3705747431       -1.7321267298       -6.2459490593
        2.7326211801        5.1155847961      -12.2539960813
        0.4177972788        7.7968771160        6.0914037815
       -4.9569849289        8.2118852951        2.5436584346
      -10.0257826116        6.5762211545       -6.3287793238
       -3.2881503790        2.1238175227       13.6293999093
       10.3842078030        7.2093549773       -0.9919937974
        1.3493125898        8.4777710481       -6.6504548913
       -3.1947549546       12.3541301408       -2.3682108237
        7.4595484074       -9.5066920591        6.1718648315
        6.2118436925        3.5273219998      -11.7320202612
       -4.6215874969       -8.1456064196       -0.2751410878
       11.3530976171       -9.8126874760       -3.0430999036
       -6.4606099560        8.3154560841       -1.0287482278
       -1.0255461099       13.0734765521       -5.4298914280
       -4.4323057474       -2.3888995624       -8.9532913277
        1.7882411153        8.4420753272      -10.4569427568
        3.7581793700       -5.9417399916        2.1841029569
       -7.1172602256      -10.2384161850       -5.4032786685
       -8.8051924586       -8.7440019024       -2.2165393601
       -0.0022974408      -11.7843667897       -4.6872352215
        8.7756447323        8.7419223825        2.2015060037
       -2.8280892451        1.9274703501        9.9256628134
       -2.2139968064        9.9994599304        7.3051560171
       -1.5258836030      -10.8779871171       -7.9995212543
       -9.0630459400       -0.1369498254        2.4624189853
        7.2354429184       -4.2401998580        7.4750665173
        3.9251344888       -7.1651775760       -9.2915056351
       -7.6417677532       -9.9310138178        1.1514060745
       -7.4548361616        9.5003790242       -6.1643781478
       -1.0789866533        0.0471775717       16.0052866536
        3.3986369489        0.8536291571        0.2030971908
       -1.1019438277        3.5762399812       -3.2517621286
        0.1212645916        3.2687826115      -14.3591990146
       -3.6455096103       -8.7287140813      -10.3810906813
       -0.7266914699        3.5575081305       -6.9613244274
        7.8452801795        1.9752032612        7.2477024455
        2.2589880278       -5.8014233382       -1.3205657990
       -7.5043814000       -5.6262012709       -0.5031366636
       -3.4301414321       -0.8756971776       -0.1794619462
        9.0960504940        4.0071877677       -2.6360401075
        6.0277703130       10.2168791093       -4.6512935950
        6.4614194746       -8.3117136721        1.0341200797
       -5.2836359155      -11.5779230113       -8.5218687605
      -12.7717245790       -0.2854270738       -6.1814910917
        0.8323172903       11.6504964929       -8.5163522428
        8.8915657855       -3.7153951949       -2.2937178226
        4.1578591189       11.5616635469       -1.4841411658
       -4.0759977071       -8.5543724845       -6.6662816592
      -12.7803734106        1.5425177432       -9.5683056782
       -7.7970193854       -3.8638343846       -3.8656632010
       -8.6266240402        7.4747476464        1.9942900653
       11.0178412087        3.3870915081       -7.1966765392
       -4.3531642179        7.0361590577      -11.1063040136
        5.4823391604       -4.1929424423      -11.1539373152
       -2.6474712851       13.0664618431       -8.9200761512
        6.9071209594       -6.3152060346        4.2670119829
       -2.2851873306       -5.2627583654        8.5360819611
       -7.2270676882        4.2328461456       -7.4563234504
        6.2090437371        2.4357493740       -1.2455807895
       -0.8241622696        6.5805965646      -12.6093819341
        5.7362976276       11.1592658045        2.0139817664
        7.6407388105        9.9612559388       -1.1645634206
       -0.6116473522      -12.9490545643        1.8747906613
       -5.6245694196       -5.4813114844      -10.7584081241
       -0.7000107287        4.6234947764        4.3116042169
       -9.5179592031       -8.6621468591        4.3273705463
      -10.4151092971       -7.2111615185        0.9806733024
       -3.4141307364        3.7288977136      -12.8931518676
      -11.9557826164       -1.7851272839        3.9120476032
        2.5162063520       11.7001641328       -5.0203892469
       -6.2119379938       -3.5265890189       11.7298781690
       11.9355508334        5.6364969647       -4.1581546921
        5.2490065681        3.8622238939       -4.3850876888
        0.0263010794       -6.6745572022        1.7006600389
       -3.9179317894        7.1607524017        9.2673837324
        3.8056300000       12.2941406423        5.1633439682
       -5.8904589345        5.1371452147        0.7888751933
        7.6195605377       -6.2178250116       -8.5749439902
        0.1513957342       -8.0137788369       -9.9011567685
        8.7490849348        5.3665082430       -9.5878624919
       -9.6679593013        1.3234914954       -7.5269793387
       -5.7379421768      -11.1275416652       -2.0237420140
        2.7376861720        2.0786127997       -6.5016434942
        1.7614426348       -5.1029340346      -11.7989982916
       -2.7269437695        9.1119292446       -0.4981621917
       -9.1501306904       10.6574781352        0.0932163274
       -4.3835434663        3.6477744197        3.6741012713
       -4.7492182013       -2.1680661733       -5.1795962517
        6.3029909468       -0.9561062118        9.2493125946
       -4.2954010316        9.1240064059       -4.0288346180
       -8.9111586976        3.7136464807        2.2901310153
        3.1935668185      -12.3415564246        2.3621310424
       -4.1447441972        3.9486172132       -5.3742214015
        9.5167295190        8.6790478910       -4.3389731733
       -0.4615555031       -2.9505398226      -14.1413056168
       -1.5388581939       -6.3761434430       -1.7420692887
       -9.1275960731       -4.0174780517        2.6380275639
        4.3185440944       10.1968500399       -8.1293857562
       -0.5181996388        9.8820052021       -3.5507230478
        2.2156375099        2.1536028434       -2.8166576547
       -3.2266818728        0.7143682500       -7.1213627787
        1.0946154834        9.7298472133       -0.0412132660
       -2.3565407607        1.7201602287        6.2370445171
       11.8557281395       -2.0990306381       -3.6548576565
       -9.5834658864        8.0993672866        5.8357541092
        4.7491292022        2.1584874382        5.1922518748
        2.2357278658       12.7492728355        1.6713593383
        7.5482017914        2.1678246490       11.0632259809
       -7.7891526723        7.3780061826       -9.3747827753
      -12.4610343305        3.5697050294       -6.3958499987
        2.6489774043        9.3767086928        3.3919632527
       -3.8195547978       11.2731518797        4.1578431385
        3.1145635556       -2.7603891165        0.3628038674
      -11.7395273751        7.7119819742       -0.0724687962
        8.3135321865        5.5357138300       -5.8732614537
       -1.7511506986        9.8635084729      -10.7963691028
       -1.6866528222       -2.2845011025       -3.0665198354
        8.5055501511        1.4867456879       -9.3667995259
       -6.2944499772        0.9479222025       -9.2310288098
        8.6218211225       -7.4702193392       -1.9940865721
       -7.5425018938       -2.1691728284      -11.0538918988
       -2.2356492560      -12.7201673358       -1.6779140194
       -4.7900293310       12.2942223046       -5.9051934297
        5.3927701541      -11.5087172529       -0.6625511020
        3.0322914294        8.4524153923       -3.1727240249
        8.1194646343       -2.3952191890       -9.0233408512
       -3.0293194942       -8.4364683599        3.1738595892
      -10.9505465971       -1.7497751030       -9.2701439185
        4.9564469577       -8.1912660802       -2.5457938705
        6.2458786364       -3.1129416863        2.3433844552
        4.8254953846        7.0235416725       -6.2703699379
        3.2107432551        1.9209968706      -10.1924236531
       -9.6511754491       -0.5048264740       -4.1353841231
       -1.1745359958        8.8362462955        2.9677422298
       -1.3399972558       -2.5584629500       -6.7629037131
       -3.8108157774        3.8677195163       -9.1574710607
       -7.8464509622       -1.9802057368       -7.2387503050
      -10.1181095809        4.3053836075        6.3137734815
       -9.0097610661        5.4159011459       -1.1918928778
       -5.9179332713        0.7878219992      -12.9353417521
        1.5264617934       10.8760943544        7.9791743837
