         1.8486154865        0.2367848969        2.1055857308
         5.4292048764        0.3196440378        3.1910889022
        -2.9870033070        1.7056814788       -4.9985271975
         4.3748046079        1.7996310302       -0.1211965253
         3.9257506728       -4.3181809228       -2.5709571512
        -5.1283066048       -0.6860689253        0.4854864085
        -1.5231510972       -0.9045128951        1.0205985330
        -3.4739881024        0.8413208463        3.7125578596
         0.2439688858       -5.3333788347       -1.6569994017
         3.0499992004       -2.7763723139        3.5602410446
         3.0619450919        3.3814147755        3.2311919571
         3.1632226282        3.2291293243       -3.4484531036
         5.0555228877       -2.0094971662        0.2994047659
         3.1529008825       -5.3869091788        0.8954926530
        -0.2273602337        2.5410434980        5.1288562140
        -0.5745431145        4.0532905757       -3.2010390613
        -2.0129539278       -1.5986772429       -6.2882165243
         0.6772885294        0.8099782258       -5.0442760332
        -0.8832510267        2.5746961009        1.6362631091
        -4.6339291055       -1.3410555636       -3.2649774634
        -3.1456009028        4.6445226186        3.8318426931
        -5.1054394687        3.0724638750        1.1451120378
         1.7256442505        4.6548646689       -0.1811393648
         1.1344794368       -3.0766478931       -4.6969074538
        -2.4830035228       -4.5269264319       -4.0988429766
         0.2462369110        5.8476157649        3.0337514374
         3.6318882538       -0.5741428119       -3.0643757163
         0.8844407272        1.2816371376       -1.3247365605
        -2.2175595514        5.3864848742        0.0024726167
        -3.1336361307       -3.8235213165       -0.4893112105
        -0.4431602835       -1.3086265683        4.5827668671
         1.5936685945       -2.2692676693       -0.4664591510
        -3.6525913200       -2.9401833516        3.2154278101
        -1.1788987943       -1.3571078604       -2.6182068602
        -2.8929975534        1.7081576248       -1.3775715721
         2.7408510889        0.3819161293        5.7454238541
        -0.2430589646       -4.2392005371        2.0886288332
