        11.0713678772       -3.1507414540       -2.8517960004
       -0.5072818872       14.9009672686        0.2370326311
       -0.0890216240       -5.0200191940       -0.0605602548
        6.6967246571       -6.8149909468        1.9540712283
       -0.1591577429       -2.5943649040        2.7047677028
      -11.3913394287       -5.1401051736       -6.5741422277
       -4.0631030964        0.7142436955        8.0378487480
       -4.4169580344       -9.7370789614       -0.4605726679
        1.6462753333        8.4566741778       -5.7298005981
        8.3614911526       -6.9633129009        9.0453363753
        0.6782772878       12.2949396644        6.2323007356
       -7.7885634256       -8.6872426268        7.9032550318
        0.6842856340       -8.5857531500        0.5152577151
       -7.4563055633        5.1265853237       -9.1610965942
        2.0853101283        7.8301747166       10.5251463315
       -0.3087309072       -9.8789904013       -9.9682952031
       -8.3512521084        2.4036124276        3.6009808906
        2.1270350348        0.1509327223       -2.4875369777
        2.0494249512       -0.9093139145       10.4154440665
        6.7022309812       -5.8601730191       -4.7255016934
      -10.3198247429        4.0913437946        6.1674626355
       -2.5685144029        1.6535775560      -10.4555760951
      -10.3002448891        4.5744806059       -6.5387717544
        7.6265168353       -5.9884377035        5.4215435020
      -10.9935125474       -9.6960209922        6.0656815962
       10.1443375394       -6.7791128949       -3.7132680125
        4.3248119091       10.5213210227       -7.3329086883
       -7.7262398048      -11.2823589712        4.9982692711
        1.4304956103       -0.0469667344        6.9933026485
       10.2259266094       -0.4660523154        3.3154826405
        7.5442519528       -9.5763717438       -4.1649503092
        0.3553798851        1.6154865131        0.2005631751
        9.6672350549       -4.0589039328       -6.4243150333
        1.5221168045        8.6197316375        6.8563070087
       -1.1270769703       -9.2989416275        8.6164585203
        0.3498629960       11.3479760355        0.9146916188
       -5.6147087306       12.9663954950       -2.9035917561
       -4.3018350689       14.0434609421        0.5895045701
        1.9480218716       -6.8333495408       -2.5541782250
        2.1170570240        7.2625128686       -2.0816750098
        1.4926091227       -7.2245280659        6.7422452667
        2.2424487387      -11.1779443644       -7.3260032380
        9.3077118878       -4.0669042411        2.2795889845
        7.1090958630        6.2127423242        5.4653902915
        0.0518266478        0.7857257514       13.1280237096
       -3.4198876444        3.3777735463       -4.5768018461
       -0.5210515426       -0.1029941284      -13.1996930074
       -5.3691997895       10.5566945438       -5.8605778786
       -9.3283974994        7.6722806912        6.5448086542
        7.5975152327       -2.2498874220       -3.9031560166
        1.4167518859       -9.7916645292        3.9913103325
        5.9978163200      -10.3789171757       -7.6507365642
       10.0971618274        2.5505980208        8.5883967157
        8.0838062814        5.6339136991        1.7688300829
        0.9876573502      -13.0523683463       -4.1984860894
        8.9007771368       -8.6681454979       -0.5735198269
        3.5705550220        6.7618810152        4.3068709951
        2.0480935161       -2.9631083301      -12.4788278559
       -6.1824754855        2.3052543219      -11.5277377643
        1.1202113223       -3.2425507598       -3.0663806159
       -7.8342020138       -5.7619384616       -5.6403216476
       -2.2963018495       -8.1465697621       -7.3380305323
       -9.6742931746       -2.6743580676       -4.3992373850
       -5.9880677593       -8.8399498813       -6.8197752476
        3.4460519450       -9.1888422716      -10.3664468042
       -3.0815311280       11.4627044099        6.6223089462
       -5.6986357756        1.2496943316       -8.1031376631
       11.4958606542       -5.8850928410       -0.1524352745
        7.7451609475        8.8325748206       -8.1431870704
      -12.0669791914       -7.0304539402        3.5915490546
        2.8332388826       -1.8702782973       13.8224605252
       -6.8958185383       -8.5360303901       -3.1252363202
       -1.2573682971        2.5790837046        6.1542703775
        9.6397344782        2.2600710889        0.7152339280
       -1.4995609659        7.4455150107       -7.6519679601
       10.9786012454       -4.1147108008        9.2620874438
        2.7267562322      -10.4513009443       -2.0104053067
      -11.0475145330        0.3846734425        5.4702088370
        5.8006084256        8.6449797622       10.0065658048
        5.1944441625       -6.7278138807       -8.1216371738
       -1.2641315663        8.6661216535       -1.1563299636
      -11.9830577253        3.0318922317        2.8224896699
       -0.1083279896        2.9205043237       -3.3128216299
       -6.0734286166        2.4516198203       10.6400690658
       -5.5637038571       12.2848657079        3.7370264151
       -3.6746193960      -13.3878002218        0.1010242650
      -10.4819799217       -6.0423910653        7.0450456135
       10.8092805096        7.6235853324        0.1194711613
       -5.8828829865       -5.5796282553        2.6487671838
        4.7647264263       -6.1167264640        8.0057283602
       11.8389826666        0.5191231380       -1.9282370499
        2.4467252954        4.8648965066       -4.9690541184
       -0.2816178480      -14.7914517082       -1.0038796987
        7.2062804864        8.3288042751       -0.8790813705
       -2.0181177498        8.5671569532      -11.2010746428
        2.1250767578      -13.4230972774        4.6061072564
       11.5913211576        4.8693159667        2.7371453144
        3.6206658679       -0.4577054245       -8.5620743669
        2.7998843467       10.3938439526        3.6720972251
        3.6227794938        0.9710113447        1.3877237168
       -8.2043072484        9.4931250194        3.3919517938
       10.3405877640       -3.2392635089        5.7132986069
       -9.5240907655        8.3253707313       -0.1281629162
       -1.8272735648        9.8509292258       -4.7543003579
       -2.7919555415      -13.6737537439       -3.6907323701
       11.9982661775       -0.7051890545        7.7935514415
       -4.4217001223      -12.8386231531        3.8954822241
       -3.7329671233        5.1868137141        5.0891991308
        5.5593943489       -9.6076731838        8.6360850129
        1.1631245682        9.5904393588       -9.3212260636
       -5.1615728412       -9.2293139073        3.2926389156
        6.8858186325       11.9548885594        8.4857115619
        3.9612085168       -2.6624182501        7.2473311185
       -1.1662182535      -11.9183581431        5.7775424561
       -9.0293198636       -1.2591734683        2.8124345075
       -7.9262419153       -3.9752531517        5.3135305832
        6.8828181609        0.2632907749        2.4188389532
       -2.8965084279       -7.1377584037      -10.9318584488
        7.9266024135       11.4863951640        4.8365143117
       -2.6767825313        3.4697567380       12.2238090043
       -3.0426515075        2.7794240580      -13.7964587034
       -1.0464632297      -11.1802138452       -1.5633537417
       -0.8485677875       -1.4525922733       -0.5990593643
        6.7526683705       -2.5546560017        4.7091077412
       -9.2711858453        1.8390082380       -9.1387762867
       -5.4678722185       -4.3092816686      -11.6285287490
       -0.5784990287       -2.9253771237       12.3585574170
      -14.0794278696       -1.6756135709       -1.4880328214
       -1.1120031798      -14.3741102786        2.7733109238
       -1.8591540678      -10.7558285551        2.2047982088
        4.8492421616        0.6652249031        5.5451424034
       -0.0955685834        6.0288603059        4.7349455684
        4.3982986982        3.1702779305       -7.6539672139
       13.5267806829       -1.4037402328        4.3662491349
       -5.0196978210        8.1108411719       -8.7906065872
       -8.3846024398        4.7169023993        0.5789620395
       -7.8946753056       -0.2364293139       -2.2696513713
        5.4653764511       -7.7400499413       -1.6353805785
       -1.6494722946        3.4224890054        2.6300975494
       -4.2488431707       -6.3603197505       -4.6876966395
        5.5071838336      -12.0351497974        5.5938601920
       12.7096343063       -4.9947937919        3.4111280222
      -11.4999918912        0.4337576501       -3.1463927162
        9.8938651043       10.3211117217       -2.4713723075
        3.1488934506       -4.9853171647       -5.5676095666
        2.4391108279        3.3992885055        5.7468571442
       -8.5204497101       -4.7390952194       -9.2144516198
       -8.2097049541       10.0561567078       -3.2770855338
        3.1248050759        2.5820748004        9.1968362570
        8.0652448946       -4.9595372231       -1.2097806391
       -0.4508352136        5.1513853728       -0.4469717425
       -6.0939225689       -3.3162118268       -3.5028417090
       -9.5144799978       -4.9665002140        1.8777292103
       -2.5298555731       -3.9060568022       -2.6193246624
       -4.3399270133       -0.8784977916       -1.4207937297
       -8.6264789704        5.1906662594        9.4667601344
        8.3902209235       -9.4796630787        6.0902071201
        1.1699064693        7.7795697279        1.5918458615
       11.6185504516        6.9791487649       -3.5644621900
       -1.6368303931        6.9932144355       10.9362017123
        5.6604232675       -2.1990626415      -11.0617816836
      -10.5258771940       -2.2797446641       -0.6348758591
        6.4290294616       -0.9581586059       12.8424620948
        6.2524736577        8.8778037190        2.7715213192
        0.4298689636        5.2097955564        8.3568775899
       -2.6967198355       13.3763025047       -5.4048881722
        1.3290811384       10.8468521068       -2.7871069526
       -5.1300857426       -6.0442162457       -1.0326338572
        8.1616734046       -4.2425547469       11.8103507717
      -11.4040036298       -7.5444983740       -0.2273341343
       -9.9118086209       -2.3252694722        7.9625043778
        0.6755464003       -3.5802938141        6.0364073730
        4.0618060023       -1.5018516760       -4.9622820586
        3.0207265100       13.5581160581       -0.6873228243
       -5.2250858603       -6.6403937879        6.1726030349
       -0.5724031078       10.3967200186        9.3772063807
        8.0897849995        7.7354940010       -4.5257916877
      -13.6106095796        1.9787574060       -0.5254757515
        4.0072135596        4.2515007809      -11.2540891720
       -5.3347239011        6.1391082396       11.2119683400
        0.5361538578       -2.1949628955       -6.4026704759
        9.6243256209        2.3825736678       -8.0684750000
        5.6031717685       -0.1464052566        9.2490713556
        6.2358008104        2.9966811873       -0.2720127654
       -2.9884044833       15.7673508746       -2.5123086106
       12.3699808237        4.1987196963       -0.9638019907
       10.1288920333       -7.7526324502        2.9795862896
       -6.7739910959       10.4953180817        6.8969317457
       12.3862617424       -2.2571896047        0.7423278666
       -7.3936187762       -1.2172408379      -10.4936633139
       -1.1721607403        5.0166097997      -10.5531587139
        2.6315758770       -3.9760867271       -9.0281547495
        8.3562790405        1.3909511929       -2.9668797068
      -10.5587053898       -7.9398818141       -4.0566072049
       -4.4849289077      -10.3422688703        6.8848478029
       -1.1536947332       -4.6746064704       -8.6865294942
        3.1604418293       11.2155107281        8.9536573871
       -7.7227570520       -8.1409424882        0.6161883946
        0.4863048481       14.4168494691       -3.4464470042
      -12.2442753297        1.3768806419       -6.6656398164
        2.2211951099      -15.8302497225        1.6676064628
       -7.0216652888      -11.8549013791        1.2164357524
        7.2835109316        2.4224779056       11.1759011636
        8.9276024256       10.9108307590        1.1796138930
       11.1427327904       -6.7716174235        6.4760264045
        5.3798121039        3.6073325800        3.3955510127
       -7.2792696854       -5.0149349999        8.9564149326
        8.8255088720        8.8527058473        7.4437825207
        6.4977110411        1.4577737703      -10.2118627734
       12.1888292167        2.1143233676        5.3445714543
        1.9794938188       13.9630047831        3.0033539228
       -8.4313597598       -7.6400916959        4.3445051478
       -5.0777440565        0.2276294927       -4.7207177551
        5.8850910661       -3.1569569268        1.2548041026
       -4.5815521607        5.6883033118      -11.7228601345
        1.4417431079       -7.4500542043       -7.7668550591
       -2.8784906824        2.2776769433       -0.9943608242
      -11.8357591448        5.2534340709       -0.4038029884
        2.2185227431       -8.2309495720       10.2146695047
       11.1405044355        3.3002933049       -4.5671632133
       -2.1111596244       12.2105013635       -1.8492779019
       10.6023025421        5.5475818697        6.3941797043
        4.6496658730       -3.5040630840       10.8588834261
       -3.4190619184       10.5043302380        1.2791135028
       -2.7784190142        0.1043852872        1.9578973727
        3.9830133881       -8.6214213786       -5.0870222664
       -6.7050585829       -1.2841803998        9.8649751449
        1.9564182942        5.9482612876       -8.5853637079
        1.0523025017        4.3287366356       11.9146485599
       -2.6801461939       -4.5929357075        4.4427327429
       -6.6695750409        3.3870826522        6.9900440255
      -10.3949569311       -1.6669503383       -7.9671130858
        2.8769472749        3.6766865835       -1.3342482419
      -13.0991085217       -4.3525521416        1.0646157387
        8.4545687203       -0.0332987663        6.6477467702
       -9.9851514374        1.4384134815        0.2153531883
        6.8533746891        0.4435471917       -6.5195657962
        3.9734831830       12.9360960278       -4.3659364163
       -4.7056531973       -2.9701843338        7.1768750441
        3.4900470094      -14.0666140947       -1.4532045365
       -1.7375645273       -3.6215485492      -12.1878495380
       -6.5963876020       -7.7968154616      -10.3310761988
       -4.7231050505        9.3918942151       -2.2546869575
       -1.1323667593       -6.5918250294       11.3541781075
       -3.3501642615       -0.2520495381       11.5754661486
        4.4526548439       12.9874294586        5.7628950986
        1.9477552891        4.1873484406        2.2330631814
       -4.0036358112        4.4636536944       -8.1869094571
       -6.7957500871       -2.2462020109       -6.9810781021
       13.0689918394        1.4040515590        1.6783701991
        4.8000901261       -8.5999157482        5.0113754688
        6.5053369982       12.0271614033       -1.5978693493
      -10.6033307589        6.5002250708        3.0743551923
        5.0577011236        6.8522175061       -6.5825349749
       -6.1888406957        2.9027357341       -2.0203220623
       -8.6362824338      -10.9906424454       -5.2577602120
        4.7585193640      -12.2349478190       -4.5556527719
       -1.6245519382        6.2147495316      -14.1071940325
        8.7607542082        2.9096760187        4.4540624020
        3.8189967293        9.9432359277       -0.0098102716
        1.4003589369       -4.5655467792        9.4730096240
        1.6215874886        1.2131987308       -6.0202551899
       -0.9750566379        6.3599298761       -4.0454179165
       -2.1818506552        7.8019650800        7.2558516126
      -10.7357417072        7.0479356556       -3.6126711216
        4.9216217503      -13.1818224429        2.0245491351
       -5.2844940850      -12.4790513096       -6.3614813036
        7.1793801241        5.1538612066       -9.2247850198
        4.7435101662        9.3518877339       -3.6863617607
       -4.4282428787        6.9626804887       -5.2328237860
        4.6347322292       -5.7678656415      -11.6553217421
        7.4722966916       -3.3946143841        8.2632362069
       -4.6540753040        8.7413702645        4.4353798581
        4.1378849442       -9.5180406604        1.4486971369
       -7.1679276116        5.8526594260        4.0989633803
       -0.6317342044        3.9718632656       -6.9102491627
        0.7867177590        3.4018625948      -13.2039446999
      -12.6613910983       -0.6659927419        2.0361893830
       -5.3676530733       -1.9188112713        3.5907471443
       -1.9000449458       -5.6024535385        7.8815851768
       -8.6894098688        0.8750339700       -5.6595975027
       -1.5371304783      -11.8849167710       -6.8987684286
        7.5289848173        4.0994710833       -5.5456733715
        4.8122533744        2.1254253993       -3.9940363327
        0.2213992503       -9.3939711471       -4.7133406677
        4.7637591296        5.1931223265       11.3893614885
       -4.0543561690      -10.5652672263       -9.4968066551
       -6.1981897481      -12.2668214793       -2.5908848569
       -7.2421747000        6.5004136023       -2.6297523388
        0.0294202698       -1.1953564311       -9.8036743205
       -1.9074193836       -8.2661927664        5.1299625723
       -9.3111542018        1.4298357904        8.7990984546
       -7.3434467613       -0.2809118818        6.2039845544
        4.6332939630        7.9322623695      -10.1593532271
        5.4402938129        5.7194744989       -2.9260817231
       -3.1415367003       -2.8064996723       -5.9630051608
       -4.2947901763       -0.7656797967      -12.8354301060
        1.1555057897        2.2678012092       -9.6184911915
        8.0740216492        5.7284356723        9.3765502863
        8.9497260647       -1.3322231454       -0.3155242380
        5.2303431488        9.3649185357        6.3914008923
        2.5460040359       -2.2713836522        0.2099264799
       -4.4729993635       -7.6368244209        9.6521075845
      -11.6261575297       -3.3411209896        4.5843816045
       -3.7405250292       -1.8270122350       -9.3944670641
       -6.9377353266       -2.9136141623        0.2059337910
        1.4518651429      -12.2065759721        1.0968358997
       -3.5374681549      -10.0477403720       -4.2090252077
        5.5252462651       -7.0367114560       11.5549369940
       10.8052999110        9.7207478682       -6.0983747151
       -2.6172194982       -7.1335636954        1.6063812166
        6.0938100486       -3.1917672506       -7.4132185748
       -4.9803009662        4.0844637404        1.5365625954
       -3.3629710139       -3.5233318207        0.9983628664
        0.8582242417       -6.4476753008      -11.3569587590
        1.4991742564        7.0552463997      -12.1480069732
        4.5545076566        6.2881582449        0.6981134825
        8.0947826927       -4.9433092674       -9.9131416034
       -7.9418991918        7.6242379068       -6.2468010777
        3.2037424184        0.5881247553      -12.1424420269
        8.7268377698       -7.6710217671       -7.2677805059
       10.2619823832        6.0717118142       -7.0976836193
        2.2371016833      -10.8509498557        7.4046123880
       -8.7795273037       -5.4433088432       -1.8952380197
       -3.9512501194       -3.9705872093       10.7056735914
       -0.6280849805        1.7157967905        9.6395485520
       -2.3775988608       10.9637201494       -8.2999420427
        7.4353973071       11.3753775674       -5.2598892629
       -3.8119479932        5.8204283188       -1.6059880922
       -4.8693537219       -5.3308253405       -8.1444744877
       -1.8026256510       -7.5520015707       -2.1081677360
       -4.7095158559        1.7387477837        4.4602322184
        4.1664854618        6.0174057851        7.8831955984
        0.8200230985       12.0448230902       -6.4106635654
        6.2672079546      -11.4139656823       -1.0557096839
       -9.5613924178        3.5279355466       -2.9462001579
       -0.9486162642        9.6560141414        4.1063696293
        0.6321876395       -6.1752911584        3.3648599973
       -9.5130696452       -8.2271866321       -7.8080102168
        9.2236378061       -0.8144148092       10.3251685504
       -2.0834414378       -0.9660909842        5.3992791743
        0.7408941790        0.7750904931        3.6356216424
       -1.4566057462       -0.2869281153       -3.8044770498
        8.9121722722        4.9996176019       -1.9352774688
        9.8705601807        8.2602018550        3.7915842058
        7.1742713454       -8.4992614089      -10.7146044475
      -10.3008796492      -10.2087363476        2.3139822427
        6.4696794146        3.1390936718        7.4893114638
       -5.8610507099        6.9484795342        7.5966036864
        8.9091204254       -1.3028410233       -9.0169369599
        5.5336947199       -0.4958515247       -1.3679899009
       -3.3056933786        4.3564560527        8.6919394914
       -6.3481343380        0.7781878097        1.0629135553
        3.2394996214       -1.8462665614        3.6987632490
       -1.3426965319       -1.9428694680        8.8623232526
       10.4639645670       -0.3887431385       -5.5216178565
       -9.5054638911      -10.6382572347       -1.4850897240
        3.7666790991        1.6760456695       12.6589911475
       -6.0183377417        7.6837106167        0.9067903577
        5.5044990784       12.5707578242        2.0859269262
        7.4871111871      -10.4659814263        2.5771752571
      -12.3887040169       -4.8284942738       -2.7805801015
       -4.2981465184        9.5492468092        9.7346988029
       -2.5374732569        6.9638165465        1.9637596993
        3.3505164503       -5.8655280529        0.8385948427
        2.2351015780       -5.5241405535       12.9200954049
       -1.8208230145       13.2422964656        3.4318480841
        4.6305699002       -4.0476033338       -2.2363364458
      -13.0337166984        3.8755963321       -3.8410766064
       -6.8126000846        4.0147932308       -5.6213955715
      -13.2262201407       -2.0540090440       -5.2773226883
       -0.5728727530       -5.6957775007       -5.1837568117
       -6.9796851805       11.2621764353        0.2243374548
       -2.0472333121        0.6874414917       -7.1096461804
        4.0175474966       -5.2054334624        4.3788009105
