        -7.2169361218       -7.4019421442        1.2993159609
        3.8211168396       -4.4361156997       -9.1236717569
       -7.0882581855        6.2381846736       10.7590896601
       -7.5121514615       -6.6726210199        6.6529788728
        8.4180041262       -1.8879356801       -1.9020975307
       10.4780387711       -5.9405698458       -6.5201113757
       -1.6635495500      -11.4092915611        6.5573926343
      -10.2784539591       -9.4959156134        1.2541638654
       11.8014002434       -0.6524108590        2.1708516174
       -3.2097803731        0.5237048654        5.9642799345
        3.1099601138       -9.9173937881       -1.0015925403
       -1.1285910564        9.2022203020       10.2641455563
       -6.5516387910       -1.4054901704        6.0411744519
        0.2200849900       -8.1953583029       -2.5397022462
       -3.3478543466        3.6428062910      -11.9159892429
       -4.3017953369        5.1345809466        8.5927261811
        3.3666545702      -13.0429849407       -5.4379203407
       -6.6576534392       -1.6482138451       -3.0516421742
        8.1868102928       -1.3280572906       -5.7866700933
       -6.6117932028       -0.4937464006       11.1599566101
       -2.5506546475       -9.8376544713        9.9364142004
       -3.3199051763        9.8729684524        3.9968326697
        2.6958905257        8.4754716479       -7.7101132133
       -4.4710194767       -6.1334010756      -14.4705365096
        9.1080403636        4.5688414198       -0.9850273219
       -7.9507467720        5.1846392618        3.5615864115
        4.9822850674        2.8248893694        9.3057855557
        8.2117143913        4.8675272070        9.4608561075
       -0.7403940432       -6.9208531988        0.8363358930
       -1.6854297680       -4.6919210808        9.4217766217
      -12.5785907063       -2.8113366929       -0.8344547848
       -0.0782786562       10.0274750808       -9.5371012596
       -6.5882480846       -5.1175375220       -1.5909942092
        8.3079709116        8.3636135764        7.8769685061
       -1.4485484129       15.9793066196        2.7826617697
        1.7228701003       -3.4442691884        3.5455469819
        2.5949022981        9.4170821861       11.2794073624
      -12.2311268448        0.2517518163        1.5131569711
        3.3535009311       13.2681418848       -0.8422317301
        7.9676038891       -7.8974583217       -8.7079450016
        7.2288529498        7.8562981923       -1.6256161108
       -6.2730098982       11.4912661516        2.2566574507
       -1.7431603535      -10.9426839587       -9.1902061989
        5.0102032494       -4.2255355685        1.7354283202
        9.3919920027        7.5024228469        1.4407065058
       -4.1721569524       -5.3078972342        1.3403856012
        9.6737291503       -1.7112239711        9.2358630023
        5.8133501109       10.4951195169       -7.5174643730
       -3.1202836889        2.6545760053       -5.6093671679
       -0.6648513387        5.4503271619        9.6960881345
        3.5379309010      -13.6315565018       -1.6233572688
        2.8952013483      -13.8897843907        2.1088203054
       11.1749048364       -3.0239970112       -4.1430426242
        7.3239453365        6.9423524739        4.5785480650
       12.3497062244        5.9266119887        3.0890087467
       -0.7584400244      -12.8814390513        3.1241561262
        7.7557000608       -4.8165860510       -4.2467407649
        1.1930913899        2.8535904720        4.1300551428
       -1.7499917819        7.0744419605      -11.1284325354
        2.9325089148        7.1555850450        1.5558924591
       10.8739581757       -2.4087479478       -8.0090742926
       -1.5193087467        5.2664185864       -3.7910518478
        0.8406958709       -2.3944264674      -13.1214878699
      -12.7784844821       -2.3194443666       -4.7417180376
       -5.8625338405      -12.4988941374       -2.7546153113
       -1.1253880406       -9.1783226168        3.6689339361
       10.0782820019        6.8560785135       -3.9166372794
       -9.6838707556        3.3112709357       -6.1331473428
        1.0462905224      -15.5444697454       -3.7580834472
       10.3479013554        9.8085073170       -1.4190467663
      -10.7566127814       -8.6119661681       -4.9787641539
       -4.9014897591       -6.7884473098        9.5355168133
       -1.9124330470       -1.3607697936      -10.6267526618
        5.6466691121       -1.6093352972        4.3451143834
        8.8795880358        0.3986141718        4.4538203699
       12.2662954109        6.5033610208       -0.7599969753
       -4.6551821069       -7.5362093104        4.2124350315
       10.1832095573       -5.2900731527      -10.3223902192
       -5.0100960767        4.3880350252       -2.5871242999
       -1.0534157493       -2.6234694631        6.5592652272
        6.5463761310       -5.4716272677      -11.4272002316
       -6.1247892121       11.0188402730        6.1488969361
       -3.3587983179       10.2533545432        0.0866437574
       -2.8685904076       -2.6577303519      -14.0158867961
       -5.9547930060        1.6268297414        8.2094530592
        8.4798044001       -2.4719595159        1.9954522414
       -9.6244537708       -7.2119003504       -1.6658822394
       -3.2107017318       -6.7084120253       -2.0696267262
        7.0272724777       10.7247449008        5.1173940610
       -1.5412829343       -5.4362187995        4.1557048157
        2.0790173752       -4.1271579188        9.7669771389
        0.0176620979      -14.2947865859       -0.3196441806
       -5.6201001687        7.3540799395        5.7149530711
        5.4206916467       -7.9810219424        1.2342973787
        5.6342288616       12.9069924020        2.2542818375
       -2.3416190766        2.5677994327        3.0770365056
        2.1202941081       -6.9120657443        3.1281034525
        9.1417637466       11.2286586879        1.9583991990
        8.2021982277       -2.0438275808      -10.9106041398
       -0.2511125012       14.7046510825       -0.5512439265
        3.9076753544        7.1509230941       14.0259508341
       -8.6279554348        9.2860003943        0.0631157490
        7.8521427110       -5.3931751250       -0.4179590191
      -10.7767753778        6.9762044493       -5.9323199897
       -2.4789779951       11.4266793734        7.3973853221
        1.5636693752       -7.0913816080       -7.5588277943
        4.0986821775       -7.0892953541        8.2625420503
        7.0398481229       -8.6349067390        9.9430102991
        1.4643895633        9.7877044902       -4.3655876413
       -3.5939938569       -3.0396070593       -1.4857237235
        0.2326056488       11.0793306044       -1.0324737324
        2.8664161260        0.7025902058       -1.4532513949
       10.0900504370        1.8225251523        7.8016007612
        2.5327725495      -10.3974425140        2.6616663909
        8.3054255181       -9.1773822081       -0.9865637378
       -8.7429664309       -4.2945961512       -9.7732489138
      -12.7591713733       -5.8266631979       -3.2181860986
       -2.8139272680      -10.3876095270       -2.6609704580
       -7.0469151013        2.8331043676      -10.7965417750
       -3.4439741048        6.5640710035       11.9168498749
       -2.2164277122       -6.8384659702       12.3089046204
       -8.4045913635        8.4698153220        7.8676217206
      -12.4321636215       -6.3344030447        0.6584422900
       -7.6338400498        0.5757651391       -7.8246650670
        8.2633141750       -9.7324316137        2.8376930184
       -1.1483183572       -3.2550770110        1.3491802748
       -2.1301534210        8.9710640863       -3.3359939827
        3.0585705322       -2.6748032995       12.9347643651
       -9.1373468549        5.4996961754       -9.0913564006
      -10.8386685353       -5.1030063304       -6.5431105516
       -3.4278792745      -12.7901470238        0.2456613995
        3.2777674593        3.4572894100        1.1050276811
       -5.8939340759        0.8626123963        3.0977178030
        9.1896241076        3.9543226953        2.9364267975
        6.5966408011       -2.0963730143       11.5863318759
       -8.6031488195        9.4812509491       -3.8360614528
       -5.0678892436        4.0790221845        1.3379538133
        3.7841805980        9.5810443774       -1.3339722402
        5.1264529920       -8.5485900547        4.8600996243
       -7.1386201948       -3.6155397656        8.9919639889
        2.6906832693       -6.2010530876       -0.4186953687
      -12.6826850857       -9.3093316533       -1.7202886452
        4.1630092365        5.8671993771       -1.7641535299
       -0.9628040349       12.3192939705        2.3033365484
        8.4555068873       -3.1044054479        5.8893273474
        4.6027055703       11.9329876227       -4.2002190150
       -2.9779276077       -0.1791393120       12.3694650563
       -3.1241573303       -8.5598287272      -11.8690866984
        5.4714458377       -0.9688600035       -8.5640349143
        3.5494425014       -9.2072506805       11.2737983796
        1.0095187517      -11.3024432962        9.2232008622
        0.9717947547       13.4068243878       -3.8873733408
       -2.5494993353       -3.5886257984       -7.7860031195
       -9.7125599793       -3.7228364525       -3.1555313111
        3.3782021154        2.2761791205       -9.0107416238
       -9.3924929812        2.8589681227       -2.3538861122
       -6.9678478549       -4.4240629481        3.7115686166
        5.0824954036       -5.6710456982       11.5768927672
       -5.4827288886        6.3073074179      -10.1650725582
        4.4738562743        5.2471596504       -7.2020242868
        0.3669131396       10.1921604485        5.1583684946
        6.0447744298        1.9435182160        2.8152053608
       -5.7148887663        7.7919657497        1.8119454953
       -1.4240212277        3.3783199960       12.7835688350
        7.9211152145        1.3513829473       10.9491508829
        0.4231211608        0.8462234170        7.0636006600
      -12.1184171120        3.7565123326       -0.0978808986
        0.6810824635        7.4684576097       -1.4545558475
       -6.1653112179        4.1375104051       -7.3011480947
        4.5433725767      -10.8048808077        7.8927045095
       -9.2961304844      -10.9209260793       -2.2346159299
       -8.5565559407        1.8347927102        5.3180808747
        5.6518317255       -3.5727528963        8.4120733018
        0.3210536952        1.4103099898        0.9014018065
        9.6674480251        3.8730195393       -6.3727697927
        8.7002817395        1.6181355535       -3.4118967154
       -4.8157107646        8.8845300482        9.1312349387
        5.1880735337        6.3501667851        7.6820128962
       -8.5795307770       -0.6942079851      -11.1737625523
       10.3393509890        5.3892063453        6.3012003954
        1.2555311659       11.6488964099        8.4665559309
       -0.3484793289      -13.2821975836       -6.4813620062
        6.0129204870        9.2329641159        1.7455159079
       -1.1790274639       -5.9562801159       -5.2214274683
       -0.1511168617       -1.2002299177        9.9850945828
       -7.8970871708        4.8015557270        7.4323874661
        2.6707056204       -1.9936313877        6.5970166172
        4.5230034595        0.8871844209       12.8431035358
       -9.0285818074       -1.1916640336        3.0493880555
       -2.3093950256        1.9473201331        9.3952526371
       -3.8319904935       -2.3718794047        3.7233166675
       -2.8357055340        6.5797579361       -0.3994509155
        6.1403839933        1.2375848423      -11.3851770306
       -4.5997011358       -0.8851977458       -6.1796366140
      -12.7400719140        1.1883794493       -6.2709008843
        2.8719012879       -5.6658833551      -12.4972200597
       -5.2799105727       -9.4797194440       -8.7667737781
       11.2903766369       -3.6195837696       -0.2465288567
       -9.4696224991       -0.6786476173       -0.8007040868
        5.9900171800        4.3282051547       12.5536767750
        3.5323500463       10.8698483739      -10.5106857581
        4.3094380305       -8.1681084359       -9.8827379899
       -3.8712699547      -11.8285347834       -6.0456331413
        6.1267588958        7.8011272597       10.9811723548
        2.0915910622       14.5065561135        2.5346034958
        1.5741292928       -6.2672194439       12.8743780080
        5.6602656162       -0.8085933270        0.3328364982
       -9.7233450515       -3.4691025650        6.0714479604
       -0.0950521498       13.8506865929        5.6297135875
       -4.0280970320        1.3980064570       -9.0424889206
        3.5905182235       -0.6165820078        9.7266468205
        3.4918190770       12.3734593339        5.4094962199
        0.6317214700      -11.8696936639       -3.1437128687
       -7.8364398350        5.8089529666       -4.2062981365
       -2.5063667640        4.8509684397       -8.3785539423
       -5.0899970143        3.6913951723        5.2398389247
        4.0633698989        4.5329038546      -11.7432209151
       -1.2474750659        0.8600458802      -13.4757743414
        2.6540128211        0.1108051487       -6.2527037971
        8.5622825022       -5.1274548354       10.2573998972
        1.2518158445        5.5433591483       -9.3199218391
       -3.8628630936       13.9264899934        0.5808620186
       -4.4562787078       -3.7074609560       11.7943619979
       -7.7397632196       -9.6313716763        4.2000362674
       -3.8021972150       13.5267294482        4.4446748888
       -1.5296417858        4.0248779422        6.3720181837
       -3.6740700218        9.0815748699       -8.3951749282
      -11.7185598950       -0.1860062713        5.3501338941
        7.7729772620        7.2027948120       -7.0097754459
       10.6224674602       -7.7238813981        5.0428434174
      -10.7658429956        6.3720398789        5.7127780525
       -9.3767849148       -4.2222299773        0.7083686885
        0.5601096200        3.4254640342       -6.5937969848
        1.0902040743       -3.3786502788       -6.8356390646
      -10.8036105033       -1.5566696062       -8.0581639931
       11.4375349280        0.5339872492       -5.6139481532
       -6.3209031307       -2.1265957745        0.7639323719
       11.7205939919       -0.0534303173       -1.7355386692
        4.9819759381        8.1822153213       -4.6739612918
       -7.7383418671       -2.9905574593       -6.4044720013
        4.5340980871       -2.1910006331      -12.0719065173
        8.0957035486       10.1442026128       -4.4814495605
        7.4849166043       -4.2267846150       -8.0045764062
       -6.2896927420        1.3894428441       -0.7354273279
        1.1605975681       -5.5264502878        6.5665842542
        0.0984419183       -9.8066427566       12.6386821712
        3.9963388684        1.3870770890        5.9859423425
        2.0792390394        4.2803153718        7.4060170704
       -4.3219910458        6.7430854028       -5.5158561864
      -12.5236994867        4.1772168419       -3.9211689305
        5.9150677135      -11.1500289441       -3.2427350157
        5.8370563185      -11.7013619581        0.6641162043
        0.2289358485        6.8854649281       13.0072288344
       -5.0569465835       10.4783720644       -5.0611789331
        3.6404002628        2.9698007295       -4.3043262203
       -4.6288009905       -4.4101463026       -4.7522764873
       -6.6224198853        1.8297481196       -4.5033673461
        5.6818383509      -10.4830444798       -7.0763314421
        1.9968050046      -10.7785509159       -8.2342936707
        8.9156590706        1.0492511561        0.5125499256
        5.0071678182       -3.6647698517       -2.0344164092
       -4.2649659774       -8.1372097272       -5.4090750217
        6.7840468406       -0.1431778321        7.6961418737
       12.5416787397        9.4589864588        1.6474250400
       -8.5676310563        8.9606998767        3.9857948402
       -6.2573903076       11.7613436916       -1.6368132923
       -0.3288258747      -10.6075630171        0.2788774625
       -5.6448330921       -5.7352607628       -8.0606459633
       10.6120287203       -6.5468066965       -2.6427232575
        2.9516888370       -9.3818519416       -4.8125619725
       -5.6802151539        8.0943767137       -2.1015423869
      -12.1054549171       -3.2889813457        3.0269698797
        4.6539484336       -4.9854149139        5.2460278477
        6.3421657559        1.9801168834       -6.5348096443
       -2.1553776969       -7.2894633513       -8.5272348482
       -2.6871816318       12.6634794576       -2.8311786330
       -0.3187642307        2.1352861216      -10.0574645278
        2.5458806947       10.8414347681        2.0359366265
      -11.6774277963        3.3369682650        3.7357208018
      -10.8011284928        6.6693740958        1.8460447258
       -0.7696506162       -3.3213609579       12.8716594219
       -6.6165821002       -7.0167646900      -11.4071193639
       11.1626085208       -4.8469503918        7.4767443564
        5.4856780447       -0.2834695481       -3.6391000220
       12.1363399828        2.9346121292        0.6877383414
       -4.9493847303        0.1179240814      -12.4607404553
       -0.5188851129       -0.6035173187        3.7161650691
        0.5978512096       -8.3868231993      -10.9414636459
       -3.8477020430       -1.5642268242        8.8804144986
       -3.2673947618       -0.1005976012        0.8971864674
       -5.5777730697       -2.1475220348       -9.4984122654
       10.6824131546       -7.1430531130        1.2205343020
      -10.0575068424       -6.5291030158        3.7040496571
        2.5157135750       -5.7207790927       -4.1808757991
        1.9168575933        6.1795045360       -4.7471552932
        7.2144840648        4.2351103528       -9.4052729910
       -0.2011640369       -4.5737574858       -1.9542373604
        1.7790794251       -1.1484977379       -9.6990391659
        1.9907108787        7.8013491327      -11.9669600862
        0.7107977386        0.2190059591       13.3822918220
        0.5524562523       -7.6453610668        9.6176251809
        2.9966522008        5.7233252089       10.7143762480
        5.9648341511        2.6303258818       -1.2044380994
        5.5056646331      -12.1327917030        4.3815637423
       -2.8366893459        6.2189546764        3.5440089816
        2.4666133039        1.1136768960      -12.5486309358
       -3.5981935230        0.3917455869       -2.9055722538
       -0.7641718241       -9.6232307104       -5.8612349417
        0.3772317280        4.3798015465      -12.8399153018
       -5.1681209704       -9.7594811981        7.1104632455
       -0.6211818221       -0.9644929196       -1.3280315635
       -6.2411590087       -8.8318263717       -2.1664525489
        2.0231776132       -2.0880454027       -3.5445657825
       -2.2780020227        2.9413317115       -0.8982931678
       -7.2612978656        8.1188679712       -7.1857058481
        8.2407864344       -8.5828663203       -4.8827533504
       -0.5152124774        8.6650694182        1.8456654304
        7.1538578023        3.4034679690        6.1569675184
       11.3135585387       -4.2226570768        3.6365554113
       -0.7912429572        7.5952996289       -6.7240211986
       -0.9666542565       -0.0351202437       -7.2363192677
        5.4723466106       -7.4222334819       -2.6275781972
        1.1363254923        3.8947919663       -1.8304898225
       12.0774516579        2.3456986580        4.5552286828
       -7.9120655469        5.5232338787       -0.3161660335
        1.5510838453       -9.1158878757        6.1929627804
       -5.0831372552        3.0444685683       11.6763288705
        9.0654584888        0.9034552816       -8.7416043392
        4.8356792516       10.1238584535        8.2330755211
       -2.4170925704      -14.0521717003       -3.2810840018
        0.1497405262       -4.6515471061      -10.1686090866
       -8.7155576136       -7.8375783610       -8.2190545962
      -11.1912883901        2.9651166259        7.5543597805
        4.7369569037       -3.1652857960       -5.7536045298
       -1.4248408689       11.3410921280       -6.2011826957
       -6.8753433950      -11.1926461847        0.7703284976
      -12.5936120054        0.7014975133       -2.3782620818
       -2.0024360366        7.7358461770        6.9152890324
       -9.2841938104       -0.3694108758        8.3429316517
       -4.3618915746       -4.5726938590        6.6150324819
       11.7420021948       -1.2545298428        6.0360933559
       -0.1035312062        5.0374664402        1.4045305446
       -4.2864033364      -11.3355096485        3.7174781423
       11.8920701221        3.5150895003       -3.1861437975
        6.9119610226       11.6273495666       -1.1356757223
        2.2648029652        3.7318693279       13.7834645347
        5.2452715384       -6.8308204501       -6.4328088487
       -3.7929326371       -9.0672229036        0.8116091637
        7.6596636565       -6.5125060882        6.9724850515
        0.7942656489        6.5249646620        4.6699374382
        5.3960620303        7.5791339398      -10.0282469413
        6.8678605395        4.9117231152       -4.1436146750
       -2.0790464390       -7.6354979219        7.0198907859
       -0.0535542214        1.3034073450       -3.8846023307
        1.6858030037        7.9842601521        7.9701694155
        1.3834094962        2.2754137652       10.4408111920
       10.4547898608        8.9164028525        4.7621350915
       -7.3501231690      -10.2697300193       -5.5379530918
        8.0427263955      -10.1770404122        6.5698415698
       -9.7167162603       -0.2152503508       -4.6548940949
        3.8965593775        8.6673166134        4.8964257871
        2.9614271629       -0.0993985481        2.7019511620
       -3.5174797828       -4.8813779901      -11.1050512786
        4.2306318225        4.9228900612        4.3758133235
      -10.6490178899        2.0041171964       -9.4578072682
        2.2599396762       -2.5312067843        0.1236435204
        1.9696317724      -12.6878433853        5.6981419649
       -8.6743677936        2.7362992200       10.4522789394
        6.2936940275        5.4975969369        1.2671154794
      -10.7954755125        6.8924270190       -2.0420179872
       -0.8078145751       -5.8949937649      -13.5233521795
       -6.5157047633       -3.4125328209      -12.8441542059
       -7.6919717151       -6.5141682360       -4.8956284615
       -8.9965743173        2.3427571548        1.4696177743
        2.2345977022       12.1195965038       -7.2104679861
        7.8446104265       -5.9501335070        3.3464869470
       -1.5764056763       -2.2877796841       -4.5304515625
