        -1.0886996018       -1.2917918436       -1.2358004805
        -3.8681784025        4.2683708047        1.3861535988
         1.1018603678       -3.0284968646        5.5351474582
        -0.4737223272       -1.6467407394        2.3904219298
        -4.4905392975       -1.6626223195        2.9283630453
        -1.3150168552        2.3275170953       -1.8951869669
         5.3712324051        0.6538640426       -2.3363346996
        -2.7408447163        0.9296324059        1.1713413749
         2.3186222632       -1.8454825796        0.0905000109
         3.9376228966       -2.6953601855        3.1172663844
         3.6366740641        3.2569756398       -4.5532426029
         0.2719744214       -2.0394730831       -4.5771923066
         0.8529733185       -4.9718744421        2.2062811603
         4.5155020254        0.8559425738        1.4713768374
         6.0794826011       -2.2079784875       -0.0390592340
        -1.7432002570       -0.4373150015        5.4640543528
        -4.8031660803       -1.3566793446       -0.9530452367
         3.4148877935       -0.2546632119       -5.7071335742
         1.9596091678        0.4262614444        4.3342572220
        -2.2308751388       -4.2266094738        4.4081621377
         0.8965264835        1.4589996081        0.9415319532
        -2.6099081939       -4.1361688107        0.6092072050
        -0.1703434621        4.9605890844        0.5603708831
         3.7404043256       -2.8636304982       -3.0413985250
         3.3005538794        3.6727464025       -0.8161109996
        -4.4651641536        1.9092939372        4.3905478549
         2.6916806193        3.9283927435        2.9461855084
         1.8423810880        0.6388947145       -2.4916473236
         0.6722634554        5.0386371087       -3.1927332991
        -2.9180821290        5.6203432906       -2.0008753940
         0.5231230945       -4.6095107048       -1.6455284610
        -2.8776255632       -3.7894521779       -3.2149947024
        -0.9277064060        2.9563267724        3.7724196981
        -6.4545049706        1.2357006863        1.3319933790
        -3.0134450332       -0.0743245851       -4.1573206948
        -4.9311505680        2.3658394777       -1.8541551253
         0.1095608322        1.8395087436       -5.3898168285
         3.8852380537       -5.2056622228        0.0459944607
