        -4.3585553768       -2.4488843344       -3.8818535621
         0.7798692533        3.7356453856       -3.0481261484
         3.5257551636        4.2529266893        3.4759032795
        -2.3526369146       -0.4299296804        5.2260123459
         1.0872256271       -1.8738119642        4.5824293535
         4.4768997239       -3.3626220151        3.7621176770
        -3.2056489635        4.4207547360       -2.8221015616
        -2.8130948634       -0.3104523905       -1.3996594004
        -1.3445306426        2.8690203906       -0.2086968863
        -2.9621750275        2.6655462781        3.1342239208
         2.9038636986        5.3046675244       -0.1701876779
        -5.0927762675        2.3643998553       -0.0944398686
         4.4843967330       -4.2027657099       -0.0703134556
         2.2925077548        0.4810483989       -4.8984053053
        -0.8881438284       -0.2124148155        1.8170609303
         2.5447276235       -1.4872954561        1.1808795503
        -0.0253898085        5.0930139574        2.3968946502
        -0.5396015254        6.5646384552       -1.0615252007
        -3.5685041956        5.6560852930        0.8841263797
         4.3174098406        2.9712147468       -2.7575050234
        -5.2334651613        1.3091579712       -3.7420472435
         4.0662002322        0.5066626496        3.8599315590
         6.4040910104       -1.2209794403        1.4203091411
        -4.5263100424       -0.7085322697        2.0888005055
        -1.6747857049       -6.4729247880        0.6425988957
        -1.6075796435        1.4417891122       -4.5478513603
        -0.3253618469       -3.0983667208       -0.5093431525
        -4.0369563667       -3.6862873870       -0.2678912330
         5.5059080683        2.3838690449        0.7605606178
         1.9569566333        2.0660881324        0.9988957137
         0.5828589186        1.9488573433        4.4786698093
         0.7991873626        0.1477378846       -1.7702963152
         1.4290780448       -4.9456762956        2.2383977983
        -6.5488140690       -1.0095884096       -1.1025195138
        -0.7089139575       -2.0609196875       -4.4765255423
         4.5535229169       -0.4956363150       -1.7009770803
        -2.0242572259       -3.5141656448        2.9854989204
        -1.8414420570       -5.2707808863       -2.9802445095
         1.5079139849       -6.2507372865       -1.3299194431
         2.4605708986       -3.1203523516       -3.0928815642
