        -0.3320403811       -6.6365026481       -2.6176148289
        3.5602741078        4.9806086683       -1.9402795929
       -3.6586791799        4.4402424248       -0.3448195793
       -4.8526496673        2.1480095774       -3.2120518602
       -5.2545900101        0.9605026787        0.4175724102
        0.5959712717        0.4585700638       -5.7144622379
        3.6581288891        1.5930439277       -3.5760251877
        3.0709834500       -4.7608353362       -2.5264500711
       -0.9210168321        4.9061010738        2.6208858766
        2.4478572545       -0.7993580724        0.9770973291
       -2.6427168124        5.4452518020       -3.7908580168
        1.1589533386       -0.7429829395       -2.3854739629
       -5.7670015918       -1.4509403793       -2.4255268287
       -0.9331001810       -1.6235033798        2.0197131151
        3.0971031735       -1.7148613609        4.3879816152
       -2.2848899315       -0.9082129029       -1.2410175598
        4.8847358620       -1.5028965292       -1.6088212479
        4.9725203731        1.9950330169        0.0392317346
       -4.4749433464       -2.7909078926        0.9451761287
        4.4619009870        1.9462637923        3.8448581035
        3.9163364511       -4.0623878604        1.1746941888
        0.7894748969       -4.5017312534        3.3012524254
        3.4442526795       -1.9553824093       -5.0557189553
        1.6982099559        4.4513074196        5.3204580659
       -1.3529752566        2.1640924380       -2.6767414482
        1.6272262003       -6.9344758188        0.5201007514
       -0.0380098440       -3.3721352859       -4.5182279032
        0.3472915997       -3.6389349330       -0.5624288519
        2.7835441317        4.7294356902        1.7620735898
       -3.1301780532       -4.1749963162       -2.4478541951
       -2.8778131832       -3.9797773030        4.1383877523
       -0.5069954584       -1.3908644062        5.5703687672
       -2.8509340586       -0.8645106975       -4.7866462933
       -1.7938360098        1.7584828388        1.1294137884
        1.4050172271        2.3155734967       -0.4997335118
        0.9334477415        4.1207748333       -4.5417349596
        1.0056830184        1.4748425078        3.2391702723
       -1.5487096323        2.3259507597        5.5381328539
       -2.0649731709       -5.7801640887        0.8972463329
       -2.4030506278        2.6254767284       -6.1917324896
       -3.7858504960       -0.2547753032        3.7828664699
       -0.0766185375        5.5471389013       -1.0052459293
        2.0523711584        1.0489439716        6.7596463356
       -4.3623863992        3.4239404045        3.2392762328
        6.0026748932       -1.0184498990        2.0438613719
