        -0.9958151111       -0.0648675496        3.5216221371
        -4.1653885602        5.1713162887        0.9086324294
        -3.5947227406        3.3545630905       -2.4174021465
        -4.6298501682       -0.8769475672        3.5035130952
        -2.8888642424        0.4840428814        6.6512632047
         0.9171026395        0.5632709256       -5.7724173575
         2.6941629430       -5.1636032720       -1.5138165933
        -0.4314772061       -5.5596888911       -3.7178318722
         2.3973545353       -6.2028218339        2.0828129547
         3.5645010628       -2.7435021165        1.3258084782
        -5.2535892768        1.5414048830        0.5546118959
         1.8886248304       -3.6857266227        4.9176855747
         0.1787911342       -2.5992279285       -1.5532806718
         4.7497954459        4.2465827932       -0.8608678067
        -0.7634060183        5.3267259445        2.6937251680
        -3.5516618859       -4.2926959043        2.0327379276
        -1.6130076421        2.4780561448        0.6768139074
         6.2935359925        1.3241293874       -2.6783928572
         2.4371542473        3.2505603098        2.3418746107
        -3.3422986967       -3.9406469972       -1.8218943334
         1.2082789084        0.1020830961        0.7383937690
         2.2583754904        6.4129146714       -3.0140630413
        -2.8283812100        1.4143827029       -5.6624937086
         2.1602900705        6.5878807594        0.7024179577
        -2.6003432039       -1.0453677013        0.3525608494
         2.6629357705        0.2057164727       -2.5028250761
         1.3450815594        3.3287343754       -1.1702131759
        -3.4789668790        2.8113543734        3.7985207253
         3.4681114019        3.1702084899       -4.4490232747
         4.8013062388        0.7406950035        0.6753225469
        -4.5324285535       -0.3829285211       -2.7698211148
        -0.0250961926       -3.2172134701        1.9768719384
        -1.9946898845       -3.0457244555        5.3494487277
        -1.6773775764       -2.1269772405       -4.7902083368
        -0.7863767257       -6.1445052441       -0.0146817671
         2.1460286726       -2.9239694801       -4.6130951690
        -1.1178389014        5.9836249316       -1.1490071161
         0.1480015533        2.7405980568        5.3344331083
        -0.9824702148        0.7426687300       -2.5420608251
         4.6514323242       -0.3351298557       -5.5741367604
         2.8426150526       -0.0948876857        3.9959688348
        -6.1087788920       -2.1694511013        0.2008886746
         5.1243317411       -2.2951575807       -2.1124473961
        -0.3192843170        3.9656536363       -4.3983192791
         0.6145096277       -0.7404935748        6.8999818707
        -0.8702071427       -6.2956333545        3.8623892931
