         4.0029102202        4.5167231139       -2.0417692119
        5.0655135934       -4.3889479808        1.2651913246
        0.4152956812        4.0419378877       -2.7902884159
       -4.8433812173       -0.1724148147       -3.6006296243
       -2.0061393851       -2.5134392146       -4.9495423363
       -3.9548249971       -3.4925284466       -1.7977581646
        4.4841944582       -0.9313885871       -5.5040136656
        3.1015879248        2.5748047634       -5.1054128928
        5.4599727692        1.5723600074        3.8272380739
       -5.6020942631        2.4576966025       -0.8432173214
        1.6353196843        0.6155528624        3.1783002935
       -2.9611084906        0.7102133131       -6.6978157920
        2.3080528466        0.0254431204       -2.6708966807
       -1.0400549867       -5.6448517820       -3.0698448824
       -0.8382964492       -1.8120540575        2.1223789366
       -0.4304924716        1.8348014865        5.9567371749
       -0.4133170558       -2.3223917413       -1.5067426058
        3.7870254900        2.0561198793        0.6165517148
        1.3366164748        4.8644225442        0.8085188704
       -1.5083513797       -5.1874211594        0.6683072232
       -1.2227285906        4.8817498495        3.6342485156
        3.1090037935        0.7702774019        6.5884294209
        0.6157820659       -1.9514655898        5.6270218190
        5.7276791598        1.1006421958       -2.4763567984
       -4.8471059816        4.3623630331        2.3615172424
       -1.1591489150        0.7491076922       -3.4361908502
        4.1606168908       -1.9492101399        4.0413793602
        4.8817434536       -2.7095609441       -2.1758555409
        2.6155337258       -1.6728354857        0.5628001906
       -2.2620061669        4.1287169985       -0.2308125167
        2.0417685258       -5.0754332461       -0.9144271435
       -1.9049338623       -4.5327006662        4.4046157580
       -3.0415930539       -0.9525479776        5.0760846455
        1.7492264448       -3.3324166590       -4.3284544265
       -3.1386933425       -0.1274256020       -0.3471119346
        0.2648172709        1.4578978746       -0.1072541407
       -0.4134416029        3.3423635279       -6.2937638486
       -2.0861576318        1.6224821966        2.6056170870
       -5.5978036576        0.6602164835        2.6299268960
        1.5920277186       -4.5039936072        2.8625109778
        0.8141743265       -0.2526887130       -6.3402294554
       -4.3509895423       -2.8891538856        1.9748093757
       -3.4124910765        3.4508028226       -3.8294819280
       -4.0339913854        2.7032724987        5.5616775597
       -6.7119157021       -1.1919342853       -0.4744112049
        2.4383500421        3.8857577049        4.2725904348
        6.1738486468       -0.7789212752        0.8858284869
