         6.4828375884       -3.3157016323        0.4666844289
         2.7257811060       -0.9170762596        6.7058141235
        -3.0202285695        2.0537658823        5.0923379067
        -1.2665113714        4.0222432011       -4.6966061032
        -1.2007340143        5.4043924154        4.8314482786
        -2.9091150305       -5.4669542566        0.3499641460
         2.2982902869        4.8510584231        3.3861271889
         2.5442819474        4.2493454755       -3.9686839803
         1.3542731932       -3.8810151631        4.6950742618
        -6.1193455968       -0.2807941963       -1.1894618667
        -3.8509210154        4.5021100878        2.2076392435
        -2.4393317222       -4.1027051742        3.9468631714
        -3.1702947612        5.2376812141       -1.5351004761
        -5.2953524268       -2.7268915110        1.6981062344
        -2.7953069806       -1.9623362474       -0.9288492657
         0.6684733924       -2.5983995242       -2.4387183050
         0.6213437375       -6.0567386434       -1.1358267599
         4.8849199836        1.5191142050       -5.2746527351
        -2.2346771136       -4.6809253922       -3.3845838268
         3.1199671190       -1.8663334869       -5.1043369189
        -4.5754268262        2.3071211553       -3.6421834054
         0.7726402058        2.2748294748        5.8481139650
         0.0499883886        0.0939403466       -0.0060137541
        -2.6397014990        1.0788420767       -6.7161694399
         2.4453726367        0.7996474562       -2.6164981371
        -0.0076907412       -3.3051972902        1.2660477729
        -1.0343581067       -1.1481433186        6.0472687216
         2.9247893926        2.1573859127        0.9318347620
         5.7620702355       -0.9105833826       -2.4375491150
         0.0962750939        3.5199492376       -1.2952656398
         1.1385080800        1.3166962270       -6.0780236176
        -2.3935712232       -0.6434915762        2.6462456233
        -0.0464278206       -6.7444800639        2.5649491143
        -5.6565570294        1.0784814052        2.4078665768
        -4.2156296834       -1.4961884916       -4.3508553833
        -5.6858216217       -4.0278494745       -1.8753641747
        -1.2823766643        0.5759596988       -3.3389889433
         3.2411953803       -1.6031523078        0.2227556955
         6.1871048857        0.4316591749        1.1721810174
        -0.6899895115       -2.0923368804       -5.8398314839
         2.9805415400        5.6011818116       -0.3585560949
         1.3711010206       -0.4092238067        3.3283152791
         5.3818044964        2.8824428051       -1.7344910000
        -3.1524703687        1.7698889177       -0.2334299890
        -0.5699553438        2.7247308088        2.3908865486
        -6.3967567635        3.4774689075       -0.4770397559
         3.9322107193       -4.3189604925       -2.2004294725
         4.2833210390        1.6470961135        4.3336871039
        -0.5392321152        6.2179612595        1.1519339932
         4.6627027487       -2.1431062230        3.6316838447
         3.2579897029       -5.0964088988        1.5336806425
