         4.2593297994       -4.0865699089        4.1826634898
         2.6434664301        3.2055745851        5.9222461461
        -1.2705303809        6.0178948632        1.3093823996
         0.2130552883       -0.4803680606       -6.3675889896
         1.8512944352        7.0936638471       -0.6391898723
        -5.0389146902       -1.8455019044        3.0556003367
         4.5795899529        4.4082694583       -0.3507172424
         3.7665970183       -1.2844050929       -4.9985384441
        -0.1158635145        0.5511871955        6.1494715568
        -5.6860506702        1.3387406717       -2.3281702547
        -1.1672815892        5.7085772714       -2.5647779882
        -3.6646295374        1.3541434247        4.7822606961
        -0.6070194848        3.2205058023       -5.4847245467
        -5.7939255918        1.6551099650        1.5444508315
        -3.4899436676       -0.7379667631       -0.1482615678
        -0.8407285922       -3.4667099949        0.1462340144
        -2.3395032624       -4.6259474830        3.3556760825
         4.4682511798       -4.7162646111       -3.4565157126
        -4.4686401600       -4.3257021296        0.1176944220
         1.3788183053       -5.9382127916       -1.5428151008
        -3.3927986829        0.5270718135       -5.3609320200
         2.2767551361        5.2152733336        2.6760226930
         0.0635864591        0.0468931163       -0.1375066785
        -2.5401156197       -3.1305264539       -6.1565847745
         2.2516724566       -2.3191608868       -1.7863690736
        -1.3993428139       -1.0319720372        3.0260963592
        -0.8702813133        4.0520879606        4.6386955666
         3.5998741906        0.8197562606       -0.0924800054
         4.4201617936       -4.4575951488        0.3685046085
         1.5327497746        1.1303556964       -3.3145909060
         0.9786268838       -3.9755829137       -4.8749895947
        -2.1412136097        2.4021810765        1.5462913608
        -2.8697017463       -2.1163166065        6.2057661956
        -4.3123391888        4.5370512374       -0.6022301187
        -4.3583786914        4.7898369649        3.2246895110
        -4.8672946043       -2.3561821018       -3.2096150193
        -7.0698932109       -1.5231797927       -0.1820747760
        -1.2297386185       -1.5314443172       -3.1276301754
         2.1453062736       -2.0130184418        2.0227955012
         5.7940838232       -1.2587956047        2.0947085466
        -2.1690099911       -5.1354684251       -2.9096644160
         5.1427317316        1.9195464803       -3.2695542721
         1.3415621995        1.6141557268        2.8880785798
        -1.7438567178       -7.0091012375        0.4099860949
         5.9058341610       -1.5768702164       -1.7785066506
        -2.0331674220        2.0943085988       -2.2626861391
         0.9516973944        3.5474302500       -0.3868599563
        -4.1574834527        4.1684107096       -4.4153819530
         1.2740762258       -5.6250695451        2.3301545846
         7.1822916324        1.6026325002       -0.0465785514
         4.9754526088        2.4355620393        2.9760186358
         2.4396879167        4.7037343981       -3.5700333692
         3.4979841788       -0.4473104654        5.1242862421
         0.7031095751       -3.1447123126        5.2677937138
