         3.9431630102       -1.6109244241        6.1704845399
         3.1332201251        3.0967125826       -5.3984024464
         4.6651537062        1.5872157162        4.1875085572
         5.1840955924        4.7396436830        2.0367827770
        -2.8697390150        4.2812536358       -3.3207295288
         5.9377077126        1.3257825606        0.4617266821
         0.0069277002       -0.0813177835        0.1955751039
         1.9946351848        4.4862866430        4.2393104816
        -1.5394335089        6.9148823893       -0.9145804689
        -2.4988719232       -2.6661171382       -0.6070319259
         5.5580401808       -1.8962637369        2.7074918876
        -1.8471707125       -6.2176670480       -0.0752359042
        -1.4151673414        5.4551572672        2.5971547231
         1.3575532233        1.2151059721        6.2166714650
        -3.5298393284        1.5600422002       -5.8013683669
         0.7817243485       -3.6060679754        0.8255142000
        -1.7679269310       -1.7031202942        2.9420120133
         4.3707126210       -4.7836673518        0.3008099696
        -4.2892172201        4.4811323494        0.2138487300
         6.9431557751       -2.1230986251       -0.8789722175
        -1.3863965840       -1.5058128032       -5.7794650630
        -0.6398112238        1.9398662752        3.1818003947
        -5.6850361446        1.8293311100       -2.3383484566
         2.5237855574        2.3735948882        1.3105577403
        -1.9562346946       -4.6206925419       -3.6532191057
        -4.2232479925        3.0522862347        3.8632641874
        -3.4382157387        0.9986091039        0.9499906953
        -2.4533342638        0.3362195562        5.9861961832
        -5.3352821383       -0.7191359171        3.5827008346
        -5.1690341554       -4.9164738844       -1.6114943661
        -0.1554449086        1.8248937382       -4.3889891640
         1.5596266658       -7.1343817256        1.4177217895
         2.5559132730       -0.5966186564       -5.5410421503
         4.1805603142       -3.2053934397       -3.2820776433
        -4.7417760705       -1.8506732674       -3.9018619449
         4.5426923503        4.1881010573       -1.7197947499
         1.3075387036       -4.1922058561       -5.6336191899
         2.8007642014       -4.4153919949        3.8244569543
         2.3158357557        1.4809969882       -2.0886542258
        -1.0101232388       -5.2942784102        3.5939817144
        -0.7411949834        3.3390138904       -0.4772874272
        -3.5221143185       -3.3326049923        5.7189987039
        -1.2918322770        3.9902106136        6.1441974613
        -0.6897946516        4.6761727288       -6.4262670060
        -5.9304233035       -1.4113067905       -0.2560354137
        -4.4423954752       -4.2026155062        2.1026841445
         0.6270726728       -1.9991025184       -2.7452789299
         3.4631280186       -1.2911264000       -0.2464627922
         5.4859513813        0.5080987366       -3.2833074289
        -2.4740150742        0.3763437468       -2.3783513572
         1.0725697501        5.1904505818       -3.0823053398
         1.4319876530       -5.6526440120       -2.1221869792
        -6.9280942768        1.9462680084        1.3042603092
         0.2123520899       -2.4932243924        5.9963534913
         1.9843373231       -0.8377538436        3.1689418203
         1.8475777306        5.8964317938        0.5849903950
         0.1833848732        1.2695772783       -7.8736183574
