        -5.4939881772        2.9590807541        3.6208466390
         0.4404036068        0.2272841299        3.1532273008
         6.4658598795        3.8228751967        4.1729636617
        -2.2498059133        2.2786989769       -2.0070160117
        -1.6640409100       -7.1949842081       -2.3897372196
         2.1256470057        5.2894067915       -1.7961707215
         1.1154294780        6.3931476943        1.7619448052
         3.2478310258        3.8544038170       -5.1619523730
         1.6057929984       -5.4652977785       -3.4086882440
         3.8272309716        3.5526305259        6.8239603105
        -2.0992334668       -2.3917847569        2.0383314895
         0.4682132384        4.4940473915        5.1710945352
        -4.6052383260       -1.6986990825       -4.7569174107
        -1.5985687184        5.8017678521       -0.9996745014
        -4.7682181912       -0.7833320101        4.0836845475
        -5.7957856048        1.4850062462       -2.8759052663
         1.5113680821       -2.5364037070       -5.9455545712
        -1.3511806822       -1.8717709559        5.6467737243
         2.3751500834       -2.4497542327        4.9071182038
        -2.8209042020       -5.9186723507        1.0387589479
        -3.8991248369       -4.4925056329        4.4382029317
         1.6087441513       -2.9054442542        1.3050570380
        -6.4461812765        0.5125052539        0.8316376513
         2.9297360051        2.8739682880        3.2090344075
        -3.7654130353       -1.1319476071       -1.1667174036
        -4.9216279323        3.9751886154       -0.0379159055
        -0.3159791251       -0.3099645003       -0.3461018514
         0.3476895923        3.1030301502        0.6623924645
         5.0000837504        2.5902248696       -2.0030794550
         1.4582431270        1.7628390628       -2.7383859926
         0.9597067648       -6.4418453556        0.2985444424
         4.2483872032       -4.6357300613       -0.6979951499
         3.5505033041       -5.5339673296        2.9698028368
        -5.6425174977       -3.2690928977        1.2418652606
        -2.8885479266        1.3176476470        1.6287826681
         3.7358729558        6.3864144761        4.3694745646
        -4.2014372555        4.8847053542       -3.6838838568
         1.2933004442        0.8758858100        6.5407328424
        -2.2061018657        1.8521783902        5.2368873135
        -2.3022944267        4.8359045479        2.6525274806
        -1.7777307944       -4.3538133623       -4.9604479949
         3.1181043357        0.5015278601        0.4629713342
         5.1533946978       -2.1652106001        2.1158493754
        -4.5106161892       -4.6337107914       -2.2147522344
        -1.8507627089       -1.4031920303       -7.4063078839
         4.6930570861        4.9267539817        0.9264479091
        -0.1824268648       -5.0895273153        3.7535885230
         4.8323028633       -3.5982470745       -4.3341536574
         2.2496064934       -1.9463841455       -2.3308942195
         0.7118701381        1.2456212175       -6.3599687296
        -0.4892996153        4.4291405072       -4.4910221158
        -0.9900503992       -3.7380962806       -1.3664944579
         4.0949244672        0.1244167994       -4.8210052332
         5.7939020061       -1.1399833791       -1.5318019377
        -1.0829274868       -0.8572120013       -3.8617771419
        -3.0685965396        1.7643202905       -5.6158779955
         6.4306029505        1.4020408497        1.3793461506
         4.8393310544        0.3894370868        4.8564511954
        -7.2436897921       -1.9555267323       -1.9881010192
