        -4.6529255370       -4.0332861975       -2.6975713314
         1.6424401221       -2.5259894142       -0.4910121967
         3.1074952867       -5.8160903820       -1.3078877653
         2.1508524703        6.2927313008       -3.9381717831
        -0.7541909198       -4.8066293460       -1.9547183677
         5.1774364518       -1.8679365900        4.9008789637
         2.1965813584        0.1360660518        6.2133255706
        -2.4764730242       -6.1401645171       -4.9665095862
         2.3855960056        3.1319335601        1.7718683664
         5.9201445208        3.1729974793        0.5803473552
        -5.8072645180       -1.5911873484        0.0275410978
        -1.9206328843       -2.3826115196       -4.8403705004
         0.2265211549       -4.4953924084       -7.0320353022
        -0.3529219758        1.4295466474        3.8047688866
        -2.2932610234       -1.6218394167       -1.1957908831
        -1.9762312720        1.3637112790       -5.5942625956
         1.1282132099       -6.9682703394       -4.3210068118
         4.2159136856       -3.8938155750        1.8224239186
        -1.3864559041       -1.3811770147        5.9705053126
         0.5540139320       -0.1013857673       -3.2238506238
         1.6051522308        2.7749781791       -5.4036863335
        -3.3825145286       -7.3989019224       -1.5217102745
        -5.9346802362        2.1897911098       -0.7607684331
         0.2221717020       -8.2270077471       -0.8762075021
        -0.2558860706        6.8656741903       -1.0070247559
         3.4561174146        6.0129143341       -0.3423043292
         7.0239075097        0.6973125756       -2.1194641776
         3.5552371124        0.6923336160       -0.9137512812
        -1.4034782717        4.9185593363       -4.1577543296
         6.1849968748       -0.5944665427        1.4095412037
         0.1070562225        0.6822935231        0.2774692158
        -4.7762012883        4.1176115114        2.3845343177
        -1.7641681123        4.7702613046        4.7275127308
        -0.8247514848        2.1588102562        7.3751714470
         1.9478353729        3.9175014483        5.3922331574
        -4.9302146260        3.4435372258       -4.2601273516
        -3.8418839796        5.4156316941       -1.1677705478
        -2.4042573598        2.0614103612       -1.9809371610
        -1.2709506707        3.9719533044        1.1170787692
         4.9858272106        1.8749772969        4.1326522204
        -2.1567519801       -7.8064052772        2.0292468497
         4.6750796976        5.5898797117        3.2721810246
         2.2090982038       -3.3313360821       -4.1008462467
        -4.4136498172       -2.0225242505        3.6728821703
        -2.6566240727        7.2741945781        1.9592692027
         1.6541388009       -3.4164794483        4.7594606314
        -0.9035601888       -2.1263515957        2.3178937045
        -1.9207446170       -4.8866989294        4.4569565218
         4.0915573487       -0.0302439177       -4.5076841335
         1.0305826227       -0.7865048230       -6.7640858490
         5.1503193877       -2.5956725953       -1.7302170054
         0.6937549788       -5.4365588558        1.6605380595
        -6.7766856802        0.8782880596        2.7602157904
         1.1233346384        3.4804675270       -1.8080068809
        -4.8728588224       -0.2930443669       -3.5250998272
        -3.8466199667        1.5243728019        5.1311500348
         1.0193207635        6.4963618047        2.6418841084
        -3.4359760927       -4.4878342949        0.9210138099
        -3.3235494460        0.7842642877        1.5142413193
         4.6397230558        3.5302525865       -3.0755787930
         2.6359450244       -0.5848124573        2.5814271990
