         5.8176355459        4.0245629123       -3.0366504631
        2.5806164908        1.5479439117        0.6282452059
        0.7551808690       -0.1588145888       -2.9384278450
        2.3816461205       -2.2094983552       -0.3664097824
       -0.4545985174        3.0402642282       -0.8453663492
       -0.0450823828        2.2580814152        3.0424269787
       -2.9462839172        0.5577460664       -2.2146351860
        1.6068204459       -1.1748184418        3.2097974251
       -1.3903176308       -2.9056368936       -1.9869039463
       -0.7823038197       -3.6808706074        1.6619899750
       -3.4070007779        1.8566845475        1.3242899573
       -2.1511076152       -0.7900750185        3.7449834941
       -3.9366156370       -1.8326260332        0.5650288848
        4.5055990747        0.3223625240       -2.0654595735
       -0.5706935421       -0.2907308604        0.4414762490
        6.5921706704       -1.2481343918        0.3367639081
        3.5580630842       -2.2947766542       -4.3803150191
        2.3562392148        2.9923025203       -3.1062122938
        0.2459648981        4.4192280157       -5.5383214131
       -0.0263194757       -2.4962180187       -5.6099612862
        4.9376989379        0.3819887649        3.3143144194
        3.4255966971        3.9487058621        3.2356444160
       -1.5738403138        1.0754408128       -5.6024579412
        4.4681140124       -3.4512531851        2.4792568787
        1.4637642792       -4.9724272640       -2.8532764491
        0.1549240840        5.6819228262        1.7635568984
       -2.9004695820        4.0556575258       -3.5038855055
        2.0374217742       -5.8344697932        0.7980985327
       -3.2628791467        5.3391187358        0.0811841409
        2.2236690622        1.4172562536        5.8652848739
       -3.7239776032       -2.0689152975       -4.7652557548
       -2.3506433438       -4.2791672516        5.0293372470
       -4.1466631757       -5.3386072175        1.7930613405
       -5.0237662783        1.3986002012        4.6741988676
       -6.8404230464        0.3304284004        1.4461551698
       -6.3504332862       -1.0022275799       -2.1548321667
       -1.5911287566        1.8199202485        6.3915747214
        0.0760787693       -1.6967717338        6.5908377830
       -4.7174699776       -4.5327153402       -1.9412450909
       -1.4896993293       -6.4244887847       -0.7997838076
        1.4508630352       -4.6705508140        4.5063043023
       -2.8743795751        4.5274838869        3.8885961127
       -5.8327253198        2.7685814517       -1.3777350294
       -5.5337998361       -2.3758726019        3.8981830248
        2.1154839915        0.7510779203       -6.2027680928
        6.0330337888        2.7208219860        0.5484796603
        4.9893835966       -4.4094183351       -1.2937216593
       -0.1550365113        6.3406464289       -2.0971233199
        8.1422064993        1.2209173894       -2.1932691175
        5.8297515495        0.8642032513       -5.3219363375
        3.9749025662        3.9689739994       -6.3906882175
        3.1991693831        5.1765642590       -0.3575657685
       -2.0107758490       -5.5186581152       -4.4724374266
        3.8312528275       -2.0742569304        6.0026089583
        0.5527050653        4.8803878392        5.5286571090
       -5.3011439832        1.4255593767       -4.9167158874
       -0.9419516418       -7.1420025402        2.8922765540
       -6.2372471840        4.0487186545        2.1792292080
       -3.6925550001       -1.3020772508        7.0545849057
       -7.2686583527       -3.4062918908        0.6675708197
        7.1421876615       -2.1542015846       -3.3538234473
        3.0818464135        6.5744211579       -3.8968138451
