        -1.0456806891        6.5670250063       -0.1847282819
       -5.3128058107        2.9770111687       -2.8615960578
        0.6968037856        3.5727144586        5.6430819073
        2.7578168369        0.8333282205       -2.8254457084
        0.7235929172       -2.3756956786       -3.2393569710
       -2.9750460605        1.9815255801        1.8723763285
       -2.9909835030       -1.7361255716        2.0791772026
       -6.5166068925        1.9872319908        0.6322916487
       -0.9730189153       -6.6205688862        0.5617231834
        0.2571963360       -3.3327068478        1.1284018054
       -0.5397517237       -0.0064915661        4.0459341157
        4.0677383548        3.2318162864        3.7313126316
       -3.4307249291        6.1963718876       -3.1873473365
        4.7128362128        4.7972626172        0.2293353980
       -2.4940042344        3.1040933624       -5.4072846887
        2.7977312491       -1.2067749114       -5.9994690757
        0.6887913237        2.6668732904        2.2044789588
       -2.6122645465       -3.6560591303       -4.9053788686
       -0.9183202554       -0.7023292123       -6.6149514691
       -3.8770489362       -0.0455541903       -1.1178215300
       -2.1600618476       -3.1860220440       -1.3580606552
        7.2319517286        2.4361925214        1.6460936149
        0.6954138982       -4.2711223269       -6.4496512522
       -7.4138654191       -0.0789886914       -2.4442094770
        0.1370493004       -5.9274849920       -3.0165428911
       -4.4044904334       -5.0142934313        0.8570246706
        2.3921516749        7.2613243650       -1.3692396370
       -2.8815644685        2.2930765364        5.6316641751
        1.9007615116       -5.4010118879        3.5086135882
        1.4838742154        3.6619546069       -1.0242677473
        6.7606563473       -1.0423190473        0.1487879462
       -3.0839808540       -1.6565360474        6.0425858473
        5.6987259453       -1.4115650178       -3.5138417982
        5.8695416631       -0.3040825230        3.7714551794
        2.8593020066        0.4549591104        5.9892248322
       -0.4005178301        0.4498933970        7.7434674520
       -0.0000002924       -0.0000005209        0.0000024360
        0.1214354446        5.4092264275       -3.8702624714
        6.2289650463       -4.5087185795       -1.3480678893
        3.2952847361       -2.2069250343       -0.7441169711
        5.0882899054       -3.8462799932        2.1430405494
        3.7899809153        1.1737510939        0.7358314370
        2.5125933760       -1.3820930593        2.9047590031
       -1.9194944259       -4.7438587307        3.8373393777
        6.2031124355        2.0749858346       -2.0077013182
       -5.5893878506       -3.3261551977       -2.5423097417
        1.3091920930        2.3808796547       -5.7906201921
        2.7314496193       -5.7773214717       -0.2750180631
       -5.5598724057        4.0377779754        3.7054024346
        5.1174303974        1.6953361737       -5.6465542053
       -4.2956255674       -0.2788769444       -4.7311344820
       -0.9459850896        0.6658359346       -3.3328848324
       -4.5916072434        5.2520070052        0.3185832673
       -3.4768083479       -6.4978909301       -2.4521996061
        3.8342675047        4.5614958741       -3.6412972280
       -1.8932565246        5.1873588761        3.2281233972
       -5.6075948500        0.2307376192        3.9136515099
        4.2204846518       -3.1385780542        5.7149727444
       -2.0202549959        3.2883508897       -1.3290113609
        1.7877782616        6.0470997354        2.3088217993
       -5.6046070717       -3.5815991931        4.0873352775
        3.5611637394       -4.5267282964       -3.9490188320
        0.5401566745       -2.8476687609        5.9876878905
       -6.5382880941       -1.8390707299        0.8268090300
