        -5.7741124236        5.4404191544       -0.1321580342
        0.9045114484       -4.7260373985       -4.6932346378
       -0.1782731418        3.3184751482        2.6376246807
       -0.0652608977       -3.1474305041        2.3230559520
       -2.4899131607        0.5110803537        2.9699435016
        4.3183251177       -3.8520724253       -3.2712490829
       -4.6135596992       -5.0269631945       -1.8011071457
        0.5847224738        6.6047172147        0.9029598273
        1.3034488049       -3.8396377706       -0.9906153359
        4.2818631592        1.9568785709        4.9782970330
        1.0257801065       -6.8154701869        1.1595233272
       -6.0118469181       -0.5883718754        2.2301002610
        2.9795683624        5.0789938002        3.3723358113
        5.7622406126       -0.3457327642       -4.0491749972
       -0.1504793823       -0.1348895039        0.1782683991
        5.2200354427        4.4588829000       -3.9275984575
        6.2570644273        3.7662095261        2.1712953119
       -4.7849046227       -2.3690164469       -4.6271015107
        2.9566426778       -5.0239297919        3.8171341731
        3.0424481475        1.7874513332        1.3086707932
       -3.1676457065       -2.8699977713        4.3184353625
       -2.7680583063       -5.4663185860       -5.1979123730
       -4.6458717943        3.6322182557       -3.2214453975
       -3.7537813131        0.1667603202       -2.1100043322
        2.2018974460        0.0939636241        7.6774021713
       -0.4236050278        0.2934581997       -3.4171812990
        5.8284248225        1.8404251451       -1.0885065962
        6.2911121537        0.0712897032        2.4324831831
        1.1820979053        0.0838922710        3.9548391596
       -3.0769126076        2.7882275965        0.1747456716
        6.5143503046       -3.6623198951        2.8848640695
       -2.9399667832        5.8472174614        2.2507269038
       -0.7302133140       -6.0404386303        4.5084930592
        2.5160736440        2.2756366870       -3.4953806466
        0.3344271787        3.3121523350       -0.9263222512
       -1.6967798375       -2.9612601919       -2.6533278714
        2.3611024154       -1.3199373463       -5.3219717414
        4.2901107093       -1.7986704512        5.2570119975
       -2.7345763597        3.5402933049        5.3393333516
       -6.7267261006        1.8312906516       -0.5165311723
       -0.2450915476        6.4911345653        4.7068248144
       -5.0176540499        0.4162806781        5.6531426369
        0.3617055779        1.4347284724       -6.8746771895
        1.4236589970        6.2438161527       -2.8847980620
        0.9374163820        3.2414643896        6.1650433178
        2.5707300550       -7.1490445850       -2.3516872678
       -3.1845683454       -2.2085459153        0.5288485005
       -1.2901814326       -2.0467769814       -6.2649824041
        2.9663002613       -0.6930539350       -1.6483737948
        3.8001758203        4.9548423404       -0.4153647331
       -1.1269324213       -6.6233560509       -2.0106070654
        3.3311052389       -1.9910660649        1.6902485036
       -1.4265901130        0.1616288656        6.5601233207
        2.0985151861        4.7844748726       -6.2285523905
        4.2112663076        1.7649431752       -6.6849054190
       -6.8575379482        0.6998366577       -4.1083953552
        4.4586022615       -5.2920526854        0.2747644503
        6.3264844909       -2.0362945901       -0.6475992394
       -2.2343358475        6.0483143170       -1.5224276824
       -5.5391896517        3.0803394855        2.9051792208
        0.6301005509       -2.9295777228        6.0090379251
       -2.5769036556       -5.7500765942        1.3103167033
       -5.9492410751       -4.2724589016        1.7786070926
       -3.3502420478        1.0570698600       -5.7184339310
       -6.6531690966       -1.9335726362       -1.2550588439
       -1.0881838605        3.8355640085       -4.3729942264
