        -1.6344311334       -2.7908523820       -6.1045888909
         1.7310276109        1.7800510424        5.7118542912
         1.6359955883        7.2895668427        1.9066306907
         4.7701653621       -2.5541047284       -3.9141574340
        -0.3655944593       -1.5481913341        3.1925820060
         0.0017999603       -6.4208020000       -1.1302085512
         6.0454441559        2.2884183809        1.1658851171
         2.0795884600       -6.0921907993        2.2098173837
        -5.4105525819        4.4379170379        0.3897600652
         6.7906674656        0.0005117089       -1.8609834587
        -2.5191647375        3.3135262962       -5.3886501612
         1.3685069400       -4.3370779456       -4.1325194229
         7.1308842086       -1.2690294255        1.8637494298
        -6.4588923687       -2.8074657630       -0.6334921235
         2.8562072225       -1.7431971758        6.6661921812
         5.1020306323        0.6909696102        4.4865189674
         0.7792274302        3.7882633935        0.8108575047
        -6.9187283808        2.3832808417        3.3372331079
         6.5440610728        3.6374101900       -2.4391108470
         3.8410822689       -5.4374943065        5.4935084503
        -3.7091140882        4.2429467297        3.8646803596
         3.4076819139        1.9295287595       -1.2427927464
        -3.3344755798       -3.0572142851        4.7537243237
         4.1674125107       -1.6907454919       -0.0865905005
        -6.3537216121       -1.3872318974        2.8832874710
        -5.4367979468       -5.0148712793        2.3238288811
         4.3899643177        1.2146440615       -4.6239061292
        -3.1292775346       -2.3566683211        0.9960151039
        -7.1192032183        0.9917949871       -0.1658705564
        -5.4983127492        2.8628547644       -3.1422022295
        -2.9835677980        5.9710825397       -2.6948601631
         2.4322181741        0.7764002964        2.0601463833
        -2.0411291993       -6.0731326641       -4.3111483969
        -4.0876773281        0.5843706473        5.2183314345
         0.8709046652       -3.2160695110        0.3145568990
        -0.0139785222        5.1695961471        4.4214249309
        -1.6178949475       -5.4241716636        2.2278416834
        -1.6983458719        2.8952488868        6.8858217264
        -7.3792229735       -0.5507159249       -3.5645695704
         1.8216577779       -1.1390858982       -6.2584041369
        -1.5005973819       -2.9617445447       -2.3229405376
         1.8197712417       -0.9606860230       -2.6319117993
         0.6634462338        6.6092528290       -1.6451660050
        -0.8434232135       -0.8150969459        6.6762002157
        -4.4129094719        0.0167074751       -5.7433566865
         7.1501479106       -3.6740672819       -1.1567437835
         4.0529221561        5.3894578733       -0.2357946406
        -4.7902980344       -3.3758713352       -4.0160213079
        -3.9436770886        1.0894522541        1.5913467330
        -3.7546497245       -5.5521887290       -0.9861909363
         3.1490659846       -2.5733010114        3.2437178205
        -0.9836524635        1.8765172397        3.3329931863
        -0.4344521970        0.1866927473       -0.1240650634
         0.2870673065       -4.3336226193        5.3352958741
         6.3454010589       -2.7275561592        5.2386627140
        -1.9957652243        6.0941004529        1.0761926770
         5.6832632931       -4.8486561264        2.0874076554
         3.3989429912        4.9444205940       -3.9749517742
         3.6490408003       -5.1606715992       -1.2097375866
         0.4862918100        3.1529511354       -2.8645582206
        -0.0358911369        6.0460109886       -5.2470902211
        -1.1170610427        0.2524438935       -4.1222355141
         3.4997478796        4.1265344377        3.3218735378
         1.3433102462        2.6555245609       -6.3134757390
        -1.3061310088        0.5520797121       -7.8244850516
        -4.0216258669       -0.2792611316       -1.9625081515
        -2.4447297644        2.9325069460       -1.0126504689
