        -2.7345859259       -8.4229123055       -1.5561614101
         2.7303070581        8.4098047475        1.5537107182
         7.5818157935        2.9182618626       -0.7782594556
         2.1999891571        5.5498297039       -5.5646876398
         4.5473814916        2.6036866094        6.2567869857
        -4.1606113983        6.8616220071       -1.4877590652
        -2.7098120603        5.0408077039        5.8183069013
        -0.6282594480       -5.9013586838        4.2681192119
        -6.0147450199       -3.7096195586        1.8705308330
        -4.2215086032       -4.7876568239        5.0637719814
        -7.6321902965       -2.4868115586       -1.3965503428
         3.5331226222       -6.3855558514       -0.4239094690
        -5.1824172203       -2.8392012084       -4.3033274053
         2.9668155945       -6.8059004903        3.3559624039
         0.7185007989       -4.4930266043       -5.7213706234
        -2.5517238962       -3.0830456270       -7.0971155887
         3.9988375609       -5.7524349782       -4.1598682088
         3.6987185770       -2.0822855948       -5.1486829590
         5.0265313455       -3.8527887587        2.1012120620
        -3.4621694235        0.3433216312       -5.6939246364
        -1.3136928747       -2.5214241570        6.0366982184
        -6.5600243527        0.0718936480        1.2190447861
         0.0007504583        6.8051031865        3.7373845328
         3.6855087635        5.5672578625        3.9623324974
        -0.7337225040        7.7290949710        0.0269831613
         5.2283011361        5.7261883737        0.3909505271
         2.4970852985        7.0622827794       -2.0412095739
        -2.6839007658       -5.8306389097       -4.3996542702
         0.6512661685       -7.1893890843       -2.9061092629
        -5.2688293711       -5.5277391291       -1.4967706000
         0.1276190592       -7.7262467055        0.9198320932
        -3.5312003810       -6.6992619731        1.7908720116
         4.9636024618        4.2935294764       -3.2070050202
        -0.9842591837        6.2927704263       -3.5761772970
         6.1435907671        2.8035128129        2.7844442756
        -3.4802110027        6.0383125955        2.1871166016
         0.9250281692        3.8818554258        6.1181779938
         5.5892882076        0.4506769686       -2.9688526437
        -0.6540417012        2.9589992592       -5.5743751896
         4.7843903876       -0.5984070279        4.1241766155
        -5.3175621963        3.4601185458       -0.0916412755
        -1.9564297394        1.2615247279        5.9024457368
         6.5992970831       -0.4460080963        0.7403928416
         3.1332888174        1.8459438009       -5.5743305293
         1.6671497634        0.1017769186        6.4426639170
        -3.9410027865        3.8102134551       -3.7747675408
        -4.8471119406        2.7322386053        3.6521664922
         0.3061050177       -0.6387048909       -6.1995205260
         5.1811024966       -3.0625032069       -1.6470313010
        -5.6552198999        0.6246264604       -2.5619076151
         2.2326605521       -3.2970880487        4.8040246753
        -4.4644986979       -1.0183679465        4.2386620032
         0.5268117633        1.6226370459        0.2996687619
        -1.6272065547       -5.0120273689       -0.9259960264
         1.6214620166        4.9943939577        0.9227058119
         1.2233897686       -4.2173444470        1.4592588151
         1.6733340548       -3.6768210689       -2.2565732269
        -2.3152101136       -3.2354268041        2.3630253547
        -1.5870600217       -2.3609328697       -3.6493671470
        -4.0521507533       -2.0881406197       -0.7943941250
         1.3797898101        3.5509889363       -2.6166468558
        -1.7973165559        4.2130553407       -0.6169449942
         4.0342286819        2.2450274024       -0.2126080076
        -1.1064927789        3.3162607462        3.0231680039
         2.4977240250        2.0999564890        3.2730462722
        -0.5203365554       -1.6027489854       -0.2962012917
        -1.8616642845        1.0832071699       -2.5123313585
        -2.9891035859        0.7638711560        1.1972066788
         1.8441888636       -0.0766456961       -2.7466313400
         0.0200419325       -0.5933307661        3.2556619151
         3.0072463698       -1.1128569641        0.8181521308
