        -4.7331034946       -2.5792267257       -6.8679571069
         1.1516149124        1.2174450692        0.7212694796
         4.8028456744        2.7868749784        6.9340029060
        -1.0286063064       -3.2467435046       -6.6407518172
        -7.4032066550       -0.1431698183       -1.2759220067
        -0.4469529800        1.1906867741       -3.3201508013
        -1.8228012921       -3.3193470389        2.1008303428
         3.7640409370        2.2455827340       -4.8056923533
        -5.7675242584        0.3970561760       -4.7993662042
        -4.7759058580        1.7464755445        4.6797251325
         2.3542890985        7.1542242210       -1.2273559007
        -1.4975925890        3.2993550364       -0.1893575328
        -0.2063794921        6.3084957380        4.2886204825
         3.5674274145        5.6053136673        4.6573634382
         2.3430646543       -0.2103646477        6.6098740216
         5.1724155560        6.1354038403        1.2000348741
        -1.4044961351        0.5385391260        6.3279217558
        -0.6996910530        2.7124975817        3.5219924875
         4.2230536305       -5.2099557779        1.1616501872
        -6.8178272327        3.3098616737       -2.6575442565
         0.5121296190       -0.9572710773        3.3767906720
         8.0078873620        3.8454249412        0.0299750321
         0.8576686406       -5.5353330338        3.0978188947
         0.7669155123       -2.4640270674       -3.4777189043
         0.1915764942        3.3871126241       -6.0207934627
         1.4684984648       -0.2898983025       -6.2829202804
        -7.9367730473       -3.6373211045        0.0331118484
        -2.2820853436        0.4386121638       -6.5494675899
        -1.0873081389       -0.9713197743       -0.6536798827
         3.5166309466       -4.6571398969       -2.6298891768
         0.2990383440       -6.0709481709       -4.2754113603
        -3.9333802649        1.1542382138       -1.6490088280
        -4.4983764201       -2.3269894484       -0.3438680884
         2.9743585633       -0.1440580576       -1.9271335890
        -2.1294401824       -8.1122794496       -2.2323437727
         6.4878299574        3.3676823595        3.5281718424
         1.0987030273        3.4868717394        6.6868141273
        -0.8108281367        5.7641242753       -3.0423748847
        -2.3112597570       -6.9330662990        1.3474695305
        -2.9162297914        0.3751464969        1.9989539524
        -1.0822949497        6.9426402274        0.5620369336
        -2.9238567629       -1.8069634918       -3.7355632539
         4.8337668315       -1.5023389043       -4.6145505049
         2.6056269099        5.9383709548       -4.7990540749
        -3.7171498274       -2.0025913572        4.8875502963
         2.6572041751       -3.9669789683       -6.3314846118
         5.9438406728       -2.3676565153       -0.9783401262
         7.4601610212        0.3495512073        1.3358519278
        -0.1330542405       -3.1427581253        6.0845435092
         1.5468966570       -3.0803918546        0.2458187356
        -3.3647094268        3.4200646119       -4.4104069066
        -3.4708237262        4.8855889659        2.6875617391
         6.8576975142       -3.1084972585        2.7069249858
         6.5052638330        1.1643099585       -2.3559780561
        -5.0969576425       -5.9426813061       -1.1278124758
         5.3266446068        4.8832616062       -2.4206583131
        -6.4075614776       -3.1616003409       -3.4593124723
         1.1001343132       -6.7625048419       -0.5261354151
         5.8258641837       -0.1902182442        4.8563123261
        -5.8921133878        2.5853262022        1.0339044885
        -2.5558751235       -5.6887336057        4.8980846614
         3.9852449474       -0.9394046651        1.7060233933
        -2.5792312590        4.2259344065        6.3697284414
        -3.4862410080       -5.4107002923       -4.5974787595
        -5.2740064046       -4.6488966875        2.5043242237
         2.9926843160        2.0310279096        3.7941132431
         1.7238411218        4.7819928166        1.5334429761
        -4.1893280168        5.4131548854       -1.1148385616
         3.4150716949       -3.2028460422        4.4689108680
         1.8712681757        3.5616240343       -2.0161524856
        -1.6431632052       -4.5280088698       -1.4570473181
         4.5613916929        2.5491354089        0.4149370133
        -6.4464565885       -0.9367776041        2.4210603649
