         5.2917095399        2.2291907677        4.0964660225
         0.3565560687        4.3100997237       -2.7852118529
         1.7581701692        3.7925563427        4.2592277183
        -6.8203506082       -0.2076285991       -0.6959953281
         0.0548519515       -7.9033427838        1.4171015225
         2.5719669430        0.4269955704        2.5885601763
         6.8474470869       -1.7889668423       -1.6025521136
        -2.2846874119       -7.4867658642        4.4592491725
        -2.3763912035       -3.8174750679       -0.8075285947
         1.3825178685       -6.4599869258        4.7244482139
         1.2262499711       -4.8272119567       -0.3886576065
        -1.4327507359       -4.3155502551        6.3239327930
         2.3922201642       -8.0851031032       -1.6667870396
        -7.5750173183        2.3258138373        2.0931764366
        -1.2416974647       -7.1129307092       -2.0990926761
         0.5098251395       -2.2315760463       -6.3025866239
        -6.7216640392        3.6443684524       -1.3156213478
         3.0117729836        6.4821661374       -1.3217297128
        -2.2010485341        6.2106264818       -4.7483365880
         2.5074798539        1.1204262925       -2.4403176431
        -1.6938073662        4.6847734980        0.3750123497
        -5.8263261942        5.0157964998       -4.6959655896
         2.5480361525       -3.4252344329        2.8699813309
         3.7192892328       -6.7610111253        1.6327771360
        -0.9844007121        1.7478385012        2.6980912853
        -3.5404042564       -1.1301623500        5.7394038156
        -5.8049936545       -3.6386026222        0.3275286705
        -1.8739175774        5.1026844497        4.0561746167
         3.4977927156       -1.7399884760       -0.3616449875
         0.3019397979       -1.9557462575       -2.7180081484
        -4.2819363669        6.6155883927       -1.5404673007
         1.4663649352        7.2736013516       -4.7211798225
         0.4496890555        4.0588168332       -6.5235467243
         5.1305461854       -1.5031900452        4.6476277129
         4.5924543608        5.2740596470        1.9364191664
        -6.4763821255       -1.0583333662        3.1571690260
        -3.6102986590       -6.7919360181        1.0140876959
         3.6624033252        4.1819067898       -4.3910082267
        -5.1037310626        5.1798355649        1.9139040934
         7.8940374560        3.5330105148        1.7428502373
        -1.1570982777        2.0343883369        6.2836965751
         8.6032555623        1.4927880471       -1.2613847411
        -0.6006351801        0.8056069846       -8.1861684698
         6.0366585137       -3.7256196167        1.5858040373
         4.6682490727       -5.0082367699       -1.7530838456
        -3.1778195133       -1.3380010797        1.9279206229
        -5.9130520750        1.1514698697       -4.1671786919
        -4.4199758516        2.1637785742        4.2362010297
         2.4356096511        0.6403515381        6.3101791665
         1.9100313055        3.3874484537        0.5194706926
         6.1672110284        4.4552938076       -1.5816429001
        -3.2540753045        2.8877379776       -6.4607155469
        -0.5972200011        7.7121293514       -1.5416608514
         5.0154287984       -5.2989640826        4.9103482961
         2.2857081013       -3.2254957603        6.6033786052
        -2.2313862195       -4.1900737136       -4.4303178004
         0.9849858142        6.7304592581        1.9180708027
        -0.6980445738        1.3558443652       -0.8381717393
        -0.4858467211       -1.1365971112        8.1544602326
         1.5062734422       -5.2146848080       -4.0669040591
        -4.1392194770        1.8325338407        0.6173739933
         2.7119656203        0.9278251240       -6.1599483113
        -3.2449907416        3.2143746068       -2.7437918254
        -0.6154329461        1.0870232374       -4.5072625630
        -3.2760525995       -0.6281322883       -2.1162746414
         5.8458897562        1.1638098667       -3.7714182402
         5.0756383723        1.5462639800        0.1481295548
         3.7972191874       -2.1001416250       -4.0970952750
        -4.4811880890       -4.3180100384        3.8638266126
        -1.0448751824       -4.5212554421        2.6185943098
        -2.6107548771        8.0185279700        1.6604090805
         7.5085752812       -0.2890485546        1.9807625787
         0.1321385065       -1.5282444368        0.8216561663
        -5.7882352271       -2.6780056500       -3.5151084730
        -3.2573246963       -0.9407233347       -5.9377934774
        -0.1449844400       -1.3186801655        4.4850703968
        -4.8701416867       -6.1171535141       -2.4563825668
