         2.5290092727        8.2351673044        1.7547312232
         6.5009811835       -0.3773277775        0.9450859711
         1.6292240949        1.9518391482       -4.6518293307
         4.2917436256        3.1052744539        5.7192000545
        -5.6708384182        3.1009053815        1.3793856638
        -3.1452060641       -6.9720489940        3.1728877976
         2.9732555167       -1.3471075679        0.3203137688
         3.3977166440       -5.2034674578       -3.9548991691
        -1.7019669922        4.9422033647        5.8017076127
        -3.3915991520       -5.1293833499        6.5619688802
        -4.3045923498       -2.3768728528        0.6487177166
         0.0537180274       -6.0806922971        5.1547650441
        -1.7665600863       -5.2821106236        0.2039633600
        -0.5415267137       -2.5109735274        6.7337500135
         0.3376711979       -7.2437092877       -2.2435229520
        -4.5846351111        6.0359968037        3.5159703594
        -5.3977268453       -5.8336742077        0.1563043835
        -3.5990710095       -3.0973472118       -5.9127521007
        -3.3504495747        5.8655449864       -0.1820008955
         6.4311647518        3.3096599884       -0.2778244206
         1.4921682328        5.5424779771       -4.1668607521
        -0.2694815522       -1.3380306209       -5.2128814643
         3.8238041679        1.8789991393        2.2033513535
        -2.3365824754        5.6619846013       -3.8784060727
         1.3508235765       -4.2441719290        2.2224902973
         0.4320207565        1.3852252252        1.2189673485
        -1.5108952047        1.1592527079        6.9112660882
        -6.1630932279       -0.3013183316        2.9596163937
         1.9104194217        6.0908902742        4.9422636363
         0.7658139556       -3.6788653358       -1.9435739229
        -2.6926339899       -1.9985060493       -2.5581428441
        -1.0553313073        7.2072543660        2.6738116448
         3.0131477077        3.9219803272       -7.3541870696
        -0.7794136709        3.7373200024       -6.8389079581
         5.0335786276       -3.6199169444        2.3786333102
         4.9696240217        3.7530775349       -4.0490374883
        -4.6009781992        2.4966018871        5.0693993710
        -5.7199317357       -4.1132871264        3.6592735343
         1.1418248651        0.5833416370       -8.0654529330
         1.4489532864        4.7845972383        1.4934722901
         6.2089626297        0.3768733521       -2.7486489735
         0.8526236079        2.5544463572        4.5439356932
         6.1163003554       -2.7144886397       -5.1234371780
        -2.6901188531        0.3740970357       -7.3986315717
         3.3148724548       -6.0311067537       -0.2111267442
         0.3997662517       -7.8102388087        1.6636061821
        -2.3814118406        0.1506495251        3.3775053632
        -5.1263723311        3.3807265633       -2.4149551613
        -2.1021302827        3.6212612584        2.3651798201
         5.0244350568       -0.5567982920        4.5954140601
         3.1397320139        2.1796054157       -1.3305108600
         4.6152376928        0.5878988590       -6.2990944680
        -4.5481520495        3.4703874649       -6.1638312020
         3.7182457227        5.8992443558       -1.1071092237
         3.5003706377       -6.8447750401        3.6220561838
         2.9829339751       -3.6224641083        5.6825150890
        -6.0953616254       -3.2730291334       -2.6662894043
         7.2350556947        2.4192180613        3.3942772206
         0.2478767572        0.0665445586       -1.9948659550
         2.2515202091        0.1023875782        7.1423912268
        -3.1460972508       -5.6559460210       -3.1156910144
        -0.4181702426        3.7422238245       -1.4555276244
        -0.7695640258       -2.7755636181       -8.4961224353
         0.0751428641        7.3203536225       -1.0568455535
        -2.1438330068        1.8032656343       -3.9831204565
        -3.0571468608        1.1144636583       -0.3268219969
         2.7120691529       -2.7770459998       -6.8889698834
         3.1383424499       -1.3970112853       -3.4729995284
        -0.1737100082       -4.9682418717       -5.3454131761
        -4.2439716583       -1.4216002493        6.0706514724
        -2.1042283344       -3.4709697438        3.6049545484
         4.9404343296        5.3890629639        2.6102546957
         5.6192739902       -3.2784626147       -1.4093443274
        -0.8093471459       -1.8611176826        0.7294461206
        -6.5722162414        0.1496495880       -0.9223488164
        -5.2729291023        0.0323908273       -4.4798774983
         1.2974441854       -1.0037181507        3.8096858600
        -7.9019354552       -2.9903673322        0.7368949988
         1.2219070297        3.7174119842        7.9517967749
