         1.9902255367        3.5257739728        3.4644484851
         1.1958457208       -5.1950102940       -4.9267056166
         3.0676812331       -3.2935922303        5.4873607562
        -7.0016183348       -4.3586371322       -1.2125576870
         0.3744627931        0.8437216026        1.6750930839
        -3.2149127071       -0.8936632267       -6.3826695262
         2.8297301464       -5.1538699841        2.1123907644
         7.0806879446        2.8002581692       -0.6163466565
         2.4863184890       -6.7179160702       -1.4741691826
        -5.1303903652       -1.6279983891        0.4680067044
         5.5242775735       -4.5598283599       -0.6120324508
         4.3606984434        5.5024296318       -1.1565957190
        -6.6235726054        0.6657700751       -5.5042300036
        -1.1098734778        1.7374581713       -3.2900505560
        -0.6652976450       -2.0829170067       -3.8056518004
        -5.1019746460        2.5772853100        4.1008720426
        -3.6553382164        2.9576699711       -5.4749291155
        -0.4554389440        1.5350802704       -7.0840501015
        -8.6935507330       -1.9877684710        1.2822713058
        -5.9770824098        2.9035965922       -2.3992964441
        -2.4817371337       -4.0375616350        1.6563826863
        -3.6117385762        0.0521168429        6.6253139106
         3.6731361830        2.1331635845        0.4952449606
         0.2315524869        3.7730796581       -0.2439239679
        -2.3849089122        3.7196830064        6.6024663641
        -2.8655316627       -0.3171335677        3.0522134857
         3.5358367068        6.3589007468        5.2031843681
         4.8929258752        0.5212446586       -2.6082572150
         2.0732385109        6.6154404210        1.5923368248
         3.2175771841       -0.0164086768        3.8250043514
         4.9147174212       -5.8354952619       -4.2159252853
         2.1216203971       -0.0445476057       -5.1048995893
         5.4667321195        4.6965018281        2.4046215232
        -0.7314571465        1.0728406353        8.8538105021
         3.4534043335       -1.7234185017        0.6822163721
         1.4237880755        3.7819631719        7.1507619059
         6.6464966601       -2.4867422822       -3.8341297489
         6.0302464845       -0.8435337014        6.0671608425
        -4.1078228368       -0.2153561297       -2.9446776081
         2.3295103554        3.2375331512       -3.1124954614
        -6.1066155030       -4.5799982253        2.5056905784
        -0.4048643531       -7.0351127230        1.1969114767
        -0.1035839388       -5.4835931658        4.7093356343
         0.7172022559        6.8329791250       -2.0150801382
        -3.4661435116       -3.4526860576        5.1008152564
         3.8976444645       -2.9729885895       -6.5496860871
         5.8797203723        3.6997479399       -4.1992040911
         4.8538491201        2.7865800293        5.7273662201
        -1.2043925008       -6.6438369938       -2.4833842854
        -1.6654244563       -1.1423408547       -0.3960421553
        -0.3573762525       -2.2267978488        6.7893790560
         2.6520199688        0.0953745670        7.4750687789
        -5.1048495288        4.8791569256        0.8745003144
        -2.7309543848        4.9831568534       -2.2454266006
        -4.1925473195       -6.8119701442       -0.0409649985
        -3.9581429933        6.2367510004        4.1841806899
        -3.2294102917        1.9797240835       -0.0273896376
         5.9375289933       -2.9333376671        2.9503098588
        -1.7114120056        6.6989443239        1.0566692493
        -6.9075226379        1.4694428341        1.0180934064
        -6.3122995965       -1.0451069048        4.0558690220
        -0.2058345967        1.0296103952        5.2266595321
         3.2708893219        6.4239554849       -4.7326184436
        -7.6841103336       -0.6451240252       -2.1142559239
         0.4085708703       -2.3918169342        3.0174715741
         5.6269557388        0.4273881970       -6.2349606838
         0.1453612563       -2.4043917429       -7.3642519323
        -3.3827215162       -7.0063993872        3.6557692537
        -3.4417198164       -3.8236988993       -2.0778211813
         7.0768235024       -1.1336838341       -0.2376087972
         2.9953349951        3.2266479675       -6.7476841460
        -1.8155699149        3.5169815320        2.8930912274
        -0.2419258762        4.8506821045       -5.1854089299
         0.5245438347       -3.8690061076       -0.5786312569
         1.4485057694        0.0484808946       -1.5793478802
        -5.9406064065       -2.9890659451       -4.6617655201
        -2.5494040020       -4.6315557992       -5.6101825398
         6.5262408785        1.0129464131        2.7449298736
         2.7316957626       -0.0025306784       -8.7203333985
         3.1277007002       -2.9110570219       -2.8665322938
        -0.2116203901        6.3174359339        4.6889024141
