        -1.5701284239       -3.9453678634        3.3882967032
        -4.4044940178       -5.5839805256       -0.7300954689
         3.7866640602       -0.3108497501       -0.6744069595
         4.0121756782        1.6285759796       -6.3113468374
         4.2190997732        0.4618014792        5.8267499684
         1.9591532932        7.7302968344        4.2625130287
         1.9957049534        1.9482287820       -3.2706286915
         0.6833369824        1.9404529196        6.8528571121
        -3.9410008521        4.7686133587        3.5865837732
         7.3045792417        4.5591476779       -0.0525009010
        -1.8102583742        2.2467196439       -2.5731760810
         2.2346623876       -6.7698669508       -3.7737541994
        -0.0034646158       -4.2072965196        6.7869503699
         0.3162183649        2.7352919640       -6.5955059941
        -3.1459033805       -0.6796370143        4.3747491180
         2.5170413352        1.0355082617        2.7462075531
        -1.0907180230        2.2475784993        3.4972685861
         5.6271105513        3.0871919930       -3.1712276407
         5.2529342589       -6.6705881538       -1.4146460379
        -0.9366943558       -0.9212269186        1.5471345556
         6.1067393647       -0.5801268550       -3.7429757414
         2.8570419541       -3.8628750126       -1.4751361157
         4.6904887265       -5.1125606326        1.9587615420
        -7.5474560799       -4.0506387316        0.8406063925
         3.8675785893        3.2155025995       -0.0039938894
         0.5659576548       -1.0951499366        4.8767234648
         0.5124623945       -1.0611838066       -1.6528136013
         1.3574378991       -6.0386386672        3.6730990978
        -4.2173862658       -2.4849856298        1.1383027758
        -2.9409670304       -1.4516069876       -2.0521815032
         7.1505902279        0.8120390657       -0.2977159118
        -3.6265464750       -4.5506459585       -4.2420830291
         2.1111586764       -4.3518241302       -6.7710394107
         2.0160168161       -1.3692752319        8.2593926029
        -0.8958219829       -4.1980939992       -0.2226347485
        -0.8795958145       -6.6717541074       -6.0412050897
         1.4089738586       -0.7376829668       -7.9091686451
         3.5034687774       -3.2798801180        5.2253688442
         0.4257836175        1.9833275450        0.1059157624
        -1.7757786850       -7.2834309606        1.5462176013
        -1.6833715593        7.6837048991       -1.3802575978
        -2.2136139947        4.4954539180        0.4122347864
         5.4660157232       -1.3061048899        2.5496689351
         2.6859452324       -1.4561803714       -4.4893929760
         2.8419092201        5.0877308423       -4.9618965644
        -3.8530377763       -3.7748742161        6.3362309434
        -4.8046720216        7.1108488255        0.6758471481
        -1.7615351383       -0.8996894800        7.8218290505
         1.7251282027       -6.9449258565        0.0601298830
         5.9437406512        2.5053060384        2.9479912058
        -0.1064388884       -3.8761660097       -3.8057163088
        -6.2020954885        3.6250665815        0.5337611672
        -3.5964310437        1.1979925540        0.7250349691
        -2.0535411787       -7.0256874698        5.3088803482
        -7.0568230868       -0.2070877051        0.6256142095
        -5.4610932257        1.3052626442       -2.5474304246
         5.0310939722       -1.8841710714       -7.2695247175
         6.3687701953       -3.0050630155       -0.7981667820
        -0.6248200057        5.2698616706        5.5153955040
        -3.1350256198        2.4718950627        6.5294357305
        -1.4592128354        7.5308375574        2.4963484367
         4.6433928663        6.1406074049        2.1186935248
        -3.5360252713        2.7358346909       -5.6549794938
         1.1152341259        4.8666737989        2.1410397109
        -0.8596969730       -0.2696205608       -4.9482687116
         1.0170270664        5.0883069292       -1.6110963554
         2.0481754911       -2.7227979151        1.8311460990
        -1.5682003441       -3.1275690607       -7.1804605511
         1.4621797470        8.2478694503       -3.4090123212
        -4.4239228214       -1.0127136957       -5.4543759754
        -2.2200525074        0.4230082362       -8.3084165338
        -5.5214126055       -0.3954618894        7.1475571963
        -1.3192009373       -7.1744031345       -2.3186048812
         1.7400345354        8.1261693197        0.4340195681
        -4.8858861659       -5.6130657194        3.1112458399
        -6.5497175319       -2.2135542785        3.9912059786
        -1.0958046104        5.5036243995       -4.5102903978
         3.1461500384        4.0833829105        5.0220368622
        -5.8967718986        1.5849809946        3.7969909896
        -4.3366179490        4.9990849775       -2.5469752629
         4.4620522410        6.4914525060       -1.7474547750
         5.1582973886       -4.2738473478       -4.3373551434
        -6.3262902794       -2.5230816999       -2.3681246677
