         1.0749275633       -4.2664720559       -5.7099608069
        -7.3709335755       -3.9221340410        3.0060768090
         1.8408591021       -0.7837364389       -5.0390898095
         7.4048573002        1.4063287515        2.2365324462
        -4.9925413400       -0.9276230098       -2.2505488621
         6.2001170977       -2.2220998887        2.9805058425
        -1.8806793599        5.6675078450       -2.6583386922
         3.7811545033        0.3550119901        3.7980379108
        -5.2008754080       -1.9626470119        5.3145718175
         4.3473353963       -2.3480429024        6.3526358763
        -3.8604567558       -7.3152224191       -2.8139012985
         2.9010946558       -2.4197495800        1.0496635470
         4.2887912516       -1.9582643754       -2.3170574290
        -1.8574536365        2.8682430404        3.1248014971
         5.5073048551       -4.7683873524        0.1792158165
         0.7768994450       -3.2275201137       -2.0439891691
        -6.7465871146        3.8014372367        1.9190171862
        -4.2726204292        4.8780771265       -5.3439191205
         2.6350716268        3.8640004798       -1.0425299996
        -0.7630753660        3.0345233300       -0.2751850657
         3.6779382140       -5.0409965652        3.6078164071
        -1.9968990635        3.8401098480        6.6452143407
         0.6791933848        0.2646050199        1.8793023675
        -0.7764316166       -3.4356133141        1.4578043820
         5.3938537384        5.1585066224       -3.0823273714
        -7.2306134026       -0.0688277851        2.5092380788
        -4.5783269610       -2.2097170714        1.2597653007
        -2.2788857509       -0.7808726807        3.6155769496
        -1.5882272698       -1.1140859193       -4.0224698408
        -0.1712126691       -6.6063509788       -2.9237798331
        -5.6126294679       -5.6455391274        0.1171900559
        -1.2830133644       -1.7508805632       -7.5348259236
         4.4167724714        0.9038530530        0.3076686442
         1.8151635183        4.5151399497        6.1607542368
        -4.4186360317        5.5148645530        4.3735821993
        -4.8260279611       -1.5142961386       -5.8884116621
         1.7168865456       -5.0183393999        6.9446485791
        -0.6329040290        4.9852231039       -6.3718375603
        -8.2527536532       -1.2479084463       -3.9843357625
        -6.0632288535       -4.2887585221       -3.4624241199
        -2.6316131798       -4.5728996544       -5.2382318982
         0.8508142974        1.5439823641       -7.6458023857
         7.3828178020       -1.3799800113       -0.4734684541
        -1.8100182562       -0.6007813323       -0.4804651945
        -4.2743711360        1.5998603483        0.7280203064
         1.8154915560       -5.9804091267        0.3587393398
         5.5904000662        4.5214236395        0.9617723161
        -3.2686312665        5.5106059496        0.8824907391
         3.6648309283        1.3356175250        7.3884855917
        -4.9084962726        1.8071361101        4.7803867455
         1.9235614264        3.4903044921        2.5120309338
         0.3543736674        2.1652989848        8.9821314187
         0.3972688446        2.6144288789       -3.9756189421
        -7.8623917500       -2.5411916022       -0.4661356027
        -2.7103687391        1.6421831012       -6.4785387578
        -7.6265461150        1.2842274841       -1.0193164423
         3.8601429420        7.4721791434       -0.5511255911
        -1.7583463477       -3.5038998294        6.2271388772
         3.1513582099        4.0642009547       -6.0579850360
         7.3397117236        2.2549457082       -1.5382531958
         0.4897850791        1.1952395217        5.4091142981
         0.3853228880        6.5294624198        0.3008803725
        -3.0348314179        2.1218829459       -2.8913810767
         0.9873646912       -1.4375580704        8.0039564437
        -0.0224339778       -6.0943625109        3.7931397217
         2.3130352958       -1.9231034913       -8.5350097631
        -2.5075217794        0.0998034474        7.2584403940
        -5.6136021238        4.3814693807       -1.7658032460
         6.9265283475        0.3680569465        5.7742228693
        -1.9349596116       -6.8658222419        0.5031015568
        -6.2421979649        1.8093017950       -4.6222364060
        -3.6793377765       -5.0057954088        3.3856472923
         1.4427716799        0.2623814619       -1.5777470741
         4.2372537913        1.6545810249       -3.4886955312
        -0.6454160819        6.1900188894        3.8538871669
         4.6424223275        0.6456185307       -7.0176158936
         5.1494600070        3.6265889243        4.5793723567
         1.6740133574        6.3393106371       -3.4946404837
         7.1651650860       -4.1367082788       -3.1439671094
         7.1330769702       -0.4916953604       -4.2514405673
         3.1649420182        6.7251840482        3.1260678187
         3.5575662623       -5.5182101398       -3.0597533006
         1.1888116730       -2.4027324311        4.3802033602
        -2.7938981479       -3.9674627788       -1.6454142525
         4.7334834169       -3.0460286382       -5.8452716788
