        -0.9973802412        4.1259374969        6.3363436871
       -3.2841972353       -7.5767715856        3.7064326747
        7.2553926652        2.8904245146        2.5509410103
        2.6088287241        3.2140633548        6.9288307603
       -6.4259499493       -3.2891654703       -4.2023294500
        2.9257726511       -2.8075337974       -6.1145723694
       -3.5936254542        1.6398388550        7.6444362446
       -6.2805738247        3.1174332061       -2.1601852644
       -0.8735647432       -2.6037441687       -6.9233314598
       -1.8577097806        7.3774270719       -0.5384103644
        0.0084120630        0.7262385984        8.1506004327
       -2.2923125038       -4.6251682270        1.5932056230
       -4.1666625664        3.3390204900        4.2559164673
       -1.4848307609        5.8133096234        2.9352828565
       -4.4257908918       -3.9913310412        4.4672980311
        1.3133751404       -2.8599245856        7.3428164866
       -5.1453756682       -6.4034451045       -2.3846690975
        0.7358494704       -0.0778052447        1.8297324754
        1.1494025601        3.1616430114        3.4030924980
        6.6304953307        0.5904948757       -0.5504803238
        3.1326767024       -1.0137406679       -0.8714923352
        4.0856645434        1.2719407486        2.1418857912
       -3.8884267690        3.7238623363       -5.2382384412
       -1.4648724621        0.8080410357        4.7206052690
       -1.3003331886       -1.6182694573       -0.6026516919
        6.9771462047       -1.0062627473        2.9110578733
        1.8289792270        6.8899201178       -6.0652449304
       -2.5963395837       -7.9391177698        0.0208705774
        1.8766045214        6.3520740585        4.8612832656
       -3.2532356843       -1.1169310380        2.2478015165
       -1.7159239927       -4.9143201910       -2.1095446589
       -5.5973368881        0.4363535859       -4.8943374146
        5.0338141345        0.1524826427       -6.9769683666
        1.1595249565        0.4751309442       -7.4064772046
       -1.5684430391        6.6857337204       -4.4498018323
       -3.2932353408       -5.3052997582       -5.5479191736
       -1.9285961210       -8.2578434082       -3.6642843552
        4.7029822000        7.6447381914       -0.5051433195
        6.1168176909        2.2452268046       -3.9636965525
       -3.7316434289        0.6911399810       -1.5750760728
        6.3301547136       -4.7468510603        3.3818903456
       -2.7354554168        0.8312615557       -7.6140099916
       -2.0708890187        2.3351401320        1.3635869024
        5.5859830874       -1.5726702806       -3.5981206117
        0.3403088791        1.4170883005       -1.3309763694
        5.4163208698        4.9487833513        5.1950229690
       -1.1902238515        1.1239018907       -4.4549736257
       -4.6019168587        4.9839991808        0.7778720809
        1.0930866137        4.1386334929       -3.6561737420
       -7.2786667568       -0.5584866769       -1.5620328404
       -1.0492827196       -5.5413880008        5.8599426001
       -5.8594758532        1.4216558128        1.4056601691
        6.0212364031       -3.2176488700       -0.1200759806
        4.9623562336       -2.4619926140        6.0227408094
        3.8185042250       -6.1814881321        1.0191184140
        0.9842050287       -7.2750002178       -1.3551900372
        4.0021552922        4.9807013761        1.8548340333
       -2.9978949157       -1.9585189480       -4.0449998398
        5.6560769141        1.2529331532        5.6199520988
        0.2979791812       -7.0314274745        2.4383044588
       -4.6594924048       -3.0199153158       -0.8451984848
        3.3855012757        3.4975028941       -6.5776615631
       -0.4758568157        3.9022198748       -6.9546604177
        4.4978599560        5.6302451199       -3.6351747274
        2.1991212561       -0.0414654373        5.1819763468
        0.6468410119       -2.1267398061       -3.4557591311
       -5.7290542415       -5.9229833841        1.3664604587
        3.3708599596       -4.5187503607       -2.5590313897
        3.6713458209        2.8378013366       -1.1688752345
        1.4541565784        7.9486532606        1.4855755551
       -8.1335227231       -4.2645124669       -0.9990923012
       -5.3878399327       -0.2565221023        4.9735052069
        3.5549381975       -2.4225802938        2.5644538552
       -4.6733965311       -2.3264924337       -7.3944492048
        0.5381469875       -5.5891864318       -4.9195760852
        6.8329459000        4.4870028567       -0.8247673113
       -0.1531174912       -2.7956979464        3.8323917862
       -4.8899666679        6.5391718866       -2.7144224040
       -2.3039950527        3.9793846421       -1.9846925799
        2.6713353892       -5.2385396782        4.6741685750
       -6.8326075329       -2.2443009770        2.0023531040
        2.7158162113        0.7487633622       -4.1408441490
        1.4506118763        7.5913762684       -2.3262955035
        1.1252472819       -3.9348099515        0.3671181179
        0.7350843342        4.7275048088        0.0923319743
       -2.3766162572       -1.9898077262        6.8424069538
        3.6657128961       -0.0517489729        8.6118078477
