         2.2729262187        2.4839233185        7.3486215860
        -1.5384965376        3.8275578431       -2.0591161631
         0.2296931164       -4.1920588421        3.0348407684
        -7.2039043611       -5.1852622298       -1.8003424892
        -3.6761728797       -6.5261033446       -1.2861726316
         1.2827885918       -2.0911011693       -8.9495325438
         0.0092092237       -7.6022441790       -0.6047749209
         0.5595913666       -0.7709114643       -5.5436877771
         5.3373617005        3.7437838785        5.2100627644
        -3.1865932781       -2.8587497142        3.1304291911
        -1.2756542094        9.0213758233        1.1390026457
         6.5988481244        3.6120083922        1.6190894021
        -4.5412885018       -2.9052591860       -0.6326763099
         2.1479285696        3.8046843215       -1.3616920151
        -2.6404011929        7.2339750272       -1.9006717571
        -1.6997797972        0.1543254432       -8.3637662636
        -2.0071639026       -0.6540443524        0.6978961036
        -3.9855232862        4.3214067523        4.7176553345
         5.8892923072       -3.0458362023        5.5729537192
         1.4503619482       -7.6129662869        2.9348650417
        -0.1493432820        6.2646815771       -4.6706819345
        -1.1220711817        3.8972045706       -7.5609900070
         2.8294356996       -6.5394866468       -3.0313353747
        -0.8848171935       -6.8177616030        5.7219624550
        -4.5919392097       -1.0510206452       -6.1228324577
         0.4945109729        1.8993214178        1.1677737427
        -0.8669545726       -5.6258815330       -3.8005848734
        -1.0718272914       -4.0796179888       -0.3660447614
         1.4825988616       -1.4717465181        0.3805940272
        -1.2331018285        6.8471254184        4.3187803756
         2.0145231324       -4.4295479104       -6.1338765725
        -2.1743175828       -2.0610009722       -3.3215038306
         2.5408942387       -4.9768136868        0.3017097975
        -2.3627974581        1.5558810569       -4.9280299287
        -5.4843769282       -0.0121109009        1.6781788764
        -3.0726678131        2.8737053399        1.2257964120
        -6.7919214913       -2.5043965706        4.0867878063
         4.0639452374       -1.1057697966       -6.4466111433
        -4.1042596146        0.7858488506       -1.8145837798
         2.5318417837       -5.0496996256        5.6823743483
         2.9832684415        4.3108995894        2.3633170743
        -4.0302157381        6.4375378526        1.5607935992
        -3.0514136049        0.8273509964        4.2561635011
         0.0845336546       -0.7480922249        3.8195556621
        -6.5838860472        3.5677805288        2.0284279516
        -4.6212816952        2.4740166121       -7.7409156206
         1.2150261750        7.5197844213       -1.4044842151
         1.6560658433       -2.9750598345       -2.8544200680
         2.0991064783        5.7923703773        5.6409948647
        -6.8080771706       -1.5785760332       -3.1442184643
        -8.0694005100       -2.2895497191        0.4519784347
        -6.2648947511        2.0496379241       -4.4192393661
         5.2192633220       -3.7475039723       -4.0534687657
         4.8670792104       -2.1408601554       -0.8152319381
        -0.8617420478        0.4956656410        7.2468395626
         6.0056810851       -5.7037259891       -0.8139383160
         4.0874628169        1.1472271505        0.5972397071
         2.0873599973        7.8542437853        2.3708743297
        -3.7442022542        4.9733785357       -4.9071673290
         7.1750559045       -3.0661180212        1.8452111234
        -5.8373506998       -5.2977729439        1.7921706773
        -5.2688366665        4.3708519696       -1.4722516991
        -4.1450020334        2.1317095529        7.7320846608
         3.7072200542       -8.4990104050        0.1235381572
         6.7670436368       -0.1769297893       -3.8623129988
         4.7275590501        2.5934426624       -5.7197448090
        -4.5587556618       -4.5047327897       -4.4070761931
        -4.3249747669       -5.2516805152        5.4457623078
         4.9255826576       -5.9151591450        2.9083498818
         2.3780966317       -1.4780626308        6.6944311768
         8.3303411964       -2.9619897263       -1.8568193595
         6.5626881917        0.2652986221        3.4701368640
        -6.5949763612        1.2223372795        5.0275405790
         3.6677450824        5.8622309116       -3.9113205011
        -1.1369890687        4.4540534858        7.4742984438
         5.5050580401        0.4585257860        7.0372943373
        -0.1111741944        0.5746315995       -2.1385281769
         3.0772164265        1.1068797700        4.1007977168
         2.4179142248        5.2257864477       -7.3738190425
         5.8005128612        3.1648260505       -2.1049328912
         3.6018139835       -2.3584648381        3.0022145684
        -0.2042699997        3.1436724582        4.3469668191
         3.3324815004        0.3808041886       -2.9936272119
        -1.6672678381       -3.4181223991       -6.8099976881
         1.1792310726        2.8840102737       -4.7589323575
        -1.0049070129       -3.2121888644        6.4165168321
        -7.6840096337        1.3729086054       -0.9225374486
        -4.3054434903       -1.5348657051        6.6897526633
         7.6216245806        0.3452837805       -0.1693647261
        -0.4313631961        5.4221035696        1.0626171430
        -2.3652496582       -6.6424560576        2.2801666245
         1.8967021261        1.5657940439       -8.1792765011
         4.6265721562        6.3484596249       -0.2222764394
