        -3.7714123140       -8.3671604583       -1.4864374602
         4.3879903705        0.4963609242       -2.1577113910
        -5.8902759743        7.1724787912       -3.4249580187
        -6.3634379736        2.2204929744        4.7829401639
         2.5897488973       -7.8151223095       -0.1297176720
        -5.3067187903        3.7585468727       -5.1190507304
        -1.6467820902       -2.4781215365       -3.1969362667
        -0.2457627948        3.2721708270        7.1154387159
         2.3257781676        2.1541676731       -4.6685373200
        -2.5171927207       -2.9223639039       -6.7538053259
        -2.1527453138        3.3873536981       -7.0447154426
        -6.1320950176        1.3548722036       -0.5795709894
        -8.2188810501        3.5654503916        1.5751103716
        -2.4585851139        1.5213631504       -0.0964067790
         6.3574544398        2.3657115950       -4.5095409298
        -5.3612921781       -5.3426036686        5.2193603891
         4.0707072161        5.3378655015       -3.7271116946
         5.5879410704        4.7903927152        2.8164168247
        -3.2716685579       -3.4716375286        2.8208767740
         7.5036584949       -4.6694161134        1.9800809502
         0.6735550168        6.6750641774       -2.4678662352
        -1.4122029475        2.8594072226        3.5732054444
         0.4369315066       -4.8979327720       -5.3170194328
        -1.7125410631       -6.3198961937        4.5551582301
         4.2423492269       -0.0207221811       -6.8703662292
        -2.7854430750        7.7234963397       -1.1555694546
         5.9300057891       -1.5599598793        0.5548320203
        -0.9226605163       -7.8998501773        1.1550904735
        -0.1751462908        6.2829212923        4.7417366781
         2.9750916954       -1.7266144863        3.2639532637
        -2.5666936127       -3.0118910283        6.4565951094
         4.7246055857       -4.7223821853        4.7323151747
         4.1697980673       -3.8860818556       -6.1551313287
         2.0923934252       -1.7086380578       -4.2024647284
         4.2776282705        1.4604877394        1.6728978253
         6.6874188925       -1.4387481600       -4.4652874333
         5.4330873930       -7.7940832493        2.4725134168
         1.0885882932       -4.5995988875       -1.6238914234
         6.0198617313        3.6365934434       -0.8366381794
        -1.1501639083       -1.7727410821        0.3816412985
         3.8796532850       -4.6891764079        1.1560007840
         0.2740713691       -0.5819531705        7.4861936260
        -3.1494150747        6.9796914401        2.5812264758
        -3.5717440399        4.6985319868        5.7595584120
         8.2604877117       -3.4392698898       -1.6055344775
         8.1193056490        0.5079302088       -1.5454429727
        -0.9006117451        0.2341737199       -5.6709307937
         0.3876316530       -4.4339859856        2.0806931025
        -6.6162232395        5.9965767958        4.0105095166
         1.1013054981       -3.9278690270        5.7121256896
        -4.0837769629        0.0687143736        2.6699880245
        -7.8545322094        4.1497282196       -2.2326350102
        -8.0364082329       -1.8828760100       -1.2822827998
        -2.4765111846        6.5087569239       -4.7954812802
         0.9724893840        5.2813946840       -6.0670054220
        -5.9738291208       -5.2107921424       -1.4671319722
        -4.5422217930       -1.9019242966       -0.5225789598
         1.9487220302       -7.2097545662        3.7024769060
        -0.6848001917       -1.0378805351        3.9435936744
         3.2390419680        7.7327049606        3.5610151656
         3.7152993737        6.6349553068       -0.0821084988
         3.1742125898        4.7865395753        5.9171632087
         3.1209511139        1.8572018750        8.2958893585
         1.1385505972       -2.0213963646       -7.7632746787
        -1.0637832269        3.5081174096       -3.4455375253
        -7.3102232432        0.7369623739       -4.0307479353
         0.7834709318        1.1819147160        1.3813880239
        -2.3813286138       -5.0668288478       -0.5997164003
        -6.7933359422       -3.7338860970        1.9572037795
        -5.9403531672       -1.6397830550        5.2250714177
         9.5395970512       -1.5299761806        1.4106033157
        -3.1911749538       -5.7075107988       -4.1800060579
         5.5555803993        1.8335266564        5.2578192021
        -0.2765102553       -7.7436175152       -2.7125304860
         2.2181158912        3.4244237789       -1.1599397490
         4.2977597748        3.8455319559       -7.2795193294
         2.3470920203       -1.6188980048       -0.2132828689
         0.3176584991        7.9320214171        1.2040432857
         0.2347594938        0.4999991150       -2.1901908888
        -5.3427329912       -2.5057104429       -4.1448238181
        -3.6517022054        0.7613710351       -3.3231693382
         3.9457275443       -1.4563514755        6.7201406081
        -4.1442388426        4.3575808089       -1.7497890812
        -3.0978299638        0.8244496446        6.2402708396
        -4.5557362035        0.3317700598       -6.7746855611
         7.8168106501        1.7173424299        2.1010699119
        -7.8314040242       -0.1853934806        2.2350654309
         6.7304656131       -1.5157823206        4.0757598369
         1.1884045339        1.8969522875       -8.1995772375
        -4.5522465708       -6.8433216981        1.8607280044
         4.6183374794       -3.5702270155       -2.3791179437
         3.3320881661       -6.7603190316       -3.7085496116
         1.9438484928        4.4744777687        2.4038334554
        -1.0274115943        4.7252841874        0.2964551701
         1.9670139124        1.4270439255        4.8162428899
        -4.5482629674        3.7079614380        1.9568726194
         6.1676392877       -6.6462407245       -1.0705115111
        -6.2506356508        6.6274621880        0.2956718150
